x,y,p,m,f,ta
40,125,4,1,3,0
40,126,72,37,35,3520.8
41,115,14,8,6,747.6
41,123,11,5,6,634.7
41,125,33,16,17,1402.5
41,126,238,121,117,11257.4
41,127,1,1,0,0
42,101,1,0,1,0
42,104,2,1,1,0
42,105,13,5,8,421.2
42,123,39,22,17,1774.5
42,125,126,58,68,4901.4
42,126,45,17,28,1404
43,101,38,20,18,1770.8
43,102,5,3,2,332
43,103,7,4,3,443.1
43,104,26,14,12,1027
43,105,65,33,32,2996.5
43,106,4,1,3,0
43,107,15,5,10,639
43,108,113,57,56,4723.4
43,109,34,20,14,1502.8
43,110,63,33,30,3074.4
43,111,49,25,24,2317.7
43,112,140,75,65,6496
44,100,11,11,0,389.4
44,101,24,13,11,1149.6
44,103,144,77,67,4752
44,104,112,51,61,4356.8
44,105,2,1,1,0
44,106,2,1,1,0
44,107,34,13,21,1666
44,108,28,14,14,985.6
44,109,4,2,2,0
44,110,12,6,6,644.4
44,112,23,14,9,1331.7
45,2,2,1,1,0
45,22,2,1,1,0
45,72,1,1,0,0
45,96,62,37,25,2697
45,97,201,105,96,7698.3
45,98,36,16,20,1530
45,100,170,80,90,5644
45,101,139,64,75,5295.9
45,102,10,5,5,667
45,103,7,5,2,233.8
45,104,107,55,52,4087.4
45,105,80,44,36,3144
45,106,2,1,1,0
45,107,20,8,12,658
45,110,8,4,4,502.4
46,6,24,14,10,1128
46,7,6,3,3,237
46,10,52,32,20,2532.4
46,11,53,24,29,2040.5
46,12,122,63,59,4745.8
46,13,45,21,24,1462.5
46,18,6,1,5,141
46,19,2,1,1,0
46,22,5,3,2,334
46,24,1,1,0,0
46,25,10,6,4,570
46,66,259,135,124,10567.2
46,67,19,13,6,368.6
46,73,49,26,23,1558.2
46,77,41,19,22,1545.7
46,87,75,38,37,2475
46,88,17,8,9,688.5
46,94,66,38,28,2481.6
46,95,96,47,49,4156.8
46,97,204,109,95,8690.4
46,98,26,12,14,998.4
46,101,4,3,1,0
46,102,5,3,2,197
47,0,22,11,11,983.4
47,6,15,10,5,346.5
47,7,7,6,1,240.8
47,11,93,46,47,2790
47,12,93,44,49,4222.2
47,13,213,117,96,7369.8
47,14,101,57,44,3888.5
47,16,22,13,9,915.2
47,21,6,2,4,225
47,22,16,8,8,582.4
47,23,7,5,2,324.8
47,24,18,7,11,734.4
47,25,34,16,18,1638.8
47,35,57,30,27,3043.8
47,56,1,1,0,0
47,61,39,22,17,2016.3
47,65,81,41,40,3021.3
47,66,280,144,136,10416
47,67,21,13,8,825.3
47,71,6,3,3,186
47,72,55,26,29,2260.5
47,73,77,40,37,3080
47,74,27,15,12,931.5
47,76,51,26,25,1412.7
47,77,120,59,61,4524
47,87,32,16,16,1184
47,88,23,14,9,1140.8
47,93,281,142,139,9301.1
47,94,327,170,157,10627.5
47,95,222,112,110,10234.2
47,96,9,6,3,372.6
47,97,28,16,12,1061.2
47,127,19,11,8,1020.3
48,0,2,1,1,0
48,2,79,42,37,2646.5
48,3,35,18,17,1694
48,5,1,1,0,0
48,9,36,20,16,1123.2
48,10,91,48,43,2884.7
48,11,79,42,37,2488.5
48,12,10,4,6,244
48,13,169,94,75,5103.8
48,14,88,44,44,3687.2
48,16,16,11,5,854.4
48,17,11,7,4,510.4
48,20,5,1,4,302
48,21,7,4,3,294
48,24,19,12,7,763.8
48,35,14,8,6,614.6
48,36,62,30,32,2343.6
48,37,22,11,11,880
48,38,29,13,16,1516.7
48,50,28,14,14,1145.2
48,55,26,13,13,1125.8
48,56,2,1,1,0
48,60,65,30,35,2795
48,61,12,7,5,440.4
48,65,18,10,8,563.4
48,71,28,15,13,1050
48,72,36,23,13,1404
48,74,111,54,57,3141.3
48,75,172,88,84,5985.6
48,76,145,81,64,5147.5
48,77,112,55,57,3819.2
48,78,26,12,14,959.4
48,80,1,0,1,0
48,82,29,14,15,1252.8
48,83,12,6,6,375.6
48,84,153,74,79,5355
48,85,29,15,14,1125.2
48,87,4,2,2,0
48,90,158,80,78,5451
48,91,231,110,121,8292.9
48,92,328,173,155,11808
48,93,233,108,125,7409.4
48,94,14,8,6,362.6
49,3,43,18,25,1728.6
49,5,3,2,1,0
49,9,117,60,57,4188.6
49,10,353,179,174,13025.7
49,11,73,36,37,2766.7
49,12,234,114,120,8073
49,13,407,201,206,14814.8
49,14,491,268,223,17086.8
49,15,67,31,36,2083.7
49,18,43,22,21,1019.1
49,19,12,4,8,408
49,20,4,3,1,0
49,36,1,1,0,0
49,41,11,8,3,580.8
49,43,2,0,2,0
49,44,17,10,7,525.3
49,50,5,2,3,359
49,51,5,3,2,272
49,55,5,3,2,307
49,56,77,40,37,2987.6
49,57,83,43,40,2631.1
49,58,28,12,16,1366.4
49,59,119,62,57,3962.7
49,60,305,149,156,10797
49,61,8,3,5,492.8
49,62,55,28,27,2018.5
49,64,12,7,5,614.4
49,68,3,1,2,0
49,72,194,94,100,6440.8
49,73,326,159,167,11833.8
49,74,34,19,15,1152.6
49,75,119,60,59,4081.7
49,76,60,33,27,2352
49,77,38,20,18,1713.8
49,78,139,71,68,4767.7
49,79,101,57,44,3939
49,80,244,126,118,8808.4
49,81,68,38,30,1999.2
49,82,534,254,280,15112.2
49,83,226,123,103,8881.8
49,84,93,46,47,3357.3
49,85,262,133,129,9563
49,86,172,90,82,6295.2
49,87,251,121,130,8709.7
49,88,101,51,50,3615.8
49,89,307,157,150,10345.9
49,90,122,64,58,3794.2
49,91,1,1,0,0
49,92,2,1,1,0
49,116,63,30,33,2450.7
49,117,7,3,4,352.8
49,120,1,1,0,0
49,124,5,3,2,283
49,125,36,21,15,1821.6
49,126,41,21,20,1590.8
50,6,16,8,8,622.4
50,7,7,5,2,312.2
50,8,14,7,7,226.8
50,9,14,8,6,791
50,10,100,49,51,3530
50,11,23,11,12,802.7
50,12,34,19,15,1016.6
50,13,744,349,395,31768.8
50,14,263,129,134,9178.7
50,15,7,3,4,350
50,21,153,85,68,5798.7
50,22,30,12,18,1578
50,36,93,47,46,3701.4
50,43,17,7,10,790.5
50,44,24,14,10,907.2
50,50,45,23,22,1683
50,51,87,46,41,4141.2
50,52,4,2,2,0
50,55,13,7,6,695.5
50,56,3,1,2,0
50,58,33,14,19,1336.5
50,59,115,55,60,4301
50,61,34,15,19,1363.4
50,62,148,79,69,5061.6
50,63,43,24,19,1281.4
50,64,212,109,103,5427.2
50,67,8,5,3,239.2
50,68,121,59,62,4658.5
50,69,74,37,37,3019.2
50,70,145,81,64,6177
50,71,62,26,36,2845.8
50,72,42,23,19,1713.6
50,73,475,242,233,14155
50,80,14,5,9,415.8
50,81,229,119,110,6503.6
50,82,522,239,283,20514.6
50,84,425,206,219,13770
50,85,17,9,8,664.7
50,100,60,30,30,2088
50,101,20,10,10,974
50,115,7,5,2,245
50,116,15,9,6,757.5
50,117,2,1,1,0
50,120,2,1,1,0
50,122,62,32,30,2690.8
50,123,7,4,3,314.3
50,125,9,6,3,260.1
50,126,23,14,9,738.3
50,127,8,3,5,274.4
51,4,68,35,33,2944.4
51,5,24,11,13,1060.8
51,6,62,29,33,2436.6
51,7,4,2,2,0
51,8,5,3,2,306
51,9,39,23,16,1400.1
51,10,13,7,6,478.4
51,13,157,81,76,4788.5
51,14,41,26,15,1320.2
51,15,1,1,0,0
51,24,2,1,1,0
51,36,85,45,40,3085.5
51,37,74,40,34,2997
51,39,2,1,1,0
51,51,13,6,7,322.4
51,56,2,1,1,0
51,57,2,0,2,0
51,59,273,150,123,9964.5
51,60,165,81,84,5841
51,61,57,28,29,2644.8
51,62,66,35,31,2620.2
51,63,33,15,18,1907.4
51,64,74,39,35,3670.4
51,65,438,226,212,14278.8
51,66,166,79,87,4050.4
51,67,85,35,50,2975
51,68,3,1,2,0
51,69,38,19,19,1162.8
51,70,23,12,11,779.7
51,71,108,54,54,3715.2
51,72,30,13,17,969
51,73,143,76,67,5634.2
51,78,80,46,34,3232
51,81,182,93,89,6097
51,82,437,216,221,13940.3
51,84,62,32,30,2095.6
51,85,1,0,1,0
51,96,21,9,12,869.4
51,97,7,5,2,249.2
51,98,76,39,37,3488.4
51,99,184,99,85,7544
51,100,24,13,11,1593.6
51,104,17,7,10,887.4
51,112,3,1,2,0
51,113,15,8,7,508.5
51,114,87,45,42,3723.6
51,115,279,130,149,10016.1
51,116,43,25,18,1952.2
51,117,56,24,32,2632
51,118,53,28,25,2411.5
51,119,9,5,4,549
51,121,32,20,12,1398.4
51,122,130,70,60,5512
51,123,187,90,97,6189.7
51,125,5,2,3,136
52,2,1,1,0,0
52,4,18,8,10,835.2
52,5,12,4,8,585.6
52,6,212,99,113,6381.2
52,7,198,105,93,8137.8
52,9,39,19,20,1232.4
52,10,13,6,7,482.3
52,13,44,23,21,1614.8
52,14,7,2,5,182.7
52,18,7,5,2,406
52,19,17,10,7,651.1
52,36,32,15,17,1619.2
52,37,75,38,37,3232.5
52,56,113,51,62,3683.8
52,57,257,146,111,9149.2
52,58,165,92,73,4273.5
52,59,6,3,3,252
52,65,2,1,1,0
52,66,251,119,132,10190.6
52,67,131,65,66,4231.3
52,68,58,30,28,2354.8
52,69,6,3,3,379.8
52,71,2,1,1,0
52,73,134,61,73,4810.6
52,75,21,11,10,850.5
52,76,75,39,36,2317.5
52,77,2,1,1,0
52,78,48,24,24,1526.4
52,79,107,57,50,3755.7
52,80,428,223,205,13781.6
52,81,23,12,11,533.6
52,95,23,12,11,880.9
52,96,211,104,107,7216.2
52,103,13,8,5,585
52,104,14,7,7,785.4
52,108,33,15,18,1296.9
52,109,32,15,17,1120
52,112,108,57,51,3866.4
52,113,27,16,11,1107
52,114,46,25,21,1485.8
52,115,67,44,23,2177.5
52,116,23,13,10,1207.5
52,121,17,9,8,632.4
52,122,65,36,29,2840.5
52,123,47,24,23,1626.2
52,124,372,191,181,14024.4
52,125,28,14,14,1439.2
52,126,21,10,11,879.9
52,127,69,37,32,2960.1
53,1,2,1,1,0
53,2,7,5,2,356.3
53,7,2,1,1,0
53,8,7,3,4,273.7
53,9,37,20,17,1295
53,10,17,10,7,712.3
53,13,148,84,64,4972.8
53,14,9,5,4,331.2
53,15,1,0,1,0
53,16,2,1,1,0
53,17,2,1,1,0
53,18,11,7,4,341
53,19,27,15,12,1539
53,27,1,1,0,0
53,33,4,3,1,0
53,34,12,5,7,880.8
53,37,45,26,19,1890
53,47,8,3,5,376
53,48,63,31,32,2406.6
53,49,111,60,51,4917.3
53,50,7,3,4,174.3
53,51,1,1,0,0
53,56,11,7,4,287.1
53,57,114,56,58,3477
53,63,13,8,5,513.5
53,64,40,20,20,1584
53,65,123,66,57,4403.4
53,66,32,18,14,1094.4
53,67,197,102,95,6481.3
53,68,102,46,56,4080
53,69,30,15,15,1302
53,70,2,1,1,0
53,71,9,4,5,501.3
53,72,42,18,24,1642.2
53,73,343,180,163,11867.8
53,74,84,37,47,2528.4
53,76,247,133,114,8076.9
53,77,245,123,122,8526
53,78,348,172,176,10440
53,79,384,200,184,13248
53,80,189,93,96,5764.5
53,85,131,70,61,5240
53,94,83,47,36,3261.9
53,95,8,5,3,348
53,96,107,62,45,3819.9
53,97,15,8,7,649.5
53,98,3,1,2,0
53,103,64,36,28,2470.4
53,104,38,15,23,1478.2
53,108,2,1,1,0
53,110,92,45,47,3358
53,111,44,22,22,1980
53,112,6,3,3,361.2
53,114,22,12,10,792
53,121,10,4,6,290
53,122,58,28,30,2256.2
53,123,52,25,27,2475.2
53,124,137,54,83,7343.2
53,125,139,70,69,5754.6
53,126,37,18,19,1435.6
53,127,33,20,13,1310.1
54,5,8,4,4,342.4
54,7,37,19,18,1428.2
54,9,20,13,7,754
54,12,83,40,43,3187.2
54,13,100,49,51,2870
54,14,42,17,25,1264.2
54,15,434,222,212,14105
54,16,6,3,3,321
54,17,14,6,8,491.4
54,18,37,18,19,1609.5
54,33,24,12,12,1183.2
54,34,23,13,10,759
54,35,14,8,6,522.2
54,36,176,83,93,6723.2
54,37,223,108,115,8407.1
54,41,6,3,3,345
54,43,12,8,4,792
54,47,117,69,48,4024.8
54,48,87,42,45,2949.3
54,49,77,40,37,1848
54,51,8,5,3,280.8
54,56,81,40,41,2640.6
54,57,179,90,89,7195.8
54,58,10,5,5,399
54,59,16,9,7,617.6
54,60,38,19,19,1713.8
54,61,4,1,3,0
54,64,22,16,6,772.2
54,65,173,88,85,6331.8
54,66,38,17,21,1166.6
54,67,211,106,105,7068.5
54,68,23,12,11,761.3
54,74,10,5,5,308
54,75,399,195,204,13326.6
54,76,390,194,196,13923
54,80,6,5,1,334.8
54,85,86,49,37,3715.2
54,92,27,15,12,1080
54,93,93,49,44,3589.8
54,94,48,22,26,1972.8
54,95,147,72,75,4689.3
54,96,53,27,26,2204.8
54,98,16,8,8,681.6
54,99,127,68,59,4495.8
54,103,7,3,4,177.8
54,108,5,2,3,108
54,110,54,28,26,2392.2
54,111,7,4,3,457.8
54,112,47,23,24,1682.6
54,113,7,4,3,263.9
54,115,16,9,7,750.4
54,116,91,46,45,4377.1
54,117,23,13,10,979.8
54,118,13,8,5,653.9
54,120,36,23,13,1382.4
54,121,3,2,1,0
54,122,104,52,52,3983.2
54,124,8,5,3,335.2
54,125,19,9,10,927.2
54,126,14,8,6,695.8
55,5,25,12,13,955
55,12,87,49,38,2766.6
55,13,6,3,3,144
55,14,577,300,277,22676.1
55,15,194,103,91,7449.6
55,34,8,1,7,284
55,35,8,5,3,344
55,36,80,50,30,3008
55,37,50,26,24,1545
55,38,9,6,3,268.2
55,39,32,18,14,720
55,40,198,111,87,7405.2
55,41,36,22,14,907.2
55,43,17,9,8,649.4
55,44,17,10,7,630.7
55,47,121,62,59,3811.5
55,48,13,6,7,335.4
55,57,23,14,9,1028.1
55,58,115,64,51,4485
55,59,145,78,67,5292.5
55,60,295,162,133,11711.5
55,61,336,169,167,13708.8
55,62,28,19,9,996.8
55,68,19,9,10,518.7
55,69,134,70,64,4971.4
55,70,178,94,84,5553.6
55,73,119,67,52,4676.7
55,74,202,110,92,7817.4
55,75,428,213,215,15493.6
55,76,33,24,9,1283.7
55,77,33,20,13,1237.5
55,78,366,181,185,12224.4
55,85,100,50,50,4050
55,86,164,80,84,5789.2
55,88,133,69,64,5187
55,92,104,53,51,4368
55,94,31,19,12,1435.3
55,95,68,36,32,3121.2
55,96,10,6,4,276
55,97,21,10,11,672
55,98,155,73,82,4991
55,99,127,69,58,5397.5
55,100,81,43,38,3086.1
55,103,8,5,3,304
55,104,14,9,5,725.2
55,107,120,63,57,3768
55,108,22,12,10,594
55,109,39,16,23,1587.3
55,110,26,13,13,806
55,111,58,27,31,2296.8
55,112,20,10,10,836
55,113,4,3,1,0
55,115,67,34,33,2726.9
55,120,14,10,4,663.6
55,121,8,4,4,280.8
55,123,34,20,14,999.6
55,124,18,10,8,867.6
55,125,25,13,12,915
55,126,105,51,54,3990
55,127,8,5,3,310.4
56,6,55,27,28,2321
56,12,82,43,39,2665
56,13,9,5,4,315
56,19,3,2,1,0
56,26,2,1,1,0
56,36,11,7,4,465.3
56,37,37,16,21,1513.3
56,39,32,17,15,1238.4
56,40,13,7,6,507
56,41,10,6,4,690
56,43,7,4,3,291.9
56,44,61,33,28,1891
56,45,4,1,3,0
56,48,2,0,2,0
56,49,26,12,14,728
56,60,50,26,24,2040
56,61,2,1,1,0
56,62,4,3,1,0
56,70,115,59,56,3783.5
56,71,123,61,62,4329.6
56,72,126,66,60,4813.2
56,73,55,30,25,1925
56,74,18,11,7,525.6
56,75,680,349,331,25500
56,76,884,411,473,38719.2
56,77,1249,604,645,44589.3
56,78,664,355,309,22244
56,79,172,90,82,5400.8
56,80,99,54,45,3207.6
56,85,1,1,0,0
56,86,254,124,130,9271
56,87,231,112,119,7161
56,88,287,150,137,9356.2
56,91,51,24,27,1652.4
56,92,374,186,188,13987.6
56,93,233,118,115,7595.8
56,94,4,3,1,0
56,96,75,31,44,1875
56,97,11,6,5,525.8
56,98,74,39,35,2974.8
56,99,145,74,71,4857.5
56,100,24,11,13,828
56,103,24,14,10,876
56,104,5,3,2,153
56,106,5,2,3,331
56,107,327,150,177,16350
56,108,333,167,166,10289.7
56,109,6,3,3,78
56,110,58,29,29,2372.2
56,111,84,40,44,2746.8
56,112,6,3,3,313.2
56,114,42,24,18,1776.6
56,115,25,11,14,732.5
56,120,24,13,11,811.2
56,121,8,4,4,448
56,122,30,14,16,1344
56,123,1,0,1,0
56,124,3,2,1,0
56,125,33,16,17,1023
56,126,281,137,144,10481.3
56,127,60,31,29,2520
57,0,114,54,60,4183.8
57,1,59,26,33,2194.8
57,3,166,86,80,5212.4
57,4,49,22,27,1381.8
57,5,165,78,87,5379
57,6,28,14,14,1610
57,7,31,18,13,1075.7
57,8,22,12,10,893.2
57,9,46,27,19,1982.6
57,10,7,2,5,401.1
57,11,88,50,38,2956.8
57,12,261,138,123,10283.4
57,19,21,14,7,840
57,20,20,9,11,752
57,23,2,1,1,0
57,26,5,2,3,202
57,35,29,16,13,1165.8
57,36,128,64,64,4736
57,37,4,2,2,0
57,44,10,7,3,550
57,45,100,50,50,3350
57,46,454,234,220,15708.4
57,47,246,129,117,8290.2
57,48,19,8,11,754.3
57,61,9,3,6,315
57,62,16,9,7,995.2
57,68,6,4,2,222
57,69,160,78,82,5040
57,71,58,23,35,1931.4
57,72,2,1,1,0
57,73,43,23,20,2051.1
57,74,207,109,98,7514.1
57,75,743,383,360,26450.8
57,76,841,422,419,27584.8
57,77,7,3,4,189.7
57,79,61,33,28,2104.5
57,80,17,10,7,525.3
57,85,6,4,2,307.8
57,86,137,68,69,4973.1
57,87,203,104,99,5562.2
57,88,212,117,95,7059.6
57,89,3,2,1,0
57,91,6,4,2,262.2
57,92,54,23,31,2208.6
57,93,182,98,84,5205.2
57,94,46,19,27,1817
57,96,32,16,16,1299.2
57,97,41,16,25,1389.9
57,98,7,2,5,273.7
57,99,29,14,15,991.8
57,100,7,4,3,392
57,102,1,0,1,0
57,103,28,15,13,1232
57,104,4,3,1,0
57,106,28,19,9,952
57,107,193,95,98,8569.2
57,108,127,66,61,4940.3
57,110,7,4,3,303.8
57,112,30,16,14,1260
57,113,91,47,44,3849.3
57,114,16,9,7,620.8
57,115,72,47,25,2901.6
57,116,5,3,2,193
57,122,4,2,2,0
57,123,18,10,8,768.6
57,124,69,34,35,2587.5
57,125,63,29,34,2356.2
57,126,78,55,23,2925
57,127,35,16,19,1666
58,0,336,173,163,11625.6
58,1,318,168,150,12815.4
58,2,72,42,30,2268
58,3,59,33,26,2348.2
58,4,31,13,18,762.6
58,5,7,3,4,310.1
58,14,17,10,7,455.6
58,15,25,13,12,955
58,16,8,5,3,254.4
58,18,9,5,4,317.7
58,19,108,60,48,3877.2
58,20,16,9,7,448
58,21,1,1,0,0
58,22,18,8,10,662.4
58,23,11,5,6,614.9
58,24,43,20,23,1681.3
58,25,479,263,216,15615.4
58,26,51,29,22,1907.4
58,27,1,1,0,0
58,28,3,2,1,0
58,35,13,10,3,616.2
58,36,46,26,20,2024
58,37,9,4,5,237.6
58,40,11,5,6,345.4
58,41,11,4,7,500.5
58,42,59,31,28,2601.9
58,43,6,3,3,327
58,44,192,103,89,6892.8
58,45,420,215,205,14994
58,46,52,21,31,1565.2
58,47,61,31,30,1848.3
58,48,7,3,4,140
58,69,62,27,35,1785.6
58,70,74,38,36,2301.4
58,71,139,71,68,4809.4
58,72,244,114,130,7856.8
58,73,6,4,2,325.2
58,74,281,151,130,9469.7
58,75,288,138,150,10512
58,76,647,335,312,22645
58,77,226,125,101,8203.8
58,78,1166,613,553,43375.2
58,79,446,224,222,15743.8
58,81,127,72,55,4483.1
58,82,326,162,164,13170.4
58,83,527,271,256,17812.6
58,85,273,134,139,7316.4
58,86,944,466,478,27659.2
58,87,424,222,202,11320.8
58,88,81,41,40,3426.3
58,91,2,1,1,0
58,94,13,7,6,638.3
58,96,114,58,56,4012.8
58,98,5,4,1,114
58,104,18,13,5,761.4
58,105,22,14,8,1058.2
58,106,69,41,28,2808.3
58,107,21,13,8,1264.2
58,108,26,13,13,1222
58,109,22,11,11,930.6
58,110,26,15,11,1037.4
58,111,16,8,8,609.6
58,112,91,46,45,3731
58,113,35,18,17,1281
58,114,1,1,0,0
58,122,9,6,3,577.8
58,123,8,4,4,207.2
58,124,24,12,12,955.2
58,125,82,56,26,2689.6
58,127,23,23,0,851
59,0,74,31,43,2479
59,1,257,119,138,11385.1
59,2,11,5,6,332.2
59,3,12,5,7,320.4
59,4,12,4,8,471.6
59,10,13,8,5,591.5
59,11,16,5,11,480
59,14,152,77,75,4985.6
59,15,9,4,5,228.6
59,19,7,2,5,319.2
59,20,144,76,68,5673.6
59,21,87,40,47,3210.3
59,22,28,14,14,1050
59,23,11,6,5,492.8
59,24,22,11,11,844.8
59,25,199,89,110,8377.9
59,26,41,24,17,2427.2
59,30,19,10,9,908.2
59,37,69,31,38,2739.3
59,43,66,31,35,2719.2
59,44,76,35,41,2538.4
59,62,18,9,9,763.2
59,65,4,1,3,0
59,66,68,38,30,2713.2
59,67,73,45,28,2467.4
59,68,5,3,2,154
59,70,4,3,1,0
59,71,158,76,82,5561.6
59,72,40,21,19,1740
59,73,223,121,102,8251
59,74,299,147,152,11601.2
59,75,268,136,132,10103.6
59,76,871,417,454,25346.1
59,77,668,349,319,23580.4
59,79,650,336,314,21450
59,80,169,93,76,5678.4
59,81,847,439,408,29983.8
59,82,91,48,43,3894.8
59,83,315,162,153,10426.5
59,85,150,72,78,5625
59,86,394,185,209,15366
59,87,419,197,222,17262.8
59,88,5,3,2,118
59,90,75,39,36,2752.5
59,91,35,18,17,1172.5
59,92,54,27,27,1987.2
59,94,3,1,2,0
59,95,135,64,71,4630.5
59,96,76,43,33,2743.6
59,98,18,10,8,707.4
59,104,13,4,9,553.8
59,105,11,5,6,392.7
59,106,42,23,19,2058
59,107,14,7,7,478.8
59,108,48,23,25,1718.4
59,109,17,10,7,783.7
59,117,5,2,3,182
59,119,5,2,3,80
59,120,111,56,55,3663
59,121,11,6,5,551.1
59,123,66,30,36,2098.8
59,124,20,11,9,736
60,0,20,11,9,862
60,1,193,101,92,7256.8
60,3,5,3,2,123
60,9,281,136,145,9835
60,10,173,99,74,5622.5
60,11,74,39,35,3026.6
60,13,14,8,6,893.2
60,19,60,25,35,2100
60,20,52,33,19,1950
60,21,2,1,1,0
60,22,50,19,31,2015
60,23,103,47,56,4078.8
60,24,55,28,27,1996.5
60,25,160,78,82,6064
60,26,512,254,258,20326.4
60,27,4,2,2,0
60,29,14,5,9,667.8
60,30,57,31,26,2171.7
60,31,6,3,3,247.8
60,32,8,3,5,303.2
60,38,11,7,4,649
60,40,14,9,5,602
60,42,3,1,2,0
60,43,20,10,10,706
60,44,29,13,16,974.4
60,63,78,43,35,2964
60,65,217,106,111,7768.6
60,66,111,61,50,4650.9
60,67,57,36,21,2274.3
60,68,303,157,146,11968.5
60,69,6,3,3,256.2
60,70,110,63,47,4356
60,71,6,4,2,327
60,72,931,464,467,35005.6
60,73,1056,539,517,39283.2
60,74,292,155,137,9986.4
60,75,64,27,37,2144
60,76,540,275,265,17874
60,77,1690,857,833,57798
60,78,23,11,12,841.8
60,79,164,86,78,5559.6
60,80,896,465,431,28313.6
60,81,433,196,237,16757.1
60,82,99,51,48,4286.7
60,83,1236,626,610,35844
60,84,301,151,150,12371.1
60,85,547,275,272,18762.1
60,86,149,81,68,5393.8
60,87,73,40,33,2584.2
60,90,8,5,3,386.4
60,91,86,43,43,3603.4
60,92,8,4,4,228
60,94,252,125,127,7912.8
60,95,47,24,23,2096.2
60,96,47,19,28,1917.6
60,97,12,8,4,442.8
60,98,50,26,24,1700
60,101,55,29,26,1754.5
60,102,2,1,1,0
60,105,14,7,7,653.8
60,107,71,35,36,2321.7
60,108,31,18,13,1447.7
60,117,2,1,1,0
60,119,7,4,3,170.1
60,120,69,35,34,2642.7
60,121,32,16,16,1363.2
60,123,20,8,12,976
61,8,306,160,146,9180
61,9,451,238,213,17498.8
61,10,409,219,190,14315
61,12,3,1,2,0
61,19,12,3,9,387.6
61,20,5,4,1,201
61,23,4,2,2,0
61,25,28,14,14,826
61,26,65,33,32,3003
61,27,6,3,3,316.2
61,28,5,2,3,268
61,29,15,7,8,856.5
61,30,7,4,3,252
61,31,28,12,16,1164.8
61,40,18,9,9,633.6
61,41,6,3,3,430.8
61,62,65,34,31,2483
61,63,324,156,168,11566.8
61,64,945,473,472,32980.5
61,65,279,136,143,10546.2
61,66,116,63,53,4698
61,67,65,36,29,2899
61,70,262,142,120,8855.6
61,71,107,53,54,3926.9
61,72,125,67,58,4800
61,73,180,104,76,6282
61,74,515,261,254,20291
61,75,718,369,349,24842.8
61,76,147,73,74,6497.4
61,77,935,473,462,32164
61,78,1557,777,780,60723
61,79,89,42,47,3586.7
61,80,773,388,385,25972.8
61,81,254,127,127,7924.8
61,82,533,275,258,18868.2
61,83,460,238,222,14168
61,84,9,7,2,233.1
61,91,105,55,50,3979.5
61,94,487,251,236,13587.3
61,95,35,16,19,1473.5
61,96,96,46,50,3724.8
61,97,8,5,3,124.8
61,101,36,19,17,1742.4
61,102,1,0,1,0
61,103,4,2,2,0
61,104,7,3,4,317.8
61,105,29,13,16,1293.4
61,106,109,58,51,4011.2
61,107,68,37,31,2679.2
61,109,17,9,8,583.1
61,110,9,7,2,240.3
61,111,2,1,1,0
61,112,18,12,6,838.8
61,113,10,8,2,308
61,116,2,1,1,0
61,117,7,5,2,410.2
61,118,14,7,7,553
61,119,13,6,7,621.4
61,120,32,16,16,1312
61,122,12,6,6,558
61,123,34,18,16,1604.8
62,5,32,17,15,1401.6
62,6,5,3,2,345
62,8,246,123,123,8265.6
62,9,526,276,250,20724.4
62,10,827,402,425,27125.6
62,30,15,10,5,448.5
62,59,3,1,2,0
62,62,113,57,56,4587.8
62,63,404,208,196,15756
62,64,669,337,332,24150.9
62,65,418,198,220,14504.6
62,66,388,192,196,15520
62,67,317,172,145,12363
62,70,512,265,247,18790.4
62,71,60,32,28,1998
62,72,507,254,253,18860.4
62,73,860,419,441,33540
62,74,2003,1001,1002,73710.4
62,75,2913,1382,1531,112441.8
62,76,2152,1048,1104,86725.6
62,77,2737,1326,1411,106743
62,78,2933,1455,1478,112040.6
62,79,282,148,134,13197.6
62,80,644,324,320,24536.4
62,81,1623,827,796,64920
62,82,580,278,302,23896
62,84,61,32,29,2769.4
62,85,836,435,401,28758.4
62,86,8,5,3,196
62,87,15,8,7,714
62,88,76,37,39,2933.6
62,89,125,60,65,4375
62,90,157,81,76,5746.2
62,91,46,24,22,1306.4
62,92,132,70,62,3524.4
62,93,27,13,14,799.2
62,94,24,13,11,998.4
62,95,79,39,40,2496.4
62,96,36,16,20,1324.8
62,97,27,13,14,966.6
62,98,7,3,4,319.2
62,99,32,17,15,1254.4
62,100,12,6,6,451.2
62,103,30,20,10,1086
62,104,136,72,64,4705.6
62,105,49,28,21,1915.9
62,106,3,2,1,0
62,108,12,5,7,578.4
62,109,29,17,12,1336.9
62,110,35,16,19,1603
62,111,23,11,12,473.8
62,112,29,15,14,1183.2
62,115,3,2,1,0
62,117,2,1,1,0
62,118,18,10,8,918
62,120,6,3,3,453
62,121,38,19,19,1656.8
63,7,96,52,44,2774.4
63,8,317,158,159,10841.4
63,10,253,131,122,9082.7
63,11,28,18,10,910
63,30,9,5,4,354.6
63,36,34,16,18,1506.2
63,59,66,36,30,2692.8
63,60,303,170,133,12241.2
63,61,86,51,35,3268
63,64,68,31,37,2992
63,65,232,123,109,8700
63,66,378,198,180,12927.6
63,67,862,434,428,34307.6
63,68,798,425,373,28329
63,69,1548,762,786,52322.4
63,70,605,297,308,22506
63,71,610,302,308,23912
63,72,1581,793,788,58813.2
63,73,818,382,436,34028.8
63,74,436,224,212,15826.8
63,75,132,74,58,4963.2
63,77,2,0,2,0
63,78,30,18,12,1086
63,79,25,21,4,1095
63,80,157,76,81,6845.2
63,81,1025,527,498,39975
63,82,744,386,358,27379.2
63,83,705,351,354,27706.5
63,84,760,392,368,27208
63,85,1107,550,557,36309.6
63,86,143,77,66,6392.1
63,87,204,111,93,7833.6
63,88,492,245,247,19926
63,89,400,199,201,13840
63,90,5,2,3,215
63,92,123,65,58,4366.5
63,93,64,36,28,2470.4
63,94,85,44,41,4003.5
63,95,45,25,20,1800
63,96,22,14,8,913
63,97,13,7,6,282.1
63,98,70,43,27,2226
63,99,6,5,1,204
63,100,11,5,6,474.1
63,101,85,45,40,3221.5
63,102,56,24,32,2150.4
63,103,48,26,22,2164.8
63,104,338,176,162,11728.6
63,105,7,7,0,305.9
63,110,13,4,9,561.6
63,114,7,2,5,277.2
63,117,15,7,8,889.5
63,118,3,1,2,0
63,119,20,9,11,1048
63,120,27,13,14,1417.5
63,122,3,1,2,0
64,0,23,12,11,1060.3
64,6,579,286,293,15285.6
64,7,281,140,141,7643.2
64,8,182,97,85,5023.2
64,9,9,4,5,356.4
64,10,39,20,19,1064.7
64,11,29,14,15,1148.4
64,28,15,7,8,787.5
64,29,27,15,12,1158.3
64,30,4,3,1,0
64,34,1,1,0,0
64,36,4,1,3,0
64,40,5,3,2,221
64,41,2,1,1,0
64,42,8,3,5,427.2
64,52,61,33,28,2293.6
64,53,46,27,19,2120.6
64,54,1,1,0,0
64,59,8,4,4,195.2
64,60,19,9,10,706.8
64,61,105,57,48,3801
64,62,108,50,58,4611.6
64,63,108,54,54,4179.6
64,64,121,60,61,4537.5
64,65,41,19,22,1394
64,66,108,56,52,5076
64,67,218,122,96,8872.6
64,68,1653,821,832,56532.6
64,69,3235,1537,1698,108372.5
64,70,1030,504,526,37183
64,71,1196,619,577,45687.2
64,72,1248,641,607,47798.4
64,73,1806,877,929,73684.8
64,74,296,148,148,15007.2
64,76,1278,640,638,46774.8
64,77,971,495,476,37674.8
64,78,931,483,448,33702.2
64,80,10,6,4,257
64,81,227,114,113,9125.4
64,82,22,10,12,1058.2
64,83,1,1,0,0
64,86,109,47,62,4523.5
64,91,242,122,120,9075
64,92,594,305,289,19899
64,93,253,134,119,7488.8
64,94,50,28,22,2160
64,95,20,12,8,634
64,96,346,161,185,9826.4
64,97,161,84,77,4685.1
64,99,38,19,19,1185.6
64,100,31,13,18,1255.5
64,101,56,29,27,1736
64,102,113,58,55,4214.9
64,103,11,6,5,783.2
64,104,69,31,38,2532.3
64,105,19,12,7,744.8
64,106,18,12,6,633.6
64,107,17,8,9,708.9
64,108,65,32,33,2626
64,109,39,19,20,1758.9
64,110,10,6,4,438
64,113,24,16,8,895.2
64,114,21,11,10,810.6
64,116,29,16,13,1160
64,117,342,178,164,12175.2
64,118,756,384,372,26233.2
64,119,8,4,4,282.4
64,121,12,8,4,458.4
65,0,110,59,51,4510
65,1,9,5,4,388.8
65,6,762,390,372,24917.4
65,7,848,438,410,29086.4
65,9,20,9,11,572
65,10,57,31,26,2211.6
65,11,6,4,2,174
65,28,26,14,12,1024.4
65,31,4,1,3,0
65,33,10,6,4,369
65,34,2,1,1,0
65,36,21,12,9,1150.8
65,37,14,7,7,572.6
65,41,2,1,1,0
65,49,126,74,52,3956.4
65,50,27,13,14,472.5
65,52,19,11,8,714.4
65,53,180,94,86,6408
65,54,22,10,12,946
65,55,19,6,13,754.3
65,62,114,57,57,5061.6
65,63,27,14,13,1082.7
65,64,162,80,82,7435.8
65,65,2,1,1,0
65,66,905,426,479,26969
65,67,1013,501,512,30592.6
65,68,3130,1501,1629,115184
65,69,822,408,414,27126
65,70,84,36,48,3007.2
65,71,2836,1392,1444,111171.2
65,72,3292,1615,1677,128717.2
65,73,3702,1696,2006,154743.6
65,74,3260,1558,1702,133334
65,75,780,370,410,35178
65,77,946,486,460,37367
65,78,2301,1169,1132,87668.1
65,87,28,15,13,1106
65,88,659,336,323,27150.8
65,89,41,21,20,1496.5
65,91,5,3,2,256
65,92,1040,504,536,41288
65,93,333,161,172,13220.1
65,94,111,58,53,4251.3
65,95,142,64,78,4998.4
65,96,20,11,9,774
65,98,625,303,322,18687.5
65,99,445,231,214,15174.5
65,100,56,28,28,2122.4
65,101,135,67,68,4887
65,102,73,35,38,3146.3
65,103,52,26,26,2095.6
65,104,45,25,20,1971
65,105,18,12,6,667.8
65,106,42,21,21,1272.6
65,107,29,12,17,1302.1
65,108,1,1,0,0
65,111,21,14,7,611.1
65,114,8,2,6,276
65,116,35,19,16,1830.5
65,117,47,25,22,1931.7
65,118,207,99,108,9687.6
65,119,8,5,3,351.2
65,121,3,2,1,0
66,1,12,8,4,606
66,6,91,48,43,3640
66,7,558,285,273,20813.4
66,8,203,98,105,8160.6
66,9,95,51,44,3401
66,10,23,9,14,1041.9
66,11,11,4,7,310.2
66,12,13,9,4,474.5
66,27,3,1,2,0
66,28,8,5,3,244.8
66,30,11,7,4,374
66,31,47,20,27,1884.7
66,36,11,6,5,551.1
66,37,6,3,3,223.8
66,42,2,1,1,0
66,49,135,67,68,4806
66,50,463,236,227,16251.3
66,51,22,12,10,1047.2
66,52,95,49,46,3344
66,54,92,46,46,3358
66,55,65,35,30,2483
66,56,125,68,57,4862.5
66,57,43,23,20,1788.8
66,59,12,7,5,676.8
66,60,12,8,4,699.6
66,62,132,64,68,5610
66,63,1086,555,531,42897
66,64,265,132,133,12110.5
66,65,27,14,13,1236.6
66,66,711,361,350,22752
66,67,1566,786,780,59508
66,68,2096,1016,1080,81744
66,69,558,283,275,20925
66,71,1675,836,839,58625
66,72,1436,682,754,53706.4
66,73,876,408,468,39244.8
66,74,2176,1072,1104,100313.6
66,75,581,288,293,23646.7
66,76,2512,1276,1236,96712
66,77,3407,1809,1598,127081.1
66,78,363,200,163,12632.4
66,81,17,9,8,817.7
66,82,693,335,358,28759.5
66,83,1790,815,975,83772
66,84,948,481,467,33180
66,85,459,220,239,18864.9
66,86,1308,648,660,50750.4
66,87,1232,593,639,50142.4
66,88,1923,946,977,71151
66,89,1578,773,805,67696.2
66,90,318,162,156,11320.8
66,91,507,268,239,18201.3
66,93,11,4,7,374
66,94,219,116,103,8190.6
66,95,16,9,7,964.8
66,97,1055,509,546,37769
66,98,181,92,89,6262.6
66,99,181,96,85,6081.6
66,100,106,56,50,4823
66,101,8,5,3,331.2
66,105,53,28,25,1775.5
66,106,6,4,2,307.8
66,109,5,3,2,212
66,110,16,9,7,635.2
66,111,155,78,77,4123
66,112,19,15,4,841.7
66,113,3,2,1,0
66,114,26,15,11,967.2
66,116,49,28,21,2146.2
66,117,2,1,1,0
66,118,15,7,8,589.5
66,119,54,25,29,2224.8
66,120,6,5,1,340.8
67,1,52,24,28,2563.6
67,2,79,41,38,3784.1
67,7,344,177,167,12074.4
67,8,1369,712,657,53527.9
67,9,1698,814,884,72674.4
67,10,114,55,59,3819
67,11,52,28,24,1721.2
67,13,33,14,19,1188
67,26,33,18,15,1273.8
67,30,3,2,1,0
67,31,5,3,2,112
67,32,13,6,7,765.7
67,36,14,7,7,746.2
67,38,4,2,2,0
67,39,7,3,4,287.7
67,40,2,2,0,0
67,41,7,5,2,364.7
67,50,65,35,30,2483
67,51,140,71,69,5306
67,53,96,60,36,3657.6
67,54,133,69,64,5373.2
67,56,50,23,27,1845
67,57,77,40,37,2787.4
67,59,182,89,93,6497.4
67,60,151,74,77,5632.3
67,62,7,2,5,189.7
67,63,353,166,187,13061
67,64,1077,549,528,37910.4
67,65,421,226,195,14777.1
67,66,409,207,202,13251.6
67,67,1920,952,968,65664
67,68,2448,1174,1274,102081.6
67,69,2065,1014,1051,75372.5
67,70,1499,723,776,56662.2
67,71,308,167,141,12166
67,72,318,173,145,12084
67,73,609,307,302,21802.2
67,74,205,90,115,10578
67,76,2228,1259,969,85109.6
67,77,5373,2957,2416,188055
67,78,6324,3335,2989,228296.4
67,79,1345,717,628,54741.5
67,81,2097,1061,1036,78637.5
67,82,2045,999,1046,83845
67,83,1232,615,617,46692.8
67,84,759,373,386,29221.5
67,85,1549,789,760,61960
67,86,2535,1253,1282,100893
67,87,547,276,271,20239
67,88,52,29,23,2210
67,89,53,27,26,2151.8
67,91,191,102,89,7028.8
67,92,299,149,150,11302.2
67,94,250,117,133,8975
67,95,111,51,60,4451.1
67,96,295,149,146,10590.5
67,97,197,96,101,7269.3
67,98,2,1,1,0
67,99,38,18,20,1109.6
67,102,9,3,6,254.7
67,103,21,11,10,1001.7
67,104,24,12,12,823.2
67,105,22,10,12,1053.8
67,106,43,22,21,1810.3
67,107,18,9,9,468
67,109,5,2,3,328
67,110,29,17,12,1235.4
67,111,41,18,23,1685.1
67,112,21,10,11,751.8
67,113,53,29,24,2014
67,114,30,17,13,1188
67,115,18,10,8,610.2
67,116,8,5,3,488
67,125,2,1,1,0
68,1,9,4,5,261.9
68,8,513,248,265,22469.4
68,9,436,212,224,21451.2
68,10,1203,583,620,45834.3
68,11,238,125,113,8115.8
68,12,16,9,7,566.4
68,13,39,18,21,1392.3
68,14,35,17,18,1410.5
68,16,1,1,0,0
68,25,12,7,5,504
68,26,3,1,2,0
68,27,6,4,2,144
68,30,5,4,1,214
68,32,13,5,8,620.1
68,36,2,1,1,0
68,37,4,3,1,0
68,38,8,5,3,395.2
68,39,3,2,1,0
68,40,3,2,1,0
68,41,4,2,2,0
68,42,1,1,0,0
68,50,2,1,1,0
68,51,52,29,23,2324.4
68,52,68,34,34,2033.2
68,53,264,142,122,9081.6
68,54,269,137,132,8930.8
68,56,2,1,1,0
68,57,307,150,157,11052
68,58,526,260,266,19514.6
68,59,272,140,132,9329.6
68,60,6,2,4,171
68,61,2,1,1,0
68,62,3,2,1,0
68,63,6,4,2,211.8
68,64,119,58,61,4474.4
68,65,9,4,5,505.8
68,66,42,24,18,1818.6
68,67,243,122,121,8820.9
68,68,1779,870,909,65823
68,69,1941,934,1007,79192.8
68,70,1509,727,782,57191.1
68,71,1385,680,705,51799
68,72,2550,1255,1295,91035
68,73,1892,917,975,71896
68,74,2958,1592,1366,105600.6
68,75,2943,1666,1277,101239.2
68,76,5509,2896,2613,196120.4
68,77,2845,1530,1315,101851
68,78,4472,2363,2109,170830.4
68,79,6979,3576,3403,263806.2
68,80,2078,1005,1073,89977.4
68,81,127,66,61,4381.5
68,82,78,36,42,2667.6
68,83,479,249,230,18633.1
68,84,634,319,315,28783.6
68,85,1031,526,505,41961.7
68,86,2511,1145,1366,117514.8
68,87,389,202,187,14004
68,89,11,4,7,379.5
68,90,8,3,5,315.2
68,91,127,71,56,4191
68,92,756,404,352,27669.6
68,95,1108,526,582,51854.4
68,96,342,170,172,13201.2
68,97,5,2,3,167
68,98,12,6,6,364.8
68,99,15,11,4,427.5
68,100,17,8,9,975.8
68,101,5,1,4,188
68,102,5,2,3,322
68,103,209,106,103,7210.5
68,104,192,103,89,6105.6
68,105,52,29,23,2215.2
68,109,11,5,6,506
68,110,6,3,3,232.2
68,112,10,7,3,440
68,113,3,1,2,0
68,115,13,6,7,457.6
68,116,30,14,16,1302
68,117,73,34,39,2445.5
68,118,47,25,22,1400.6
68,122,2,1,1,0
68,127,1,1,0,0
69,9,190,96,94,7163
69,10,1029,507,522,37352.7
69,11,1328,685,643,50198.4
69,12,837,417,420,30969
69,13,123,67,56,3911.4
69,14,59,29,30,2761.2
69,15,23,14,9,839.5
69,17,9,6,3,295.2
69,23,9,5,4,513
69,24,18,10,8,464.4
69,27,43,20,23,1698.5
69,28,13,7,6,578.5
69,30,26,12,14,707.2
69,32,6,3,3,394.8
69,49,111,58,53,3252.3
69,50,186,92,94,7626
69,51,103,59,44,3769.8
69,52,351,183,168,12039.3
69,53,1051,527,524,31845.3
69,54,133,64,69,4734.8
69,57,46,25,21,2028.6
69,58,8,2,6,404.8
69,59,17,11,6,731
69,63,7,2,5,209.3
69,64,57,27,30,1915.2
69,65,76,37,39,3359.2
69,66,1597,832,765,52381.6
69,67,921,466,455,30945.6
69,68,1779,891,888,61375.5
69,69,1566,805,761,64206
69,70,1895,936,959,72389
69,71,1379,688,691,43438.5
69,72,3251,1582,1669,121912.5
69,73,3718,1682,2036,156899.6
69,74,6731,3124,3607,254431.8
69,75,4530,2276,2254,160815
69,76,2371,1165,1206,91994.8
69,77,2804,1402,1402,113842.4
69,78,9,3,6,353.7
69,82,6,2,4,237
69,83,234,126,108,8283.6
69,84,300,144,156,8730
69,85,1827,862,965,75637.8
69,86,1630,809,821,68460
69,87,526,237,289,25037.6
69,88,61,30,31,2281.4
69,91,8,6,2,372
69,92,833,437,396,25656.4
69,93,4,2,2,0
69,95,765,369,396,29758.5
69,96,99,47,52,3633.3
69,98,14,7,7,529.2
69,99,1,0,1,0
69,100,21,11,10,867.3
69,101,43,23,20,1664.1
69,102,88,39,49,3581.6
69,103,35,18,17,1498
69,104,19,11,8,1037.4
69,106,2,0,2,0
69,107,13,8,5,514.8
69,108,14,7,7,572.6
69,109,35,17,18,1393
69,111,9,4,5,313.2
69,112,22,11,11,1155
69,114,34,19,15,962.2
69,115,4,1,3,0
69,116,13,7,6,474.5
69,117,14,7,7,684.6
70,11,27,12,15,926.1
70,12,161,73,88,6810.3
70,14,8,3,5,280
70,15,54,22,32,2143.8
70,16,58,32,26,1972
70,17,25,12,13,842.5
70,18,18,10,8,687.6
70,19,8,4,4,250.4
70,21,20,10,10,676
70,22,4,2,2,0
70,23,3,2,1,0
70,28,9,5,4,291.6
70,30,27,16,11,1139.4
70,31,10,6,4,582
70,32,55,26,29,2211
70,33,89,42,47,2874.7
70,35,8,5,3,459.2
70,36,1,1,0,0
70,37,1,0,1,0
70,38,1,0,1,0
70,49,439,232,207,14004.1
70,50,517,270,247,16802.5
70,51,520,260,260,18720
70,52,288,144,144,10627.2
70,53,10,6,4,276
70,55,1,1,0,0
70,57,2,0,2,0
70,59,8,4,4,403.2
70,63,36,19,17,1778.4
70,64,6,3,3,228
70,65,111,60,51,5072.7
70,66,250,120,130,12375
70,67,8,4,4,243.2
70,68,264,135,129,11088
70,69,63,36,27,2853.9
70,70,85,44,41,3340.5
70,71,808,419,389,25128.8
70,72,2012,998,1014,60963.6
70,73,529,268,261,19837.5
70,74,1807,843,964,75171.2
70,75,1549,751,798,56383.6
70,76,337,168,169,11997.2
70,77,59,26,33,1893.9
70,81,21,9,12,938.7
70,82,94,48,46,2932.8
70,83,28,17,11,1226.4
70,85,1100,536,564,38720
70,86,2098,1010,1088,90423.8
70,87,781,396,385,26710.2
70,88,57,31,26,2416.8
70,89,16,7,9,763.2
70,90,9,4,5,360
70,91,312,165,147,9828
70,92,125,63,62,4750
70,96,55,26,29,2073.5
70,97,13,7,6,579.8
70,102,5,2,3,220
70,103,4,1,3,0
70,104,1,0,1,0
70,105,11,6,5,333.3
70,107,10,4,6,463
70,109,4,3,1,0
70,112,25,16,9,1090
70,113,19,13,6,957.6
70,114,27,15,12,1134
70,115,22,12,10,1082.4
70,116,27,10,17,1433.7
70,126,28,16,12,954.8
70,127,15,10,5,261
71,22,2,1,1,0
71,23,3,2,1,0
71,24,5,3,2,381
71,26,35,16,19,1848
71,27,33,12,21,1287
71,28,9,3,6,296.1
71,29,8,4,4,412
71,30,8,6,2,236.8
71,31,7,3,4,464.8
71,32,26,12,14,1146.6
71,33,90,46,44,3915
71,34,108,48,60,5940
71,35,7,3,4,338.1
71,49,6,5,1,253.2
71,51,34,18,16,1234.2
71,52,666,353,313,21978
71,53,1165,578,587,37862.5
71,54,73,37,36,2832.4
71,55,442,220,222,16619.2
71,56,668,343,325,24582.4
71,57,60,36,24,2424
71,58,16,9,7,756.8
71,59,63,38,25,2028.6
71,60,254,122,132,9271
71,61,21,12,9,1016.4
71,62,68,37,31,2740.4
71,63,177,87,90,7168.5
71,64,66,31,35,2613.6
71,65,44,22,22,1645.6
71,67,67,37,30,2204.3
71,68,34,20,14,1135.6
71,70,9,4,5,311.4
71,71,89,50,39,2945.9
71,72,745,374,371,22350
71,73,3,1,2,0
71,82,4,3,1,0
71,84,23,11,12,1037.3
71,85,2853,1404,1449,95860.8
71,86,1328,653,675,45152
71,87,255,136,119,8032.5
71,88,334,169,165,11623.2
71,89,76,34,42,3161.6
71,90,525,261,264,20160
71,91,525,260,265,15277.5
71,93,14,6,8,698.6
71,94,154,77,77,5251.4
71,96,11,8,3,525.8
71,98,4,2,2,0
71,99,2,2,0,0
71,101,6,3,3,262.8
71,103,19,10,9,558.6
71,104,1,1,0,0
71,105,9,4,5,397.8
71,112,19,12,7,818.9
71,114,6,3,3,259.8
71,115,48,23,25,1785.6
71,116,9,5,4,558
71,119,4,2,2,0
71,120,2,1,1,0
71,121,4,1,3,0
71,123,6,4,2,367.8
71,124,14,5,9,523.6
71,127,32,18,14,1465.6
72,13,16,10,6,572.8
72,14,14,5,9,574
72,15,19,11,8,737.2
72,16,5,3,2,241
72,17,25,14,11,927.5
72,18,9,5,4,534.6
72,21,1,1,0,0
72,29,4,4,0,0
72,33,11,7,4,339.9
72,34,14,4,10,575.4
72,36,15,8,7,495
72,37,23,13,10,1012
72,38,38,23,15,1539
72,39,54,30,24,2278.8
72,53,434,223,211,18488.4
72,54,1292,659,633,52196.8
72,55,508,257,251,21488.4
72,56,888,420,468,36052.8
72,57,24,14,10,996
72,58,8,3,5,459.2
72,59,418,213,205,13668.6
72,60,736,364,372,27305.6
72,61,48,25,23,2236.8
72,62,89,43,46,3586.7
72,63,22,10,12,1179.2
72,64,2,1,1,0
72,65,26,13,13,1157
72,66,87,43,44,3427.8
72,67,17,11,6,683.4
72,68,96,55,41,3446.4
72,72,137,79,58,4575.8
72,73,7,3,4,238.7
72,83,5,4,1,143
72,84,103,53,50,3821.3
72,85,68,34,34,3270.8
72,86,46,22,24,1734.2
72,87,33,19,14,1501.5
72,88,122,73,49,4501.8
72,89,144,103,41,5443.2
72,90,97,51,46,3365.9
72,91,35,17,18,892.5
72,92,33,16,17,973.5
72,93,16,8,8,620.8
72,94,36,20,16,1450.8
72,95,32,15,17,1273.6
72,97,38,21,17,1653
72,98,21,11,10,905.1
72,99,55,27,28,2321
72,100,10,7,3,354
72,101,5,3,2,264
72,103,29,17,12,797.5
72,104,19,9,10,1079.2
72,105,2,1,1,0
72,106,45,25,20,1975.5
72,107,74,40,34,2886
72,108,5,1,4,162
72,109,12,6,6,495.6
72,110,8,4,4,200
72,111,18,8,10,770.4
72,112,22,8,14,831.6
72,113,22,13,9,932.8
72,114,8,3,5,330.4
72,115,17,7,10,909.5
72,116,16,9,7,708.8
72,118,1,0,1,0
72,119,7,4,3,410.2
72,121,4,3,1,0
72,122,40,21,19,1528
72,125,1,1,0,0
72,126,1,1,0,0
72,127,38,17,21,1725.2
73,14,6,4,2,361.2
73,15,2,2,0,0
73,16,6,4,2,160.8
73,17,2,1,1,0
73,20,19,12,7,689.7
73,21,2,1,1,0
73,27,12,6,6,466.8
73,28,2,1,1,0
73,29,5,2,3,200
73,31,7,3,4,142.8
73,32,9,4,5,414.9
73,33,4,2,2,0
73,34,7,4,3,308.7
73,35,18,9,9,649.8
73,36,2,1,1,0
73,37,231,109,122,8893.5
73,38,289,137,152,13033.9
73,39,13,8,5,496.6
73,53,87,42,45,4132.5
73,54,602,265,337,29498
73,55,670,344,326,22244
73,56,295,138,157,8112.5
73,57,18,10,8,865.8
73,60,12,8,4,423.6
73,63,4,2,2,0
73,64,64,37,27,2342.4
73,65,9,5,4,387
73,66,2,1,1,0
73,67,21,13,8,966
73,68,70,34,36,2135
73,69,27,13,14,893.7
73,72,50,22,28,2155
73,73,66,33,33,2818.2
73,74,3,2,1,0
73,76,3,2,1,0
73,77,16,8,8,923.2
73,83,88,50,38,3572.8
73,84,207,107,100,7431.3
73,85,14,6,8,319.2
73,86,146,77,69,4759.6
73,87,164,76,88,5395.6
73,88,398,199,199,13094.2
73,89,88,56,32,3300
73,91,52,28,24,1601.6
73,92,2,1,1,0
73,94,25,15,10,1120
73,97,351,173,178,12109.5
73,98,130,67,63,5135
73,99,241,129,112,7061.3
73,100,47,25,22,1931.7
73,101,56,25,31,1629.6
73,102,10,5,5,164
73,103,13,6,7,561.6
73,104,22,10,12,660
73,105,25,13,12,1060
73,106,52,24,28,2480.4
73,107,124,61,63,5170.8
73,108,47,27,20,1527.5
73,109,28,11,17,1103.2
73,110,33,14,19,1425.6
73,111,26,15,11,894.4
73,112,117,63,54,4165.2
73,113,6,4,2,136.8
73,117,8,3,5,175.2
73,118,31,15,16,1097.4
73,122,36,21,15,1519.2
73,123,68,34,34,2237.2
73,124,21,10,11,798
73,125,16,8,8,649.6
73,127,40,18,22,1780
74,15,9,5,4,493.2
74,22,1,0,1,0
74,27,6,3,3,243
74,28,1,1,0,0
74,34,5,2,3,333
74,37,53,29,24,2300.2
74,38,38,17,21,1740.4
74,39,4,3,1,0
74,54,47,26,21,2364.1
74,55,95,43,52,3287
74,56,60,33,27,1956
74,61,14,7,7,435.4
74,62,49,23,26,1621.9
74,65,31,19,12,1388.8
74,66,7,4,3,440.3
74,73,583,295,288,23261.7
74,74,142,66,76,5552.2
74,75,144,67,77,6076.8
74,76,139,70,69,5295.9
74,77,104,58,46,3640
74,81,6,3,3,393
74,82,26,13,13,1261
74,83,2,1,1,0
74,84,476,240,236,17516.8
74,85,415,212,203,15728.5
74,86,25,14,11,1215
74,87,85,42,43,3425.5
74,89,9,5,4,509.4
74,90,35,17,18,1288
74,91,33,20,13,1316.7
74,92,2,1,1,0
74,93,26,15,11,761.8
74,94,32,14,18,1452.8
74,95,43,22,21,1677
74,97,153,80,73,3870.9
74,99,28,13,15,1016.4
74,100,14,7,7,548.8
74,101,11,6,5,430.1
74,102,79,42,37,2844
74,103,26,12,14,928.2
74,104,26,14,12,1229.8
74,106,8,5,3,448
74,107,56,28,28,2004.8
74,108,1,1,0,0
74,118,14,9,5,761.6
74,119,3,3,0,0
74,125,9,5,4,352.8
74,127,15,8,7,592.5
75,2,15,8,7,801
75,18,4,2,2,0
75,22,2,1,1,0
75,23,5,3,2,229
75,24,10,5,5,546
75,37,22,9,13,1056
75,38,23,12,11,1265
75,54,55,26,29,2007.5
75,55,52,26,26,1622.4
75,56,36,20,16,1335.6
75,57,60,36,24,1908
75,61,1,0,1,0
75,65,3,0,3,0
75,66,49,25,24,1788.5
75,67,28,14,14,823.2
75,68,18,12,6,775.8
75,69,29,13,16,1189
75,73,74,40,34,3270.8
75,74,35,18,17,1620.5
75,75,518,278,240,17715.6
75,76,616,332,284,22052.8
75,77,78,36,42,2917.2
75,78,39,17,22,1322.1
75,79,90,46,44,4185
75,80,185,99,86,7289
75,81,28,15,13,1626.8
75,82,24,16,8,1077.6
75,83,231,118,113,9263.1
75,84,949,510,439,35492.6
75,85,527,292,235,19130.1
75,88,35,19,16,1480.5
75,89,525,266,259,18742.5
75,90,362,173,189,13828.4
75,91,16,9,7,776
75,92,19,10,9,763.8
75,93,32,16,16,1257.6
75,94,59,28,31,2218.4
75,95,70,35,35,2527
75,99,75,37,38,2737.5
75,100,59,31,28,2554.7
75,101,143,84,59,4962.1
75,102,58,28,30,1954.6
75,103,6,4,2,181.8
75,105,2,1,1,0
75,106,26,14,12,938.6
75,107,29,13,16,1174.5
75,108,36,16,20,1292.4
75,110,19,12,7,879.7
75,119,17,10,7,814.3
75,124,6,4,2,139.2
75,126,12,6,6,171.6
75,127,37,21,16,1672.4
76,0,25,16,9,1070
76,9,6,2,4,256.8
76,10,65,32,33,2743
76,21,6,3,3,373.8
76,23,6,3,3,310.8
76,24,5,4,1,200
76,25,30,15,15,1107
76,31,14,8,6,607.6
76,37,2,1,1,0
76,38,2,1,1,0
76,41,7,5,2,298.9
76,55,11,7,4,401.5
76,56,124,58,66,3955.6
76,57,89,42,47,2821.3
76,58,18,9,9,698.4
76,67,40,20,20,1540
76,68,19,10,9,881.6
76,70,51,26,25,1999.2
76,73,19,12,7,796.1
76,74,39,20,19,1606.8
76,75,168,81,87,4082.4
76,76,1,1,0,0
76,77,30,14,16,1386
76,78,1356,694,662,50036.4
76,79,1235,583,652,53105
76,80,940,441,499,43710
76,81,1041,540,501,42681
76,82,985,476,509,37233
76,83,506,260,246,17710
76,85,43,25,18,1522.2
76,88,38,18,20,1368
76,89,201,99,102,7135.5
76,90,202,107,95,6787.2
76,91,76,39,37,2781.6
76,92,6,3,3,193.8
76,93,26,12,14,1084.2
76,94,5,4,1,291
76,95,108,57,51,4395.6
76,96,4,3,1,0
76,100,62,36,26,2052.2
76,101,49,23,26,2062.9
76,103,12,9,3,554.4
76,107,7,4,3,217.7
76,108,13,5,8,461.5
76,109,81,50,31,3078
76,110,43,23,20,1724.3
76,116,5,2,3,428
76,117,41,17,24,1840.9
76,118,6,3,3,358.8
77,0,7,4,3,413
77,1,23,11,12,1002.8
77,2,13,7,6,712.4
77,8,79,35,44,3294.3
77,9,94,49,45,3703.6
77,10,2,1,1,0
77,22,5,3,2,208
77,24,2,1,1,0
77,25,4,2,2,0
77,26,38,22,16,1767
77,27,71,42,29,2761.9
77,37,1,1,0,0
77,38,12,6,6,441.6
77,39,4,2,2,0
77,58,38,21,17,1295.8
77,59,39,21,18,1353.3
77,62,3,1,2,0
77,63,5,4,1,337
77,68,16,8,8,750.4
77,69,21,14,7,615.3
77,70,1,0,1,0
77,71,4,2,2,0
77,74,26,14,12,842.4
77,75,31,13,18,961
77,81,42,23,19,1638
77,82,383,196,187,14400.8
77,84,47,26,21,1734.3
77,85,165,86,79,5742
77,86,26,16,10,1034.8
77,87,5,3,2,211
77,88,11,5,6,502.7
77,89,127,56,71,7708.9
77,90,48,26,22,1651.2
77,91,6,4,2,244.2
77,92,20,11,9,1000
77,93,16,7,9,388.8
77,96,48,23,25,2020.8
77,97,1,1,0,0
77,100,5,1,4,159
77,101,13,6,7,668.2
77,102,24,13,11,964.8
77,103,15,8,7,817.5
77,104,31,12,19,1004.4
77,107,41,22,19,1754.8
77,108,19,12,7,832.2
77,109,2,1,1,0
77,110,4,3,1,0
77,111,5,3,2,366
77,113,9,4,5,176.4
77,114,5,4,1,186
77,115,15,4,11,606
77,116,45,25,20,2380.5
77,117,4,2,2,0
77,119,10,4,6,483
77,124,29,13,16,1119.4
77,125,2,0,2,0
77,126,5,3,2,113
77,127,2,1,1,0
78,0,7,2,5,352.8
78,3,11,5,6,391.6
78,8,123,61,62,4723.2
78,9,297,149,148,10662.3
78,23,6,2,4,160.8
78,24,4,2,2,0
78,27,15,10,5,570
78,28,20,11,9,1126
78,29,6,3,3,307.2
78,36,2,2,0,0
78,37,15,5,10,778.5
78,38,15,6,9,594
78,49,69,33,36,2663.4
78,50,176,84,92,6582.4
78,51,5,2,3,338
78,58,32,17,15,1152
78,59,36,21,15,1447.2
78,60,18,5,13,577.8
78,62,30,15,15,1047
78,64,5,3,2,345
78,69,1,1,0,0
78,70,9,4,5,423.9
78,75,13,8,5,695.5
78,80,50,25,25,1990
78,81,68,35,33,2556.8
78,82,133,68,65,4974.2
78,83,413,203,210,15859.2
78,84,65,31,34,2977
78,88,15,8,7,559.5
78,89,205,112,93,6949.5
78,90,28,15,13,1537.2
78,91,12,7,5,517.2
78,93,25,12,13,1045
78,94,65,31,34,2645.5
78,95,74,36,38,2775
78,96,33,15,18,1201.2
78,97,24,12,12,1233.6
78,98,22,14,8,717.2
78,100,103,54,49,4501.1
78,101,56,31,25,2290.4
78,104,1,0,1,0
78,105,8,4,4,440
78,106,36,20,16,1310.4
78,107,8,4,4,294.4
78,112,2,1,1,0
78,113,3,1,2,0
78,124,41,18,23,1750.7
78,125,28,16,12,1416.8
79,3,11,6,5,489.5
79,8,57,26,31,2713.2
79,9,139,68,71,6296.7
79,13,65,32,33,2600
79,14,13,7,6,421.2
79,29,2,2,0,0
79,37,10,4,6,418
79,38,98,57,41,4057.2
79,39,43,25,18,1612.5
79,48,3,1,2,0
79,49,11,5,6,596.2
79,50,15,6,9,616.5
79,51,14,7,7,453.6
79,52,35,17,18,1578.5
79,55,1,1,0,0
79,61,4,2,2,0
79,62,15,7,8,556.5
79,64,1,1,0,0
79,65,2,0,2,0
79,79,85,42,43,3187.5
79,80,9,4,5,541.8
79,81,7,5,2,252
79,82,7,3,4,203.7
79,83,69,34,35,2566.8
79,87,19,12,7,811.3
79,88,22,12,10,908.6
79,89,52,23,29,2152.8
79,91,275,149,126,11440
79,92,5,2,3,276
79,93,29,14,15,1194.8
79,94,8,3,5,324
79,95,14,8,6,688.8
79,96,61,31,30,2049.6
79,97,137,74,63,5589.6
79,98,16,9,7,998.4
79,99,4,0,4,0
79,101,25,14,11,905
79,102,31,14,17,1887.9
79,103,30,16,14,1278
79,104,18,12,6,615.6
79,110,1,0,1,0
80,2,26,13,13,1151.8
80,3,2,1,1,0
80,7,97,42,55,2842.1
80,8,115,53,62,5152
80,9,170,79,91,7718
80,13,558,283,275,20478.6
80,14,86,46,40,3956
80,15,82,41,41,3485
80,16,31,18,13,1066.4
80,30,31,15,16,1475.6
80,31,2,2,0,0
80,38,47,23,24,1522.8
80,39,52,21,31,1825.2
80,48,26,15,11,1162.2
80,49,40,18,22,1468
80,51,3,2,1,0
80,52,10,5,5,415
80,53,43,20,23,2223.1
80,54,177,89,88,7203.9
80,55,60,33,27,1440
80,58,7,3,4,214.2
80,59,14,9,5,583.8
80,60,29,15,14,1015
80,62,32,19,13,880
80,63,19,12,7,627
80,79,59,30,29,2236.1
80,80,17,7,10,583.1
80,81,8,4,4,488.8
80,83,67,34,33,2740.3
80,85,55,28,27,2095.5
80,86,10,4,6,419
80,87,38,17,21,1504.8
80,88,7,2,5,200.2
80,89,88,39,49,3511.2
80,90,226,117,109,7209.4
80,91,319,157,162,11196.9
80,92,2,1,1,0
80,93,10,6,4,673
80,94,2,1,1,0
80,96,20,12,8,678
80,97,8,4,4,290.4
80,99,57,28,29,2553.6
80,102,183,86,97,6112.2
80,103,52,31,21,2152.8
80,104,8,3,5,378.4
80,106,7,4,3,401.1
80,107,8,5,3,250.4
80,108,1,1,0,0
81,2,3,2,1,0
81,3,32,17,15,1360
81,4,25,12,13,1292.5
81,7,88,47,41,2886.4
81,8,72,34,38,3196.8
81,9,42,20,22,1705.2
81,12,14,7,7,726.6
81,13,272,141,131,9737.6
81,14,275,132,143,7782.5
81,15,188,95,93,6937.2
81,16,83,45,38,3909.3
81,23,1,0,1,0
81,30,2,1,1,0
81,31,82,37,45,3116
81,36,7,3,4,245.7
81,38,1,0,1,0
81,39,22,9,13,884.4
81,40,42,19,23,2205
81,48,6,3,3,439.8
81,49,103,51,52,3965.5
81,51,4,2,2,0
81,54,68,38,30,2726.8
81,55,77,38,39,3049.2
81,59,13,6,7,651.3
81,60,75,47,28,2272.5
81,63,15,7,8,717
81,81,10,5,5,443
81,83,32,16,16,1264
81,84,21,12,9,546
81,85,19,9,10,836
81,86,74,37,37,2723.2
81,87,25,14,11,865
81,88,37,19,18,1761.2
81,89,69,41,28,2352.9
81,90,34,19,15,918
81,91,93,48,45,3589.8
81,92,12,8,4,445.2
81,93,15,7,8,693
81,94,4,2,2,0
81,98,16,9,7,790.4
81,99,124,53,71,5208
81,100,117,66,51,4352.4
81,102,7,5,2,193.9
81,103,33,19,14,1824.9
82,7,9,4,5,362.7
82,12,57,30,27,2131.8
82,13,230,119,111,8188
82,14,103,49,54,3460.8
82,15,677,349,328,28501.7
82,16,654,318,336,24852
82,17,37,16,21,1361.6
82,31,4,2,2,0
82,32,13,7,6,683.8
82,33,49,28,21,2793
82,34,3,2,1,0
82,40,47,23,24,1673.2
82,49,109,56,53,4152.9
82,50,54,28,26,2154.6
82,55,19,8,11,630.8
82,56,13,7,6,547.3
82,60,20,11,9,646
82,61,22,11,11,965.8
82,62,5,3,2,158
82,64,5,2,3,351
82,65,5,3,2,190
82,66,5,3,2,260
82,67,3,1,2,0
82,68,9,4,5,200.7
82,79,2,1,1,0
82,80,49,26,23,2111.9
82,81,19,10,9,864.5
82,84,14,7,7,452.2
82,85,32,15,17,1257.6
82,86,57,29,28,2245.8
82,87,17,9,8,523.6
82,88,46,26,20,1472
82,89,22,11,11,785.4
82,90,2,1,1,0
82,91,45,25,20,1543.5
82,92,23,12,11,775.1
82,93,46,25,21,1711.2
82,94,18,7,11,916.2
82,97,16,9,7,398.4
82,98,167,87,80,7281.2
82,99,55,27,28,2398
82,100,14,6,8,513.8
83,4,19,8,11,773.3
83,5,16,8,8,723.2
83,7,43,25,18,1208.3
83,8,65,32,33,2431
83,12,105,55,50,4158
83,13,195,111,84,6981
83,14,138,75,63,4816.2
83,15,113,47,66,4101.9
83,16,432,198,234,18748.8
83,17,4,2,2,0
83,34,4,3,1,0
83,36,2,1,1,0
83,37,3,2,1,0
83,40,4,3,1,0
83,49,65,32,33,2775.5
83,50,39,21,18,1731.6
83,61,13,6,7,523.9
83,62,7,4,3,312.9
83,66,3,2,1,0
83,67,51,28,23,1708.5
83,68,15,7,8,693
83,69,15,7,8,724.5
83,79,7,4,3,284.2
83,80,65,32,33,2327
83,81,1,1,0,0
83,87,4,2,2,0
83,91,19,12,7,714.4
83,92,7,3,4,224
83,93,25,13,12,1255
83,94,3,1,2,0
83,96,10,5,5,297
83,97,14,9,5,386.4
83,98,17,9,8,890.8
83,99,46,25,21,1573.2
83,100,1,1,0,0
84,6,46,24,22,1720.4
84,7,166,87,79,7519.8
84,11,12,5,7,549.6
84,12,343,171,172,12931.1
84,13,15,6,9,477
84,15,18,10,8,955.8
84,16,14,7,7,709.8
84,17,16,8,8,880
84,18,45,26,19,2011.5
84,19,14,7,7,852.6
84,20,31,16,15,1212.1
84,32,18,8,10,943.2
84,33,2,1,1,0
84,34,16,7,9,737.6
84,35,7,2,5,340.2
84,37,2,1,1,0
84,49,2,2,0,0
84,50,9,4,5,458.1
84,51,4,2,2,0
84,52,2,1,1,0
84,57,4,2,2,0
84,61,1,1,0,0
84,62,40,23,17,1568
84,63,11,7,4,665.5
84,64,28,15,13,960.4
84,65,16,7,9,606.4
84,69,6,2,4,229.2
84,70,41,19,22,1754.8
84,72,16,4,12,521.6
84,79,20,10,10,600
84,81,13,6,7,431.6
84,82,42,22,20,2116.8
84,91,7,3,4,282.1
84,96,9,5,4,392.4
84,97,7,5,2,450.1
84,100,8,4,4,496.8
84,101,4,2,2,0
84,102,7,3,4,361.9
84,103,6,4,2,286.2
84,111,1,1,0,0
85,6,17,7,10,681.7
85,8,44,25,19,1755.6
85,9,122,61,61,5319.2
85,10,38,18,20,1778.4
85,11,45,23,22,1840.5
85,12,12,5,7,264
85,21,46,22,24,1895.2
85,22,6,3,3,346.2
85,31,10,5,5,271
85,32,13,7,6,383.5
85,36,1,1,0,0
85,42,3,2,1,0
85,43,8,4,4,312
85,53,7,4,3,321.3
85,56,24,11,13,866.4
85,57,46,25,21,2313.8
85,59,24,14,10,1147.2
85,62,41,22,19,1385.8
85,63,50,26,24,2045
85,64,39,15,24,1739.4
85,65,43,24,19,1621.1
85,66,8,6,2,254.4
85,69,39,21,18,1770.6
85,72,4,2,2,0
85,73,25,9,16,902.5
85,74,25,14,11,1060
85,77,1,0,1,0
85,78,2,1,1,0
85,79,154,76,78,6252.4
85,80,49,27,22,2028.6
85,82,17,10,7,659.6
85,83,4,3,1,0
85,101,90,50,40,3726
85,110,1,1,0,0
85,112,2,1,1,0
85,125,7,4,3,342.3
85,126,2,0,2,0
85,127,14,7,7,620.2
86,5,1,1,0,0
86,8,113,56,57,4429.6
86,9,104,53,51,3494.4
86,10,18,11,7,732.6
86,21,43,28,15,1548
86,22,419,221,198,15125.9
86,23,10,5,5,225
86,30,18,11,7,934.2
86,31,22,12,10,1113.2
86,32,10,5,5,334
86,37,1,0,1,0
86,39,5,3,2,326
86,41,28,15,13,1461.6
86,42,24,10,14,1428
86,43,24,10,14,1092
86,44,4,2,2,0
86,47,2,1,1,0
86,48,59,30,29,3398.4
86,49,1,1,0,0
86,50,23,13,10,1071.8
86,57,14,5,9,491.4
86,58,6,3,3,210
86,63,7,2,5,261.1
86,64,4,2,2,0
86,68,1,0,1,0
86,70,3,1,2,0
86,72,8,6,2,480.8
86,73,1,1,0,0
86,74,8,5,3,472.8
86,75,10,6,4,461
86,79,4,3,1,0
86,80,5,2,3,207
86,82,5,2,3,218
86,84,28,15,13,1296.4
86,85,1,0,1,0
86,90,6,4,2,307.2
86,92,7,4,3,280.7
86,100,8,3,5,380.8
86,101,37,20,17,1798.2
86,110,25,14,11,1065
86,125,8,5,3,235.2
87,0,77,40,37,2818.2
87,22,51,24,27,1958.4
87,23,13,6,7,378.3
87,30,32,11,21,1379.2
87,31,18,8,10,795.6
87,37,2,1,1,0
87,38,1,1,0,0
87,45,3,2,1,0
87,46,11,5,6,623.7
87,47,100,51,49,4250
87,48,27,16,11,1196.1
87,50,5,2,3,113
87,51,5,2,3,291
87,52,37,19,18,1110
87,57,20,10,10,892
87,58,116,53,63,4384.8
87,59,77,41,36,2956.8
87,64,5,3,2,158
87,68,7,5,2,231.7
87,70,24,14,10,1123.2
87,71,13,8,5,627.9
87,72,26,13,13,1115.4
87,73,20,10,10,912
87,75,35,18,17,1627.5
87,76,20,11,9,724
87,83,30,15,15,1248
87,84,53,24,29,2236.6
87,88,1,1,0,0
87,89,4,2,2,0
87,103,3,2,1,0
87,104,7,4,3,408.1
87,106,2,1,1,0
87,109,5,4,1,208
87,110,5,5,0,319
87,125,4,2,2,0
88,0,57,36,21,2171.7
88,5,35,20,15,1372
88,22,15,9,6,640.5
88,23,34,16,18,1434.8
88,31,14,6,8,611.8
88,32,166,85,81,6922.2
88,33,4,1,3,0
88,36,8,2,6,172.8
88,37,7,4,3,471.8
88,38,3,1,2,0
88,44,1,1,0,0
88,45,2,1,1,0
88,46,2,1,1,0
88,47,4,2,2,0
88,50,2,1,1,0
88,51,29,15,14,1316.6
88,52,50,28,22,2345
88,57,30,16,14,1245
88,58,246,120,126,10405.8
88,59,140,76,64,5306
88,72,2,1,1,0
88,73,11,5,6,390.5
88,75,47,23,24,2429.9
88,82,48,30,18,2020.8
88,85,69,38,31,2691
88,87,2,1,1,0
88,92,1,1,0,0
88,93,2,2,0,0
88,105,4,1,3,0
88,110,10,4,6,436
88,124,3,2,1,0
89,0,17,9,8,761.6
89,1,1,0,1,0
89,5,7,3,4,375.9
89,6,8,5,3,352.8
89,22,62,26,36,3174.4
89,23,2,1,1,0
89,25,4,3,1,0
89,32,23,12,11,1200.6
89,37,3,1,2,0
89,40,1,1,0,0
89,41,17,9,8,578
89,50,11,7,4,490.6
89,51,4,2,2,0
89,52,49,26,23,2788.1
89,53,2,1,1,0
89,57,8,6,2,392.8
89,58,134,65,69,4663.2
89,72,22,11,11,1034
89,75,22,11,11,875.6
89,76,92,51,41,3569.6
89,81,1,1,0,0
89,82,1,1,0,0
89,84,25,13,12,1115
89,85,89,43,46,3649
89,109,1,1,0,0
89,111,4,2,2,0
89,116,2,1,1,0
89,125,4,2,2,0
90,0,294,150,144,12054
90,1,4,2,2,0
90,6,61,25,36,2610.8
90,7,33,16,17,1095.6
90,22,127,67,60,4927.6
90,23,346,168,178,13701.6
90,29,4,2,2,0
90,31,13,6,7,492.7
90,32,2,1,1,0
90,33,10,7,3,323
90,37,2,1,1,0
90,52,26,12,14,1099.8
90,57,1,1,0,0
90,58,17,7,10,545.7
90,72,29,17,12,1035.3
90,75,72,35,37,2764.8
90,76,220,119,101,8954
90,77,67,42,25,2485.7
90,81,26,12,14,1310.4
90,84,12,7,5,580.8
90,108,2,1,1,0
90,111,3,1,2,0
90,112,43,20,23,1874.8
90,113,13,7,6,578.5
90,114,3,2,1,0
90,115,4,1,3,0
90,118,1,1,0,0
90,119,2,1,1,0
91,0,269,133,136,12858.2
91,1,36,21,15,1299.6
91,7,45,25,20,1980
91,8,1,1,0,0
91,21,1,0,1,0
91,22,45,25,20,1714.5
91,23,37,18,19,832.5
91,24,221,117,104,8066.5
91,31,24,14,10,777.6
91,34,2,1,1,0
91,41,11,4,7,584.1
91,53,12,6,6,337.2
91,57,48,24,24,1982.4
91,58,31,18,13,1258.6
91,59,23,10,13,506
91,72,107,51,56,4536.8
91,73,192,97,95,7564.8
91,75,97,55,42,3763.6
91,76,12,3,9,267.6
91,77,3,1,2,0
91,82,36,16,20,1213.2
91,84,270,143,127,9504
91,86,1,1,0,0
91,88,2,1,1,0
91,89,11,5,6,448.8
91,94,1,1,0,0
91,107,9,3,6,432.9
91,112,8,4,4,196
91,113,1,1,0,0
91,119,1,0,1,0
91,120,4,3,1,0
92,0,1,1,0,0
92,1,38,18,20,1801.2
92,2,8,4,4,328.8
92,20,6,3,3,250.2
92,21,42,21,21,1852.2
92,22,4,2,2,0
92,24,12,8,4,567.6
92,34,6,3,3,424.8
92,35,7,2,5,287.7
92,54,1,1,0,0
92,57,63,31,32,2022.3
92,72,2,1,1,0
92,73,58,30,28,2215.6
92,74,369,175,194,16752.6
92,75,302,149,153,10509.6
92,76,5,2,3,284
92,82,46,24,22,2047
92,83,59,32,27,2601.9
92,84,663,334,329,27912.3
92,85,35,17,18,1554
92,86,5,2,3,143
92,89,7,4,3,445.9
92,92,61,34,27,2513.2
92,93,12,5,7,423.6
92,105,9,5,4,504.9
92,107,2,1,1,0
92,108,3,2,1,0
93,0,2,1,1,0
93,1,2,1,1,0
93,7,5,3,2,318
93,20,1,1,0,0
93,24,21,10,11,1207.5
93,25,1,1,0,0
93,33,7,5,2,401.1
93,53,7,4,3,343
93,54,8,4,4,232.8
93,57,75,36,39,2782.5
93,59,20,12,8,758
93,72,2,1,1,0
93,73,30,18,12,1203
93,74,6,3,3,79.8
93,75,58,29,29,2273.6
93,76,5,3,2,155
93,77,1,1,0,0
93,84,12,6,6,459.6
93,85,39,21,18,1138.8
93,92,359,172,187,14431.8
93,93,325,159,166,12317.5
93,101,1,1,0,0
93,102,1,1,0,0
94,0,7,4,3,219.1
94,3,7,4,3,487.9
94,4,5,2,3,282
94,5,5,3,2,129
94,18,16,8,8,518.4
94,19,6,4,2,235.2
94,25,7,4,3,165.9
94,33,7,3,4,412.3
94,34,28,15,13,1528.8
94,35,51,27,24,2519.4
94,36,31,16,15,1215.2
94,37,2,2,0,0
94,52,7,3,4,308.7
94,53,5,3,2,361
94,55,17,8,9,593.3
94,57,26,17,9,837.2
94,59,4,2,2,0
94,60,1,1,0,0
94,71,3,2,1,0
94,72,55,26,29,2299
94,73,35,20,15,1592.5
94,85,4,2,2,0
94,93,42,22,20,1848
94,94,9,4,5,237.6
94,103,2,1,1,0
94,105,5,3,2,217
94,106,7,4,3,301
94,107,30,16,14,804
94,110,1,1,0,0
94,116,7,4,3,154
95,0,1,1,0,0
95,3,14,7,7,540.4
95,4,7,5,2,389.2
95,7,1,0,1,0
95,10,4,2,2,0
95,12,1,0,1,0
95,17,15,5,10,429
95,28,5,3,2,324
95,35,2,1,1,0
95,36,103,52,51,2935.5
95,37,136,71,65,6024.8
95,38,21,13,8,995.4
95,39,11,6,5,584.1
95,40,10,5,5,632
95,41,1,1,0,0
95,44,5,2,3,204
95,45,32,15,17,1324.8
95,46,3,2,1,0
95,47,2,2,0,0
95,51,3,2,1,0
95,52,5,3,2,126
95,53,5,4,1,302
95,55,8,3,5,344.8
95,56,13,8,5,565.5
95,58,6,3,3,340.2
95,59,31,17,14,1162.5
95,78,4,1,3,0
95,95,4,1,3,0
95,104,12,7,5,721.2
95,105,106,49,57,5141
95,106,14,7,7,564.2
95,107,12,7,5,757.2
95,115,1,1,0,0
96,0,7,4,3,193.9
96,10,13,6,7,612.3
96,12,1,1,0,0
96,14,3,2,1,0
96,23,37,16,21,1254.3
96,24,23,13,10,1143.1
96,27,6,3,3,397.2
96,28,1,1,0,0
96,48,40,25,15,1860
96,49,3,2,1,0
96,50,11,5,6,509.3
96,51,11,6,5,376.2
96,52,5,3,2,73
96,53,1,1,0,0
96,56,10,4,6,501
96,57,2,1,1,0
96,58,11,5,6,278.3
96,75,5,3,2,348
96,76,12,7,5,615.6
96,77,5,2,3,142
96,78,5,3,2,193
96,95,22,11,11,1254
96,104,9,4,5,456.3
96,105,78,39,39,3026.4
96,116,1,1,0,0
97,2,21,10,11,816.9
97,3,8,4,4,319.2
97,10,20,10,10,512
97,13,29,16,13,965.7
97,14,6,4,2,195
97,21,13,7,6,591.5
97,22,48,25,23,1958.4
97,23,170,92,78,5797
97,24,237,120,117,8271.3
97,25,1,0,1,0
97,41,15,7,8,696
97,42,7,1,6,242.2
97,47,14,8,6,537.6
97,48,24,12,12,962.4
97,56,7,3,4,212.1
97,57,12,8,4,645.6
97,79,1,1,0,0
97,95,152,80,72,6292.8
97,104,31,14,17,1435.3
97,105,8,4,4,288.8
97,107,24,14,10,828
98,2,5,2,3,280
98,3,8,5,3,331.2
98,20,16,7,9,654.4
98,21,14,7,7,600.6
98,22,32,16,16,1196.8
98,23,21,11,10,823.2
98,24,152,75,77,5624
98,25,215,105,110,8987
98,26,150,73,77,6030
98,27,2,1,1,0
98,28,96,43,53,4848
98,29,206,91,115,8549
98,30,27,14,13,1117.8
98,39,23,14,9,1327.1
98,40,14,7,7,877.8
98,47,9,4,5,558.9
98,49,3,1,2,0
98,57,1,0,1,0
98,58,4,1,3,0
98,72,1,1,0,0
98,79,1,1,0,0
98,95,150,74,76,6060
98,96,777,348,429,34887.3
98,97,63,32,31,2633.4
98,100,3,2,1,0
98,101,2,1,1,0
98,103,81,43,38,3402
98,106,13,8,5,513.5
99,2,1,1,0,0
99,4,2,1,1,0
99,24,16,10,6,844.8
99,25,57,28,29,2547.9
99,26,69,38,31,2677.2
99,27,138,66,72,6568.8
99,28,338,171,167,14838.2
99,29,14,7,7,562.8
99,30,5,1,4,182
99,31,44,24,20,2103.2
99,32,60,26,34,2850
99,38,1,1,0,0
99,39,20,11,9,1080
99,40,62,23,39,3298.4
99,51,6,4,2,180
99,52,8,5,3,340.8
99,59,13,7,6,611
99,60,15,5,10,558
99,61,7,4,3,403.9
99,62,2,0,2,0
99,73,30,16,14,1386
99,98,20,12,8,888
99,102,1,1,0,0
99,111,13,8,5,513.5
99,112,76,37,39,3313.6
99,121,9,6,3,494.1
100,3,2,1,1,0
100,4,2,1,1,0
100,5,5,3,2,168
100,6,28,17,11,1190
100,24,6,3,3,150
100,27,16,10,6,622.4
100,28,44,22,22,2068
100,29,13,8,5,627.9
100,32,3,1,2,0
100,33,7,4,3,335.3
100,34,4,2,2,0
100,39,27,15,12,1344.6
100,40,2,1,1,0
100,47,2,1,1,0
100,52,10,4,6,600
100,53,139,78,61,5615.6
100,54,61,31,30,1921.5
100,74,1,1,0,0
100,99,2,1,1,0
100,112,18,6,12,909
100,113,4,3,1,0
100,114,7,3,4,378
100,121,85,36,49,3238.5
101,0,27,11,16,977.4
101,5,54,26,28,2170.8
101,6,12,8,4,556.8
101,27,3,2,1,0
101,34,2,1,1,0
101,35,15,9,6,547.5
101,36,2,1,1,0
101,40,2,1,1,0
101,41,16,9,7,798.4
101,53,8,3,5,320
101,54,91,42,49,3903.9
101,55,3,2,1,0
101,73,2,2,0,0
101,94,11,5,6,525.8
101,98,1,1,0,0
101,115,3,1,2,0
101,121,65,27,38,2561
102,4,14,4,10,537.6
102,5,12,7,5,508.8
102,36,10,5,5,623
102,40,3,2,1,0
102,41,2,1,1,0
102,54,8,3,5,371.2
102,55,18,10,8,918
102,56,35,20,15,1914.5
102,57,27,12,15,1044.9
102,100,4,2,2,0
103,37,4,2,2,0
103,43,9,6,3,270.9
103,56,18,10,8,815.4
103,57,80,39,41,4296
103,58,155,82,73,5890
103,59,99,49,50,4009.5
103,60,7,5,2,340.9
103,93,8,6,2,276.8
103,116,5,2,3,156
103,117,12,6,6,544.8
103,122,16,7,9,593.6
104,43,6,3,3,279
104,59,27,11,16,1471.5
104,60,3,2,1,0
104,61,6,4,2,418.2
104,62,6,4,2,216
104,71,1,1,0,0
104,93,14,7,7,625.8
104,103,2,1,1,0
104,117,6,5,1,147
104,122,17,8,9,533.8
104,123,22,14,8,596.2
105,4,1,1,0,0
105,58,6,2,4,336
105,59,67,32,35,3162.4
105,60,7,5,2,277.2
105,61,10,4,6,587
105,62,12,6,6,525.6
105,70,4,2,2,0
105,92,6,2,4,187.8
105,122,1,1,0,0
106,0,1,1,0,0
106,38,32,16,16,1411.2
106,39,10,5,5,420
106,49,4,1,3,0
106,50,12,5,7,502.8
106,57,10,5,5,444
106,58,4,3,1,0
106,61,2,1,1,0
106,98,1,1,0,0
106,100,98,46,52,3900.4
106,101,23,13,10,972.9
106,104,3,2,1,0
106,116,4,2,2,0
106,123,7,3,4,405.3
107,38,34,18,16,1101.6
107,39,12,6,6,651.6
107,46,2,1,1,0
107,47,7,4,3,181.3
107,48,4,3,1,0
107,49,12,7,5,372
107,50,8,6,2,299.2
107,56,2,1,1,0
107,57,17,9,8,729.3
107,68,44,23,21,1346.4
107,69,2,1,1,0
107,91,12,7,5,608.4
107,100,6,2,4,346.8
107,101,22,10,12,1080.2
107,105,3,1,2,0
107,106,8,4,4,363.2
107,122,11,4,7,370.7
108,6,52,25,27,1924
108,44,2,1,1,0
108,46,1,1,0,0
108,51,42,21,21,1835.4
108,52,21,9,12,949.2
108,56,12,7,5,537.6
108,68,23,10,13,1009.7
108,69,122,66,56,4819
108,90,5,3,2,318
108,91,2,1,1,0
108,101,42,22,20,1776.6
108,116,19,9,10,834.1
108,122,15,8,7,810
109,7,13,8,5,793
109,8,5,3,2,281
109,42,2,2,0,0
109,44,11,5,6,390.5
109,52,24,10,14,964.8
109,56,33,21,12,1485
109,57,14,7,7,487.2
109,58,1,0,1,0
109,68,1,1,0,0
109,69,97,47,50,3589
109,70,16,8,8,846.4
109,89,12,3,9,528
109,100,12,6,6,529.2
109,116,2,2,0,0
109,122,9,5,4,398.7
110,8,2,1,1,0
110,39,5,4,1,128
110,55,4,2,2,0
110,57,50,21,29,2070
110,58,4,2,2,0
110,69,121,66,55,4271.3
110,70,13,7,6,607.1
110,89,1,0,1,0
110,99,1,1,0,0
110,100,2,0,2,0
110,124,53,24,29,1998.1
110,125,9,4,5,308.7
111,39,7,5,2,277.9
111,55,10,5,5,597
111,57,36,17,19,1260
111,58,1,0,1,0
111,59,19,8,11,725.8
111,61,18,11,7,907.2
111,62,23,10,13,984.4
111,69,205,109,96,6888
111,70,17,8,9,674.9
111,115,11,5,6,562.1
111,124,5,2,3,133
111,125,30,16,14,1383
111,126,13,11,2,469.3
112,11,3,2,1,0
112,12,1,1,0,0
112,58,4,3,1,0
112,59,34,18,16,1366.8
112,60,72,36,36,2988
112,61,140,72,68,6202
112,62,108,59,49,4417.2
112,63,33,16,17,1171.5
112,64,2,1,1,0
112,68,27,14,13,909.9
112,69,521,262,259,19745.9
112,70,228,112,116,9188.4
112,71,4,2,2,0
112,115,17,7,10,644.3
112,116,3,0,3,0
113,42,2,1,1,0
113,52,10,4,6,397
113,53,6,2,4,352.8
113,54,50,26,24,1950
113,55,4,2,2,0
113,59,13,6,7,430.3
113,60,14,9,5,530.6
113,61,60,31,29,1758
113,62,1,1,0,0
113,66,129,72,57,5405.1
113,67,32,18,14,1430.4
113,68,135,73,62,6250.5
113,69,998,499,499,44011.8
113,70,98,45,53,4067
113,71,16,7,9,609.6
113,100,28,11,17,1260
113,101,19,11,8,769.5
113,103,1,1,0,0
113,117,5,3,2,198
114,43,15,10,5,531
114,55,35,17,18,1246
114,56,9,6,3,295.2
114,64,29,14,15,1084.6
114,66,182,93,89,7334.6
114,67,9,6,3,207
114,68,96,50,46,3849.6
114,69,19,12,7,982.3
114,70,28,14,14,795.2
114,71,56,30,26,2021.6
114,99,5,3,2,311
114,100,93,50,43,4454.7
114,101,9,4,5,395.1
114,102,1,1,0,0
114,103,3,2,1,0
114,104,2,1,1,0
114,114,1,1,0,0
114,116,6,4,2,231
114,117,1,1,0,0
115,40,70,34,36,2548
115,56,1,0,1,0
115,64,32,15,17,1251.2
115,65,21,11,10,980.7
115,66,33,14,19,1214.4
115,68,27,15,12,1009.8
115,69,273,136,137,10947.3
115,70,506,264,242,19936.4
115,71,440,221,219,18304
115,72,43,24,19,1156.7
115,100,136,69,67,4501.6
115,103,1,0,1,0
115,104,2,1,1,0
115,106,1,1,0,0
115,114,2,1,1,0
115,115,2,1,1,0
116,11,3,2,1,0
116,40,3,1,2,0
116,57,95,49,46,3496
116,58,66,32,34,2805
116,59,45,22,23,2290.5
116,64,5,2,3,214
116,65,16,7,9,636.8
116,70,213,107,106,8349.6
116,71,320,144,176,14432
116,72,5,3,2,159
116,73,47,28,19,1640.3
116,96,2,1,1,0
116,97,2,1,1,0
116,100,20,13,7,624
116,108,2,1,1,0
116,109,2,2,0,0
117,44,1,1,0,0
117,45,31,18,13,1348.5
117,58,193,92,101,8993.8
117,59,2,1,1,0
117,69,11,6,5,300.3
117,70,289,145,144,10490.7
117,71,7,3,4,252
117,73,49,23,26,1670.9
117,74,6,4,2,199.8
117,95,10,6,4,460
117,97,3,2,1,0
117,98,3,3,0,0
117,99,1,0,1,0
117,100,2,2,0,0
117,109,7,4,3,296.8
117,115,9,4,5,347.4
117,116,4,2,2,0
118,12,7,2,5,510.3
118,41,23,9,14,798.1
118,61,13,8,5,538.2
118,69,77,43,34,3026.1
118,70,27,15,12,853.2
118,73,16,9,7,825.6
118,74,27,12,15,1069.2
118,94,5,3,2,166
118,95,8,3,5,260.8
118,96,17,9,8,821.1
118,98,7,2,5,287
118,101,3,1,2,0
118,109,41,21,20,1627.7
118,110,12,5,7,452.4
119,12,8,3,5,390.4
119,13,7,3,4,186.2
119,41,6,2,4,199.2
119,58,15,9,6,639
119,60,17,9,8,884
119,61,35,20,15,1676.5
119,67,1,0,1,0
119,69,42,19,23,1810.2
119,70,27,12,15,1090.8
119,71,57,26,31,2228.7
119,72,30,16,14,1254
119,73,33,20,13,1052.7
119,96,5,3,2,122
119,97,27,14,13,945
119,98,3,1,2,0
119,101,4,2,2,0
119,109,6,3,3,175.2
119,116,10,7,3,253
119,117,8,6,2,316.8
120,12,19,10,9,807.5
120,58,6,4,2,385.2
120,61,6,4,2,258
120,69,3,2,1,0
120,70,8,5,3,304.8
120,71,57,33,24,2131.8
120,96,45,27,18,1494
120,97,14,6,8,418.6
120,98,4,2,2,0
120,99,6,3,3,199.8
120,118,6,2,4,282
121,12,16,12,4,566.4
121,58,13,7,6,449.8
121,59,9,6,3,358.2
121,61,10,4,6,485
121,62,5,2,3,314
121,70,2,1,1,0
121,97,28,15,13,781.2
121,98,29,16,13,1389.1
121,99,6,4,2,231
121,119,2,2,0,0
122,57,2,1,1,0
122,58,4,3,1,0
122,80,1,1,0,0
122,97,16,10,6,756.8
122,98,51,27,24,1550.4
123,13,1,0,1,0
123,57,7,4,3,235.9
123,58,7,3,4,170.8
123,64,1,1,0,0
123,95,7,4,3,324.1
123,96,127,58,69,4089.4
123,97,82,44,38,2714.2
124,57,42,24,18,1612.8
124,64,63,35,28,2538.9
124,65,3,1,2,0
124,66,1,1,0,0
124,67,1,1,0,0
124,95,38,19,19,1451.6
124,96,4,3,1,0
124,97,20,9,11,884
124,119,3,1,2,0
125,15,5,1,4,95
125,31,5,2,3,89
125,64,91,45,46,4804.8
125,65,34,17,17,1414.4
125,72,13,6,7,722.8
125,73,10,5,5,293
125,95,23,13,10,1179.9
125,96,57,27,30,2131.8
125,97,55,28,27,2227.5
125,98,10,5,5,361
125,119,10,5,5,430
126,15,15,7,8,505.5
126,30,2,1,1,0
126,64,11,6,5,479.6
126,65,23,9,14,1037.3
126,67,2,1,1,0
126,72,22,13,9,1278.2
126,73,14,8,6,404.6
126,94,13,7,6,412.1
126,95,21,8,13,709.8
126,96,54,32,22,2592
126,97,60,32,28,2484
126,98,20,12,8,814
126,119,15,7,8,631.5
127,67,10,4,6,428
127,73,29,13,16,1293.4
127,74,56,30,26,2520
127,93,3,2,1,0
127,94,21,9,12,928.2
127,95,7,4,3,177.8