x,y,p,m,f,ta
40,125,4,1,3,0
40,126,67,36,31,3195.9
41,115,13,9,4,777.4
41,123,13,4,9,629.2
41,125,34,17,17,1254.6
41,126,240,121,119,10896
41,127,1,1,0,0
42,101,1,0,1,0
42,104,2,1,1,0
42,105,15,7,8,565.5
42,123,40,21,19,1816
42,125,129,60,69,5185.8
42,126,48,18,30,1651.2
43,101,35,18,17,1641.5
43,102,10,6,4,565
43,103,5,3,2,329
43,104,27,12,15,1090.8
43,105,60,29,31,3114
43,106,4,1,3,0
43,107,19,8,11,708.7
43,108,106,53,53,4621.6
43,109,36,19,17,1623.6
43,110,57,35,22,2747.4
43,111,49,24,25,2366.7
43,112,159,82,77,7075.5
44,100,13,13,0,483.6
44,101,22,12,10,1130.8
44,103,142,73,69,4899
44,104,111,55,56,4761.9
44,105,2,1,1,0
44,106,2,1,1,0
44,107,36,14,22,1825.2
44,108,22,12,10,833.8
44,109,8,4,4,410.4
44,110,9,3,6,530.1
44,112,22,13,9,1267.2
45,2,1,1,0,0
45,20,1,1,0,0
45,22,2,1,1,0
45,72,1,1,0,0
45,96,53,29,24,2300.2
45,97,253,131,122,9032.1
45,98,42,21,21,1503.6
45,100,198,101,97,6534
45,101,162,80,82,5848.2
45,102,9,3,6,470.7
45,103,7,5,2,254.8
45,104,106,58,48,3975
45,105,76,42,34,3093.2
45,106,1,0,1,0
45,107,26,9,17,943.8
45,110,8,4,4,526.4
46,6,29,18,11,1389.1
46,7,6,2,4,175.2
46,10,56,32,24,2592.8
46,11,53,26,27,2151.8
46,12,122,61,61,4819
46,13,40,22,18,1352
46,18,6,1,5,159
46,19,2,1,1,0
46,22,6,4,2,234
46,25,11,6,5,621.5
46,66,260,134,126,10894
46,67,16,10,6,316.8
46,73,47,26,21,1649.7
46,77,41,19,22,1697.4
46,87,75,39,36,2422.5
46,88,23,10,13,828
46,94,70,43,27,2625
46,95,87,41,46,3871.5
46,97,217,119,98,9048.9
46,98,32,15,17,1187.2
46,101,4,3,1,0
46,102,6,3,3,211.2
47,0,18,10,8,943.2
47,6,12,9,3,333.6
47,7,7,6,1,261.8
47,11,94,44,50,2848.2
47,12,91,46,45,4004
47,13,213,118,95,7561.5
47,14,98,53,45,3782.8
47,16,21,10,11,907.2
47,21,6,2,4,243
47,22,17,9,8,630.7
47,23,8,5,3,360
47,24,15,7,8,715.5
47,25,33,14,19,1702.8
47,35,63,37,26,2942.1
47,36,1,0,1,0
47,56,1,1,0,0
47,61,38,23,15,1934.2
47,65,96,45,51,3628.8
47,66,284,141,143,10934
47,67,22,14,8,866.8
47,71,5,2,3,184
47,72,56,26,30,2251.2
47,73,65,33,32,2749.5
47,74,28,15,13,1050
47,76,57,26,31,1675.8
47,77,123,63,60,4428
47,87,38,21,17,1383.2
47,88,19,9,10,1073.5
47,93,281,140,141,9722.6
47,94,347,183,164,11763.3
47,95,229,109,120,10808.8
47,96,10,6,4,398
47,97,29,16,13,1180.3
47,127,18,10,8,1029.6
48,0,2,1,1,0
48,2,87,45,42,3001.5
48,3,40,23,17,1844
48,9,34,18,16,1173
48,10,86,49,37,2777.8
48,11,76,39,37,2401.6
48,12,15,5,10,304.5
48,13,178,94,84,5535.8
48,14,86,45,41,3551.8
48,16,13,8,5,712.4
48,17,10,7,3,427
48,20,9,3,6,394.2
48,21,7,3,4,312.2
48,24,19,13,6,828.4
48,35,13,7,6,569.4
48,36,66,34,32,2442
48,37,24,13,11,1195.2
48,38,29,13,16,1467.4
48,50,21,10,11,648.9
48,55,26,14,12,1112.8
48,60,60,28,32,2802
48,61,8,5,3,283.2
48,65,20,11,9,674
48,71,30,18,12,1014
48,72,41,26,15,1713.8
48,74,99,50,49,3267
48,75,166,85,81,6175.2
48,76,147,83,64,5380.2
48,77,129,70,59,4153.8
48,78,30,16,14,1167
48,80,1,0,1,0
48,82,28,16,12,1265.6
48,83,11,6,5,390.5
48,84,139,75,64,5129.1
48,85,35,19,16,1365
48,87,3,1,2,0
48,90,203,103,100,6699
48,91,241,120,121,8820.6
48,92,340,184,156,12002
48,93,257,124,133,8044.1
48,94,40,20,20,1156
49,3,40,20,20,1532
49,5,4,2,2,0
49,9,102,52,50,4029
49,10,338,174,164,12979.2
49,11,67,32,35,2432.1
49,12,261,127,134,9630.9
49,13,431,204,227,16119.4
49,14,482,263,219,17207.4
49,15,61,31,30,2049.6
49,16,1,1,0,0
49,18,50,24,26,1200
49,19,14,6,8,446.6
49,20,3,2,1,0
49,36,2,1,1,0
49,41,11,7,4,446.6
49,43,1,0,1,0
49,44,15,9,6,609
49,50,8,4,4,539.2
49,51,9,5,4,450.9
49,55,14,7,7,656.6
49,56,80,43,37,3488
49,57,129,67,62,3689.4
49,58,28,14,14,1425.2
49,59,112,60,52,3998.4
49,60,303,151,152,11180.7
49,61,8,3,5,516.8
49,62,42,22,20,1843.8
49,64,10,5,5,544
49,68,4,2,2,0
49,72,184,87,97,6605.6
49,73,336,172,164,12398.4
49,74,32,19,13,1148.8
49,75,120,66,54,4356
49,76,135,69,66,4279.5
49,77,37,18,19,1635.4
49,78,120,66,54,4404
49,79,107,56,51,4055.3
49,80,277,142,135,9916.6
49,81,76,40,36,2363.6
49,82,655,323,332,19977.5
49,83,372,197,175,12276
49,84,121,58,63,3884.1
49,85,293,139,154,10635.9
49,86,185,102,83,6604.5
49,87,245,116,129,9016
49,88,107,57,50,3969.7
49,89,319,163,156,10782.2
49,90,127,67,60,3975.1
49,91,1,1,0,0
49,92,2,1,1,0
49,116,56,29,27,2396.8
49,117,7,3,4,287.7
49,124,4,2,2,0
49,125,37,22,15,1794.5
49,126,55,26,29,2040.5
50,6,21,10,11,749.7
50,7,12,8,4,447.6
50,8,23,11,12,448.5
50,9,17,10,7,836.4
50,10,117,60,57,3767.4
50,11,23,13,10,848.7
50,12,46,28,18,1265
50,13,797,374,423,33872.5
50,14,268,143,125,9326.4
50,15,5,3,2,319
50,21,147,85,62,5292
50,22,21,10,11,1341.9
50,36,84,38,46,3276
50,43,11,5,6,706.2
50,44,27,16,11,993.6
50,50,58,28,30,1867.6
50,51,97,52,45,4180.7
50,52,4,2,2,0
50,55,29,21,8,1090.4
50,56,3,1,2,0
50,58,21,9,12,1033.2
50,59,111,57,54,4539.9
50,61,29,17,12,1212.2
50,62,159,87,72,5406
50,63,70,39,31,2121
50,64,237,120,117,6351.6
50,67,7,4,3,205.1
50,68,109,56,53,4752.4
50,69,70,34,36,2919
50,70,153,88,65,6303.6
50,71,59,29,30,2849.7
50,72,34,20,14,1635.4
50,73,482,246,236,15472.2
50,80,13,5,8,413.4
50,81,260,140,120,7644
50,82,583,261,322,23028.5
50,84,484,237,247,15826.8
50,85,17,6,11,674.9
50,100,75,37,38,2790
50,101,21,12,9,1127.7
50,114,5,4,1,176
50,115,10,5,5,291
50,116,19,8,11,849.3
50,117,2,1,1,0
50,120,2,1,1,0
50,122,66,35,31,2791.8
50,123,5,3,2,285
50,124,1,1,0,0
50,125,10,8,2,349
50,126,17,10,7,421.6
50,127,10,5,5,371
51,4,75,33,42,3135
51,5,21,11,10,974.4
51,6,64,31,33,2432
51,7,4,2,2,0
51,8,11,7,4,503.8
51,9,39,19,20,1240.2
51,10,10,6,4,402
51,13,224,122,102,6854.4
51,14,37,23,14,1309.8
51,15,1,1,0,0
51,24,2,1,1,0
51,36,78,43,35,3049.8
51,37,76,41,35,2865.2
51,39,2,1,1,0
51,51,10,6,4,269
51,56,2,1,1,0
51,57,5,3,2,162
51,59,253,137,116,9841.7
51,60,169,86,83,6286.8
51,61,56,28,28,2637.6
51,62,68,35,33,2461.6
51,63,33,15,18,1788.6
51,64,86,48,38,4059.2
51,65,419,208,211,14539.3
51,66,168,83,85,4452
51,67,77,31,46,2833.6
51,68,1,1,0,0
51,69,41,25,16,1422.7
51,70,22,12,10,825
51,71,134,68,66,4462.2
51,72,24,10,14,830.4
51,73,134,71,63,5628
51,78,86,47,39,3250.8
51,81,212,103,109,7123.2
51,82,469,230,239,15477
51,84,68,33,35,2176
51,85,1,0,1,0
51,96,23,10,13,975.2
51,97,13,9,4,455
51,98,68,32,36,3413.6
51,99,215,114,101,8944
51,100,19,10,9,1223.6
51,104,16,8,8,835.2
51,112,2,1,1,0
51,113,12,6,6,459.6
51,114,96,51,45,4041.6
51,115,279,131,148,9960.3
51,116,43,26,17,1767.3
51,117,61,30,31,2757.2
51,118,59,37,22,2531.1
51,119,8,4,4,516
51,121,29,19,10,1429.7
51,122,138,74,64,6085.8
51,123,193,97,96,6774.3
51,125,1,1,0,0
52,2,1,1,0,0
52,4,14,6,8,695.8
52,5,9,2,7,476.1
52,6,213,100,113,6496.5
52,7,191,103,88,8308.5
52,9,41,20,21,1279.2
52,10,13,7,6,434.2
52,13,44,21,23,1535.6
52,14,2,1,1,0
52,18,4,2,2,0
52,19,18,9,9,689.4
52,36,36,16,20,1641.6
52,37,84,40,44,3528
52,56,134,71,63,4274.6
52,57,383,200,183,11758.1
52,58,143,79,64,4032.6
52,59,6,3,3,270
52,65,3,2,1,0
52,66,248,122,126,10515.2
52,67,124,65,59,4426.8
52,68,49,26,23,2214.8
52,69,6,3,3,397.8
52,71,2,1,1,0
52,73,210,104,106,7140
52,75,23,11,12,959.1
52,76,76,40,36,2401.6
52,78,52,26,26,1846
52,79,117,67,50,3966.3
52,80,488,249,239,15957.6
52,81,27,14,13,666.9
52,95,23,13,10,857.9
52,96,223,109,114,7626.6
52,103,16,8,8,656
52,104,14,7,7,827.4
52,108,33,16,17,1425.6
52,109,29,13,16,1049.8
52,112,111,59,52,3862.8
52,113,28,17,11,1313.2
52,114,45,24,21,1539
52,115,50,30,20,1550
52,116,25,14,11,1342.5
52,121,21,10,11,680.4
52,122,64,36,28,2822.4
52,123,59,35,24,2029.6
52,124,377,192,185,14740.7
52,125,50,26,24,2010
52,126,26,13,13,1203.8
52,127,71,36,35,3116.9
53,1,2,1,1,0
53,2,6,5,1,369
53,7,3,1,2,0
53,8,6,3,3,211.8
53,9,35,19,16,1228.5
53,10,23,14,9,943
53,13,146,85,61,4964
53,14,8,5,3,334.4
53,15,3,2,1,0
53,16,2,1,1,0
53,17,2,1,1,0
53,18,14,9,5,459.2
53,19,25,14,11,1615
53,27,1,1,0,0
53,33,2,1,1,0
53,34,8,3,5,559.2
53,37,42,23,19,1726.2
53,47,10,6,4,368
53,48,63,30,33,2690.1
53,49,114,63,51,5244
53,50,11,7,4,305.8
53,51,1,1,0,0
53,56,15,8,7,351
53,57,210,109,101,5817
53,63,15,9,6,682.5
53,64,40,18,22,1628
53,65,143,78,65,4862
53,66,28,18,10,1122.8
53,67,187,94,93,6806.8
53,68,103,46,57,4284.8
53,69,33,17,16,1386
53,70,2,1,1,0
53,71,13,7,6,611
53,72,41,19,22,1734.3
53,73,338,181,157,12506
53,74,91,42,49,2611.7
53,76,259,133,126,8935.5
53,77,243,125,118,8650.8
53,78,378,184,194,12096
53,79,388,203,185,13851.6
53,80,192,95,97,5932.8
53,85,139,78,61,5615.6
53,94,97,55,42,3724.8
53,95,5,3,2,263
53,96,106,51,55,3826.6
53,97,14,8,6,691.6
53,98,2,1,1,0
53,103,61,32,29,2440
53,104,36,18,18,1400.4
53,108,2,1,1,0
53,110,89,45,44,3462.1
53,111,44,21,23,1900.8
53,112,10,5,5,457
53,114,19,11,8,661.2
53,121,9,5,4,295.2
53,122,45,22,23,1876.5
53,123,52,25,27,2449.2
53,124,133,57,76,7541.1
53,125,133,69,64,5812.1
53,126,36,19,17,1432.8
53,127,28,14,14,1134
54,5,8,4,4,366.4
54,7,36,18,18,1400.4
54,9,16,10,6,659.2
54,12,88,51,37,3432
54,13,92,41,51,3026.8
54,14,41,18,23,1258.7
54,15,422,217,205,14770
54,16,5,3,2,308
54,17,13,6,7,512.2
54,18,38,20,18,1729
54,33,34,17,17,1451.8
54,34,25,14,11,790
54,35,8,4,4,412
54,36,197,104,93,7407.2
54,37,252,128,124,9097.2
54,41,7,2,5,385.7
54,43,16,9,7,756.8
54,47,145,82,63,4335.5
54,48,79,39,40,2907.2
54,49,83,44,39,2066.7
54,51,14,10,4,338.8
54,56,176,83,93,5139.2
54,57,169,85,84,6810.7
54,58,8,5,3,384.8
54,59,16,9,7,665.6
54,60,32,16,16,1638.4
54,61,7,2,5,170.8
54,64,29,18,11,988.9
54,65,173,84,89,6764.3
54,66,32,17,15,1040
54,67,283,150,133,9112.6
54,68,19,10,9,716.3
54,74,7,3,4,182.7
54,75,398,198,200,13611.6
54,76,449,219,230,15535.4
54,80,6,5,1,352.8
54,85,90,52,38,4059
54,92,25,15,10,1115
54,93,103,47,56,3646.2
54,94,52,26,26,2152.8
54,95,176,92,84,5473.6
54,96,47,23,24,2021
54,98,20,11,9,802
54,99,126,68,58,4611.6
54,103,5,2,3,159
54,108,5,2,3,123
54,110,54,33,21,2408.4
54,111,7,4,3,478.8
54,112,48,26,22,1848
54,113,7,4,3,324.8
54,115,13,7,6,668.2
54,116,88,47,41,4382.4
54,117,28,17,11,851.2
54,118,7,4,3,506.8
54,120,44,21,23,1654.4
54,121,2,1,1,0
54,122,107,55,52,4033.9
54,124,7,4,3,298.2
54,125,18,10,8,1006.2
54,126,11,5,6,657.8
55,5,24,12,12,988.8
55,12,67,38,29,2586.2
55,13,7,4,3,205.8
55,14,576,296,280,22752
55,15,201,110,91,7738.5
55,34,8,1,7,308
55,35,3,2,1,0
55,36,116,60,56,4790.8
55,37,53,31,22,1722.5
55,38,10,6,4,332
55,39,46,22,24,1173
55,40,193,103,90,7391.9
55,41,48,30,18,1344
55,43,18,9,9,703.8
55,44,15,8,7,633
55,47,131,68,63,4257.5
55,48,11,5,6,344.3
55,57,30,18,12,1155
55,58,116,65,51,4477.6
55,59,159,82,77,5898.9
55,60,320,173,147,12544
55,61,335,168,167,13869
55,62,26,17,9,949
55,68,14,7,7,446.6
55,69,140,76,64,5376
55,70,171,90,81,5574.6
55,73,117,65,52,4680
55,74,208,107,101,8486.4
55,75,429,221,208,16130.4
55,76,15,10,5,757.5
55,77,38,23,15,1231.2
55,78,377,187,190,12855.7
55,85,119,61,58,4593.4
55,86,197,98,99,6540.4
55,88,126,66,60,5153.4
55,92,98,51,47,4390.4
55,94,26,16,10,1263.6
55,95,64,33,31,2880
55,96,7,4,3,231
55,97,25,12,13,772.5
55,98,165,76,89,5610
55,99,115,63,52,5083
55,100,71,37,34,2634.1
55,103,10,6,4,395
55,104,7,4,3,298.2
55,107,174,89,85,5202.6
55,108,18,9,9,543.6
55,109,50,21,29,2000
55,110,20,10,10,718
55,111,54,27,27,2214
55,112,21,10,11,890.4
55,113,4,2,2,0
55,115,62,31,31,2548.2
55,120,18,10,8,653.4
55,121,6,2,4,247.2
55,123,30,18,12,951
55,124,19,12,7,689.7
55,125,34,17,17,1091.4
55,126,93,46,47,3747.9
55,127,7,4,3,289.8
56,6,52,25,27,2428.4
56,12,82,43,39,2788
56,13,8,5,3,315.2
56,19,3,2,1,0
56,26,2,0,2,0
56,36,11,7,4,498.3
56,37,41,19,22,1640
56,39,29,14,15,1226.7
56,40,10,6,4,456
56,41,18,10,8,1024.2
56,43,8,4,4,312.8
56,44,65,36,29,2093
56,45,4,1,3,0
56,48,1,0,1,0
56,49,18,8,10,628.2
56,60,71,33,38,2754.8
56,61,1,1,0,0
56,62,4,3,1,0
56,70,123,60,63,4182
56,71,117,56,61,4457.7
56,72,159,85,74,5660.4
56,73,57,31,26,2166
56,74,24,15,9,676.8
56,75,661,337,324,25845.1
56,76,970,464,506,44135
56,77,1209,608,601,44853.9
56,78,663,350,313,23072.4
56,79,178,98,80,5767.2
56,80,129,69,60,4411.8
56,85,1,1,0,0
56,86,275,139,136,10725
56,87,248,127,121,7762.4
56,88,285,143,142,9804
56,91,56,27,29,1892.8
56,92,377,182,195,14589.9
56,93,268,131,137,8870.8
56,94,3,2,1,0
56,96,84,38,46,2192.4
56,97,12,6,6,580.8
56,98,75,40,35,3060
56,99,148,75,73,5135.6
56,100,22,10,12,836
56,103,23,13,10,897
56,104,5,3,2,168
56,106,5,2,3,346
56,107,338,160,178,16562
56,108,324,163,161,10594.8
56,109,6,3,3,96
56,110,69,36,33,2587.5
56,111,79,37,42,2686
56,112,3,2,1,0
56,113,7,7,0,273
56,114,34,21,13,1638.8
56,115,19,8,11,632.7
56,120,25,14,11,855
56,121,13,8,5,591.5
56,122,28,12,16,1344
56,123,1,0,1,0
56,124,4,3,1,0
56,125,34,17,17,1196.8
56,126,277,137,140,10913.8
56,127,57,32,25,2513.7
57,0,112,51,61,4088
57,1,66,37,29,2428.8
57,2,21,12,9,688.8
57,3,169,85,84,5239
57,4,62,29,33,1711.2
57,5,164,83,81,5756.4
57,6,27,14,13,1625.4
57,7,34,20,14,1149.2
57,8,20,11,9,768
57,9,44,26,18,2138.4
57,10,7,3,4,352.8
57,11,79,49,30,2978.3
57,12,252,129,123,10483.2
57,19,26,18,8,1060.8
57,20,23,13,10,765.9
57,23,3,2,1,0
57,24,2,1,1,0
57,26,5,2,3,217
57,35,24,14,10,1111.2
57,36,145,71,74,5307
57,37,4,2,2,0
57,44,10,6,4,591
57,45,114,57,57,3568.2
57,46,496,252,244,17112
57,47,245,130,115,8697.5
57,48,17,8,9,748
57,61,8,5,3,412.8
57,62,16,9,7,1043.2
57,68,4,2,2,0
57,69,166,85,81,5428.2
57,70,3,1,2,0
57,71,57,25,32,2069.1
57,72,2,1,1,0
57,73,53,28,25,2300.2
57,74,257,140,117,8789.4
57,75,865,454,411,30794
57,76,967,480,487,33458.2
57,77,9,4,5,329.4
57,79,80,41,39,2728
57,80,18,12,6,523.8
57,85,5,3,2,289
57,86,182,92,90,5933.2
57,87,255,125,130,7038
57,88,214,117,97,6976.4
57,89,8,5,3,299.2
57,91,9,6,3,381.6
57,92,48,22,26,2126.4
57,93,208,111,97,5948.8
57,94,37,14,23,1457.8
57,96,44,22,22,1751.2
57,97,44,19,25,1522.4
57,98,7,2,5,294.7
57,99,24,11,13,943.2
57,100,6,3,3,388.2
57,102,1,0,1,0
57,103,37,20,17,1605.8
57,104,2,1,1,0
57,106,26,16,10,845
57,107,199,96,103,8974.9
57,108,142,79,63,5736.8
57,110,7,4,3,324.8
57,112,25,12,13,1115
57,113,102,51,51,4253.4
57,114,23,12,11,798.1
57,115,57,36,21,2627.7
57,116,6,4,2,234
57,122,8,4,4,288.8
57,123,18,10,8,822.6
57,124,78,43,35,2901.6
57,125,68,33,35,2325.6
57,126,46,22,24,1711.2
57,127,38,17,21,1637.8
58,0,325,164,161,11472.5
58,1,308,151,157,12474
58,2,73,38,35,2350.6
58,3,64,36,28,2451.2
58,4,38,22,16,988
58,5,6,3,3,237
58,14,22,12,10,510.4
58,15,23,12,11,947.6
58,16,6,4,2,226.2
58,18,15,7,8,487.5
58,19,101,53,48,3686.5
58,20,19,10,9,533.9
58,21,1,1,0,0
58,22,14,6,8,631.4
58,23,10,5,5,617
58,24,35,17,18,1459.5
58,25,516,275,241,17337.6
58,26,64,37,27,2112
58,27,4,2,2,0
58,28,3,2,1,0
58,35,20,13,7,834
58,36,50,25,25,2145
58,37,9,4,5,264.6
58,40,12,6,6,429.6
58,41,13,6,7,617.5
58,42,59,33,26,2601.9
58,43,17,9,8,622.2
58,44,203,104,99,7308
58,45,413,203,210,15074.5
58,46,43,18,25,1427.6
58,47,56,27,29,1881.6
58,48,4,3,1,0
58,69,63,31,32,1915.2
58,70,68,38,30,2332.4
58,71,199,103,96,6606.8
58,72,270,131,139,8802
58,73,6,4,2,343.2
58,74,320,163,157,10720
58,75,283,133,150,10640.8
58,76,683,351,332,25475.9
58,77,227,120,107,8353.6
58,78,1142,603,539,42939.2
58,79,442,225,217,16398.2
58,81,125,69,56,4362.5
58,82,330,174,156,13629
58,83,571,295,276,19242.7
58,85,325,172,153,9100
58,86,1050,528,522,30030
58,87,429,223,206,11754.6
58,88,76,40,36,3488.4
58,89,4,1,3,0
58,91,2,1,1,0
58,94,11,7,4,471.9
58,96,113,57,56,4147.1
58,98,6,5,1,204
58,104,14,8,6,649.6
58,105,25,15,10,1247.5
58,106,66,37,29,2930.4
58,107,24,13,11,1440
58,108,23,11,12,1127
58,109,20,12,8,922
58,110,25,13,12,1140
58,111,23,13,10,715.3
58,112,79,38,41,3412.8
58,113,42,22,20,1386
58,114,4,2,2,0
58,122,8,6,2,571.2
58,123,8,4,4,231.2
58,124,29,15,14,1041.1
58,125,90,59,31,3132
58,127,2,2,0,0
59,0,105,48,57,3580.5
59,1,260,124,136,12194
59,2,11,7,4,368.5
59,3,16,7,9,430.4
59,4,12,4,8,500.4
59,10,18,14,4,741.6
59,11,15,5,10,510
59,14,171,84,87,5472
59,15,10,5,5,267
59,19,8,3,5,367.2
59,20,145,75,70,5785.5
59,21,76,37,39,2804.4
59,22,27,12,15,936.9
59,23,6,4,2,264
59,24,22,12,10,789.8
59,25,224,98,126,9363.2
59,26,62,42,20,3385.2
59,27,10,5,5,254
59,30,18,12,6,882
59,37,75,33,42,2977.5
59,43,72,34,38,3038.4
59,44,82,38,44,2788
59,62,24,13,11,1080
59,65,4,1,3,0
59,66,59,31,28,2501.6
59,67,56,35,21,2055.2
59,68,5,3,2,169
59,70,4,3,1,0
59,71,171,82,89,6241.5
59,72,55,29,26,2161.5
59,73,223,121,102,8496.3
59,74,482,242,240,18267.8
59,75,272,131,141,10200
59,76,850,414,436,26435
59,77,667,334,333,24078.7
59,79,654,345,309,22497.6
59,80,161,90,71,5618.9
59,81,921,483,438,32142.9
59,82,90,48,42,3942
59,83,313,154,159,10266.4
59,85,148,74,74,6038.4
59,86,426,189,237,16699.2
59,87,433,192,241,18532.4
59,88,5,3,2,133
59,90,75,39,36,2940
59,91,30,18,12,1410
59,92,68,38,30,2257.6
59,94,3,1,2,0
59,95,122,59,63,4440.8
59,96,87,47,40,2801.4
59,98,17,10,7,741.2
59,104,13,5,8,586.3
59,105,11,5,6,425.7
59,106,42,25,17,2247
59,107,14,7,7,520.8
59,108,49,22,27,1754.2
59,109,12,7,5,573.6
59,117,3,1,2,0
59,119,6,3,3,96
59,120,111,61,50,3696.3
59,121,9,5,4,532.8
59,123,86,37,49,2451
59,124,14,8,6,631.4
60,0,18,10,8,811.8
60,1,206,111,95,7869.2
60,3,8,5,3,156
60,9,277,135,142,10027.4
60,10,166,88,78,5660.6
60,11,68,38,30,2713.2
60,13,14,8,6,935.2
60,19,54,22,32,1981.8
60,20,52,31,21,2126.8
60,21,2,1,1,0
60,22,45,17,28,2052
60,23,109,54,55,4490.8
60,24,52,26,26,2147.6
60,25,172,86,86,6054.4
60,26,580,300,280,22968
60,27,3,1,2,0
60,29,11,4,7,511.5
60,30,47,26,21,2077.4
60,31,6,3,3,265.8
60,32,6,3,3,169.8
60,37,1,1,0,0
60,38,12,6,6,681.6
60,40,14,9,5,656.6
60,42,2,1,1,0
60,43,23,10,13,777.4
60,44,38,18,20,1204.6
60,63,77,41,36,3018.4
60,65,232,115,117,8398.4
60,66,108,57,51,4395.6
60,67,62,39,23,2343.6
60,68,291,154,137,12163.8
60,69,6,3,3,274.2
60,70,122,66,56,4733.6
60,71,6,4,2,337.8
60,72,966,494,472,36997.8
60,73,1023,513,510,38567.1
60,74,314,167,147,11052.8
60,75,64,28,36,2329.6
60,76,545,280,265,18257.5
60,77,1760,894,866,61952
60,78,28,12,16,1022
60,79,162,84,78,5767.2
60,80,893,457,436,30629.9
60,81,422,185,237,16669
60,82,98,49,49,4292.4
60,83,1238,632,606,37759
60,84,325,161,164,13390
60,85,550,278,272,19195
60,86,197,98,99,6796.5
60,87,73,37,36,2686.4
60,90,7,4,3,336.7
60,91,81,38,43,3418.2
60,92,9,6,3,188.1
60,94,271,137,134,8536.5
60,95,41,18,23,2050
60,96,48,21,27,1881.6
60,97,15,9,6,459
60,98,48,25,23,1632
60,99,2,1,1,0
60,101,57,30,27,2023.5
60,102,2,1,1,0
60,105,10,5,5,550
60,107,63,30,33,2041.2
60,108,32,18,14,1472
60,117,4,3,1,0
60,119,9,6,3,192.6
60,120,66,33,33,2752.2
60,121,25,15,10,1170
60,123,16,6,10,817.6
61,8,321,165,156,9951
61,9,522,281,241,20097
61,10,431,228,203,15300.5
61,12,3,1,2,0
61,19,7,1,6,254.8
61,20,4,4,0,0
61,23,6,3,3,96
61,25,41,23,18,1160.3
61,26,63,30,33,3112.2
61,27,2,1,1,0
61,28,7,3,4,419.3
61,29,14,6,8,814.8
61,30,10,6,4,389
61,31,24,10,14,1135.2
61,40,17,8,9,637.5
61,41,5,2,3,359
61,62,67,37,30,2599.6
61,63,340,174,166,12512
61,64,941,477,464,34534.7
61,65,273,137,136,9937.2
61,66,119,63,56,4641
61,67,54,27,27,2381.4
61,70,260,140,120,9048
61,71,98,48,50,3665.2
61,72,128,69,59,4864
61,73,209,114,95,7085.1
61,74,510,250,260,20451
61,75,689,343,346,24459.5
61,76,148,73,75,6837.6
61,77,985,500,485,34672
61,78,1501,752,749,61390.9
61,79,103,51,52,3955.2
61,80,1037,513,524,32561.8
61,81,348,171,177,9952.8
61,82,540,274,266,19764
61,83,506,276,230,16293.2
61,84,5,4,1,166
61,91,91,47,44,3822
61,94,515,261,254,15604.5
61,95,29,13,16,1418.1
61,96,98,50,48,3773
61,97,10,7,3,152
61,101,40,24,16,1924
61,102,2,1,1,0
61,103,4,2,2,0
61,104,6,2,4,273
61,105,27,12,15,1266.3
61,106,107,58,49,4023.2
61,107,75,39,36,2707.5
61,109,17,8,9,634.1
61,110,9,6,3,264.6
61,111,5,2,3,105
61,112,14,8,6,698.6
61,113,11,9,2,328.9
61,116,4,3,1,0
61,117,6,4,2,340.2
61,118,8,4,4,394.4
61,119,14,6,8,721
61,120,30,15,15,1365
61,122,13,5,8,592.8
61,123,38,19,19,1607.4
62,5,32,15,17,1462.4
62,6,5,3,2,360
62,8,244,116,128,8393.6
62,9,493,253,240,20163.7
62,10,811,397,414,27574
62,30,12,9,3,428.4
62,59,4,2,2,0
62,62,111,50,61,4573.2
62,63,421,216,205,17345.2
62,64,715,358,357,25811.5
62,65,429,214,215,15272.4
62,66,394,200,194,15760
62,67,330,176,154,12639
62,69,4,2,2,0
62,70,539,279,260,20266.4
62,71,52,27,25,1996.8
62,72,463,225,238,18288.5
62,73,847,411,436,33371.8
62,74,2053,1025,1028,76371.6
62,75,3106,1527,1579,121134
62,76,2124,1040,1084,87296.4
62,77,2694,1287,1407,108837.6
62,78,2909,1435,1474,114323.7
62,79,292,153,139,13957.6
62,80,688,341,347,27244.8
62,81,1669,849,820,67427.6
62,82,588,275,313,24343.2
62,84,61,35,26,2806
62,85,928,482,446,31459.2
62,86,11,5,6,358.6
62,87,17,10,7,700.4
62,88,65,30,35,2652
62,89,120,55,65,4332
62,90,171,87,84,6412.5
62,91,32,16,16,1059.2
62,92,128,68,60,3673.6
62,93,25,12,13,815
62,94,28,15,13,1159.2
62,95,67,35,32,2432.1
62,96,37,15,22,1309.8
62,97,24,11,13,984
62,98,9,4,5,477
62,99,23,13,10,1007.4
62,100,10,6,4,252
62,103,28,19,9,996.8
62,104,152,75,77,5304.8
62,105,47,26,21,2025.7
62,106,7,4,3,310.1
62,108,12,5,7,614.4
62,109,28,16,12,1313.2
62,110,39,15,24,1790.1
62,111,24,12,12,528
62,112,31,14,17,1019.9
62,115,3,2,1,0
62,117,2,1,1,0
62,118,20,12,8,1008
62,120,4,2,2,0
62,121,39,22,17,1860.3
63,7,160,77,83,4192
63,8,347,170,177,11832.7
63,9,3,2,1,0
63,10,243,133,110,9039.6
63,11,40,25,15,1160
63,30,17,9,8,639.2
63,36,35,17,18,1491
63,59,71,41,30,2840
63,60,312,163,149,12792
63,61,87,51,36,3549.6
63,64,73,37,36,3146.3
63,65,253,133,120,9436.9
63,66,421,217,204,14524.5
63,67,865,440,425,34859.5
63,68,818,440,378,29693.4
63,69,1602,792,810,55589.4
63,70,713,347,366,27878.3
63,71,623,310,313,24234.7
63,72,1639,822,817,61790.3
63,73,834,392,442,35111.4
63,74,437,224,213,16387.5
63,75,159,82,77,5898.9
63,77,2,0,2,0
63,78,31,16,15,1202.8
63,79,35,32,3,1624
63,80,152,72,80,6824.8
63,81,1033,517,516,41113.4
63,82,788,406,382,29156
63,83,726,364,362,28604.4
63,84,809,417,392,28395.9
63,85,1179,593,586,39378.6
63,86,139,71,68,6282.8
63,87,175,98,77,7122.5
63,88,577,293,284,23830.1
63,89,417,202,215,14595
63,90,6,2,4,301.2
63,92,118,62,56,4448.6
63,93,63,37,26,2709
63,94,86,46,40,4153.8
63,95,69,38,31,2435.7
63,96,20,13,7,826
63,97,12,6,6,270
63,98,68,43,25,2176
63,99,6,5,1,222
63,100,12,6,6,534
63,101,86,48,38,3637.8
63,102,65,30,35,2366
63,103,40,24,16,1800
63,104,355,184,171,12212
63,105,8,8,0,352
63,110,13,4,9,526.5
63,114,4,2,2,0
63,117,14,6,8,742
63,118,2,0,2,0
63,119,17,8,9,1057.4
63,120,29,15,14,1455.8
64,0,26,14,12,1245.4
64,6,617,319,298,17522.8
64,7,311,158,153,8676.9
64,8,177,102,75,5221.5
64,9,10,4,6,400
64,10,42,22,20,1121.4
64,11,23,12,11,966
64,28,12,6,6,759.6
64,29,22,13,9,998.8
64,30,4,3,1,0
64,34,1,1,0,0
64,36,5,2,3,338
64,40,7,4,3,424.2
64,42,5,2,3,315
64,52,59,31,28,2383.6
64,53,56,30,26,2396.8
64,54,1,1,0,0
64,59,4,2,2,0
64,60,17,8,9,712.3
64,61,110,63,47,4103
64,62,132,65,67,5200.8
64,63,133,67,66,4934.3
64,64,118,60,58,4613.8
64,65,42,19,23,1491
64,66,102,54,48,4722.6
64,67,281,151,130,10228.4
64,68,1637,816,821,57786.1
64,69,3337,1622,1715,113791.7
64,70,1143,545,598,40462.2
64,71,1296,665,631,49507.2
64,72,1306,668,638,50934
64,73,1819,897,922,73851.4
64,74,296,141,155,14356
64,76,1253,628,625,47614
64,77,1019,518,501,38314.4
64,78,929,472,457,34744.6
64,80,9,5,4,266.4
64,81,247,127,120,9904.7
64,82,17,7,10,991.1
64,86,114,54,60,4708.2
64,91,243,125,118,9063.9
64,92,801,423,378,25151.4
64,93,275,137,138,8167.5
64,94,64,38,26,2540.8
64,95,21,13,8,672
64,96,426,214,212,12013.2
64,97,184,96,88,5354.4
64,99,44,24,20,1425.6
64,100,36,17,19,1443.6
64,101,60,32,28,2064
64,102,104,55,49,3879.2
64,103,9,5,4,637.2
64,104,66,31,35,2560.8
64,105,18,11,7,837
64,106,20,12,8,716
64,107,16,8,8,718.4
64,108,64,31,33,2598.4
64,109,45,23,22,1944
64,110,8,5,3,371.2
64,113,21,14,7,913.5
64,114,15,8,7,703.5
64,116,23,12,11,1081
64,117,346,198,148,12559.8
64,118,832,414,418,29536
64,119,7,4,3,219.1
64,121,13,8,5,410.8
65,0,104,57,47,4617.6
65,1,10,5,5,461
65,6,815,423,392,26243
65,7,841,434,407,30612.4
65,9,19,8,11,691.6
65,10,44,24,20,1848
65,11,6,4,2,192
65,28,20,11,9,950
65,31,5,2,3,351
65,33,8,5,3,331.2
65,34,2,1,1,0
65,36,18,10,8,1119.6
65,37,18,10,8,799.2
65,41,2,1,1,0
65,49,147,85,62,4498.2
65,50,36,20,16,698.4
65,52,17,10,7,800.7
65,53,190,92,98,6631
65,54,17,8,9,897.6
65,55,23,10,13,823.4
65,62,125,64,61,5200
65,63,25,13,12,1112.5
65,64,159,82,77,7425.3
65,65,4,2,2,0
65,66,940,460,480,28764
65,67,1132,565,567,35431.6
65,68,3189,1527,1662,120225.3
65,69,819,411,408,28337.4
65,70,84,41,43,3040.8
65,71,2779,1359,1420,110048.4
65,72,3283,1624,1659,130335.1
65,73,3876,1806,2070,163567.2
65,74,3230,1544,1686,134368
65,75,785,358,427,35560.5
65,77,946,477,469,37556.2
65,78,2384,1235,1149,91068.8
65,87,27,13,14,1055.7
65,88,656,326,330,27945.6
65,89,44,25,19,1628
65,91,36,18,18,939.6
65,92,1077,549,528,44264.7
65,93,330,156,174,13596
65,94,98,56,42,3939.6
65,95,134,55,79,4891
65,96,22,12,10,862.4
65,98,662,312,350,21051.6
65,99,452,234,218,15910.4
65,100,59,33,26,2118.1
65,101,142,72,70,5254
65,102,72,31,41,3175.2
65,103,60,33,27,2400
65,104,47,23,24,1833
65,105,20,12,8,704
65,106,40,22,18,1332
65,107,29,15,14,1107.8
65,108,1,1,0,0
65,111,23,14,9,788.9
65,114,8,2,6,300
65,116,31,16,15,1751.5
65,117,42,23,19,1927.8
65,118,211,99,112,9917
65,119,12,7,5,432
65,121,2,1,1,0
66,1,7,4,3,417.9
66,6,88,45,43,3845.6
66,7,595,299,296,21836.5
66,8,202,101,101,8524.4
66,9,92,53,39,3569.6
66,10,16,7,9,884.8
66,11,10,4,6,316
66,12,12,8,4,487.2
66,27,3,1,2,0
66,28,8,5,3,268.8
66,30,7,3,4,254.8
66,31,48,19,29,1876.8
66,36,9,5,4,433.8
66,37,6,3,3,241.8
66,42,1,0,1,0
66,49,132,65,67,4857.6
66,50,504,257,247,17740.8
66,51,25,14,11,1155
66,52,105,51,54,3696
66,54,82,42,40,3329.2
66,55,74,40,34,2930.4
66,56,131,67,64,5069.7
66,57,45,23,22,1926
66,59,12,9,3,678
66,60,12,8,4,735.6
66,62,134,70,64,5775.4
66,63,1077,554,523,43833.9
66,64,268,134,134,12167.2
66,65,33,23,10,1343.1
66,66,720,349,371,23688
66,67,1777,870,907,70546.9
66,68,2163,1054,1109,84357
66,69,568,287,281,21129.6
66,71,1643,816,827,59312.3
66,72,1482,695,787,57353.4
66,73,875,408,467,40075
66,74,2272,1123,1149,105420.8
66,75,691,358,333,26879.9
66,76,2473,1281,1192,95705.1
66,77,3515,1899,1616,131109.5
66,78,364,207,157,12594.4
66,81,17,7,10,731
66,82,688,340,348,29308.8
66,83,1857,847,1010,89507.4
66,84,985,502,483,35657
66,85,460,231,229,19228
66,86,1298,650,648,51141.2
66,87,1295,614,681,54908
66,88,1978,975,1003,73186
66,89,1614,788,826,69240.6
66,90,303,156,147,11483.7
66,91,501,255,246,17384.7
66,93,17,8,9,635.8
66,94,237,118,119,8816.4
66,95,15,8,7,856.5
66,97,1038,526,512,38509.8
66,98,201,105,96,7075.2
66,99,195,105,90,6786
66,100,119,61,58,5247.9
66,101,9,6,3,289.8
66,105,59,27,32,1917.5
66,106,6,4,2,339
66,109,4,3,1,0
66,110,21,9,12,768.6
66,111,183,91,92,5014.2
66,112,20,13,7,742
66,113,3,3,0,0
66,114,28,16,12,960.4
66,116,55,30,25,2398
66,117,2,1,1,0
66,118,15,7,8,634.5
66,119,61,27,34,2543.7
66,120,4,3,1,0
67,1,60,29,31,2760
67,2,74,41,33,3507.6
67,7,353,187,166,12849.2
67,8,1503,822,681,59067.9
67,9,1742,836,906,76299.6
67,10,116,61,55,4234
67,11,50,28,22,1655
67,13,32,13,19,1241.6
67,26,28,16,12,1139.6
67,30,1,1,0,0
67,31,5,2,3,122
67,32,13,4,9,564.2
67,36,13,6,7,700.7
67,38,5,3,2,287
67,39,6,2,4,282
67,40,2,2,0,0
67,41,7,5,2,385.7
67,42,1,1,0,0
67,50,71,38,33,2506.3
67,51,146,73,73,5694
67,53,110,68,42,4422
67,54,137,72,65,5562.2
67,56,63,33,30,2009.7
67,57,74,43,31,2849
67,58,2,1,1,0
67,59,180,86,94,6714
67,60,153,79,74,6165.9
67,62,3,2,1,0
67,63,382,180,202,13943
67,64,1130,575,555,40002
67,65,427,236,191,15073.1
67,66,487,249,238,16704.1
67,67,1931,959,972,68743.6
67,68,2529,1219,1310,104700.6
67,69,2272,1116,1156,84064
67,70,1569,759,810,61191
67,71,323,177,146,12952.3
67,72,349,197,152,12808.3
67,73,628,332,296,21980
67,74,200,84,116,10060
67,76,2493,1396,1097,92988.9
67,77,5804,3229,2575,203140
67,78,6594,3466,3128,238043.4
67,79,1430,772,658,58201
67,81,2139,1120,1019,80640.3
67,82,2136,1035,1101,84799.2
67,83,1260,622,638,47250
67,84,747,376,371,29058.3
67,85,1548,801,747,62074.8
67,86,2584,1271,1313,103618.4
67,87,557,279,278,20664.7
67,88,78,43,35,3291.6
67,89,56,30,26,2340.8
67,91,193,103,90,7141
67,92,286,144,142,11554.4
67,94,237,113,124,8911.2
67,95,115,54,61,4761
67,96,331,152,179,11452.6
67,97,232,114,118,8676.8
67,98,2,1,1,0
67,99,46,19,27,1278.8
67,102,9,3,6,281.7
67,103,28,14,14,1134
67,104,21,9,12,785.4
67,105,21,10,11,1047.9
67,106,44,25,19,1878.8
67,107,21,12,9,594.3
67,109,2,1,1,0
67,110,32,19,13,1395.2
67,111,38,18,20,1478.2
67,112,18,9,9,678.6
67,113,56,28,28,2094.4
67,114,34,19,15,1251.2
67,115,22,14,8,822.8
67,116,8,5,3,512
67,125,2,1,1,0
68,1,7,3,4,196.7
68,8,561,274,287,23898.6
68,9,435,199,236,21445.5
68,10,1266,625,641,48994.2
68,11,362,191,171,11403
68,12,15,9,6,595.5
68,13,40,18,22,1440
68,14,30,15,15,1281
68,16,1,1,0,0
68,25,14,8,6,655.2
68,26,2,1,1,0
68,27,5,3,2,139
68,30,3,3,0,0
68,32,11,5,6,565.4
68,36,3,2,1,0
68,37,6,4,2,303
68,38,3,2,1,0
68,39,5,4,1,165
68,40,3,2,1,0
68,41,4,2,2,0
68,42,1,1,0,0
68,50,2,1,1,0
68,51,55,26,29,2711.5
68,52,89,47,42,2643.3
68,53,338,185,153,11863.8
68,54,327,175,152,11052.6
68,56,2,1,1,0
68,57,298,140,158,11324
68,58,556,278,278,20516.4
68,59,322,166,156,10851.4
68,60,8,4,4,232.8
68,61,5,3,2,173
68,62,3,2,1,0
68,64,120,60,60,4668
68,65,7,3,4,459.9
68,66,46,25,21,1909
68,67,251,127,124,9061.1
68,68,1914,957,957,69861
68,69,1990,945,1045,79799
68,70,1687,808,879,69504.4
68,71,1352,689,663,51105.6
68,72,2489,1238,1251,90101.8
68,73,1847,910,937,70924.8
68,74,3077,1714,1363,110156.6
68,75,3016,1673,1343,103750.4
68,76,5839,3138,2701,206700.6
68,77,3109,1658,1451,110680.4
68,78,4737,2545,2192,181427.1
68,79,7368,3785,3583,276300
68,80,2169,1034,1135,94568.4
68,81,111,57,54,3929.4
68,82,79,38,41,2528
68,83,489,259,230,19119.9
68,84,671,340,331,31469.9
68,85,1083,557,526,41912.1
68,86,2552,1152,1400,119178.4
68,87,408,216,192,14524.8
68,89,11,6,5,315.7
68,90,6,3,3,262.2
68,91,134,73,61,4180.8
68,92,876,464,412,31448.4
68,95,1084,510,574,50189.2
68,96,519,240,279,19514.4
68,97,4,2,2,0
68,98,16,9,7,499.2
68,99,11,8,3,380.6
68,100,21,10,11,1077.3
68,101,10,4,6,316
68,102,9,4,5,519.3
68,103,226,118,108,7819.6
68,104,191,102,89,6092.9
68,105,54,28,26,2235.6
68,109,11,5,6,519.2
68,110,4,2,2,0
68,111,2,1,1,0
68,112,14,8,6,541.8
68,113,2,1,1,0
68,115,12,5,7,416.4
68,116,27,13,14,1109.7
68,117,73,34,39,2452.8
68,118,39,17,22,1400.1
68,122,1,0,1,0
68,127,1,1,0,0
69,9,171,92,79,6737.4
69,10,1019,490,529,39333.4
69,11,1300,672,628,49920
69,12,851,419,432,31912.5
69,13,130,65,65,4238
69,14,51,26,25,2427.6
69,15,27,15,12,920.7
69,17,9,6,3,322.2
69,23,11,6,5,509.3
69,24,17,10,7,496.4
69,27,36,17,19,1508.4
69,28,18,10,8,716.4
69,30,26,13,13,852.8
69,32,11,6,5,523.6
69,49,181,93,88,5556.7
69,50,203,95,108,8302.7
69,51,109,64,45,3869.5
69,52,411,220,191,13686.3
69,53,1110,552,558,33522
69,54,130,62,68,4823
69,57,58,31,27,2169.2
69,58,6,3,3,334.2
69,59,15,10,5,682.5
69,63,6,2,4,199.2
69,64,53,25,28,1987.5
69,65,65,33,32,3061.5
69,66,1634,847,787,55065.8
69,67,913,469,444,31224.6
69,68,1777,874,903,62728.1
69,69,1760,895,865,74448
69,70,1877,939,938,73953.8
69,71,1477,738,739,48150.2
69,72,3343,1631,1712,125028.2
69,73,3996,1834,2162,167032.8
69,74,6902,3256,3646,253993.6
69,75,4676,2379,2297,166933.2
69,76,2667,1309,1358,101079.3
69,77,2849,1422,1427,115954.3
69,78,3,2,1,0
69,82,9,3,6,227.7
69,83,219,111,108,7949.7
69,84,304,150,154,9241.6
69,85,1800,869,931,75780
69,86,1875,922,953,81937.5
69,87,631,296,335,28142.6
69,88,68,31,37,2509.2
69,91,7,5,2,371
69,92,937,485,452,28953.3
69,93,4,2,2,0
69,95,733,367,366,29833.1
69,96,165,79,86,8134.5
69,98,10,4,6,466
69,99,3,2,1,0
69,100,25,12,13,1010
69,101,43,22,21,1694.2
69,102,92,45,47,3762.8
69,103,33,17,16,1534.5
69,104,16,8,8,939.2
69,106,2,0,2,0
69,107,12,8,4,481.2
69,108,12,7,5,591.6
69,109,31,14,17,1292.7
69,111,9,4,5,340.2
69,112,30,18,12,1251
69,114,36,19,17,723.6
69,115,5,3,2,133
69,116,11,7,4,473
69,117,16,8,8,753.6
70,11,31,13,18,1066.4
70,12,155,78,77,6572
70,14,4,2,2,0
70,15,59,26,33,2371.8
70,16,58,30,28,2111.2
70,17,24,13,11,861.6
70,18,15,9,6,568.5
70,19,7,4,3,223.3
70,21,22,11,11,822.8
70,22,3,1,2,0
70,23,3,2,1,0
70,28,6,3,3,213
70,30,28,13,15,1257.2
70,31,10,6,4,612
70,32,45,20,25,2070
70,33,92,43,49,3174
70,35,8,4,4,504.8
70,36,1,1,0,0
70,37,1,0,1,0
70,38,1,0,1,0
70,49,545,278,267,17167.5
70,50,507,265,242,16883.1
70,51,530,260,270,19292
70,52,309,152,157,11371.2
70,53,10,6,4,306
70,57,6,2,4,85.8
70,59,31,15,16,936.2
70,63,36,20,16,1807.2
70,64,7,4,3,247.8
70,65,122,67,55,5477.8
70,66,247,122,125,12448.8
70,67,8,4,4,307.2
70,68,260,137,123,10972
70,69,66,37,29,3055.8
70,70,93,47,46,3571.2
70,71,831,425,406,27090.6
70,72,2289,1139,1150,69127.8
70,73,528,270,258,20539.2
70,74,1844,833,1011,77816.8
70,75,1657,792,865,57663.6
70,76,351,177,174,12565.8
70,77,56,27,29,1573.6
70,81,19,8,11,862.6
70,82,89,47,42,2928.1
70,83,31,18,13,1329.9
70,85,1129,549,580,39853.7
70,86,2030,966,1064,89117
70,87,889,436,453,32270.7
70,88,63,36,27,2362.5
70,89,15,8,7,700.5
70,90,9,4,5,260.1
70,91,317,166,151,10429.3
70,92,127,63,64,4889.5
70,96,53,26,27,2199.5
70,97,15,9,6,702
70,102,6,2,4,237
70,103,14,6,8,502.6
70,104,1,0,1,0
70,105,13,6,7,370.5
70,107,10,4,6,493
70,109,4,3,1,0
70,112,25,12,13,967.5
70,113,33,20,13,1135.2
70,114,29,15,14,1336.9
70,115,23,13,10,1150
70,116,33,13,20,1706.1
70,126,25,15,10,870
70,127,21,14,7,489.3
71,22,2,1,1,0
71,23,3,2,1,0
71,24,3,2,1,0
71,26,29,14,15,1676.2
71,27,40,18,22,1412
71,28,8,3,5,302.4
71,29,6,3,3,390
71,30,7,5,2,277.2
71,31,7,3,4,485.8
71,32,33,14,19,1204.5
71,33,98,50,48,4243.4
71,34,105,49,56,6142.5
71,35,10,6,4,254
71,49,10,7,3,392
71,51,47,24,23,1569.8
71,52,795,412,383,27109.5
71,53,1366,687,679,44804.8
71,54,81,43,38,3094.2
71,55,438,216,222,16950.6
71,56,674,350,324,25140.2
71,57,62,35,27,2684.6
71,58,13,6,7,708.5
71,59,57,31,26,1898.1
71,60,273,139,134,9991.8
71,61,21,12,9,1035.3
71,62,68,38,30,2652
71,63,170,86,84,6987
71,64,82,39,43,3239
71,65,37,20,17,1531.8
71,67,61,35,26,2299.7
71,68,35,18,17,1190
71,70,6,3,3,232.8
71,71,83,47,36,2938.2
71,72,725,365,360,23200
71,73,4,1,3,0
71,82,2,2,0,0
71,84,23,11,12,1101.7
71,85,2768,1378,1390,96326.4
71,86,1353,661,692,46678.5
71,87,247,129,118,8225.1
71,88,335,178,157,11758.5
71,89,82,42,40,3181.6
71,90,554,290,264,20941.2
71,91,545,276,269,16513.5
71,93,13,6,7,721.5
71,94,167,80,87,5761.5
71,96,8,5,3,426.4
71,98,4,2,2,0
71,99,2,2,0,0
71,101,6,2,4,214.8
71,103,23,11,12,650.9
71,105,8,4,4,308.8
71,112,26,18,8,954.2
71,114,7,3,4,210
71,115,39,19,20,1739.4
71,116,9,5,4,585
71,119,6,3,3,226.2
71,120,3,2,1,0
71,121,3,1,2,0
71,123,6,3,3,363
71,124,14,6,8,610.4
71,127,31,17,14,1540.7
72,13,12,8,4,446.4
72,14,14,5,9,616
72,15,19,11,8,756.2
72,16,3,2,1,0
72,17,29,15,14,1012.1
72,18,7,3,4,443.1
72,21,1,1,0,0
72,26,2,1,1,0
72,29,5,3,2,261
72,33,7,5,2,242.2
72,34,16,6,10,564.8
72,36,13,8,5,458.9
72,37,21,10,11,989.1
72,38,36,20,16,1605.6
72,39,48,26,22,2169.6
72,53,540,272,268,25488
72,54,1333,685,648,53986.5
72,55,566,289,277,23658.8
72,56,927,441,486,37636.2
72,57,25,15,10,1005
72,58,130,58,72,4446
72,59,452,231,221,14825.6
72,60,757,385,372,28311.8
72,61,65,37,28,2632.5
72,62,86,42,44,3594.8
72,63,14,4,10,751.8
72,64,2,1,1,0
72,65,27,14,13,1196.1
72,66,88,44,44,3625.6
72,67,15,8,7,594
72,68,103,55,48,3934.6
72,72,142,87,55,4728.6
72,73,15,8,7,465
72,83,4,3,1,0
72,84,108,59,49,3931.2
72,85,70,38,32,3409
72,86,75,39,36,2400
72,87,30,18,12,1470
72,88,125,80,45,4787.5
72,89,162,114,48,6091.2
72,90,86,46,40,3173.4
72,91,33,16,17,930.6
72,92,37,19,18,1065.6
72,93,17,8,9,715.7
72,94,36,22,14,1501.2
72,95,34,18,16,1346.4
72,97,42,18,24,1705.2
72,98,20,11,9,924
72,99,58,30,28,2314.2
72,100,7,5,2,350.7
72,101,12,6,6,373.2
72,102,4,1,3,0
72,103,28,15,13,954.8
72,104,23,10,13,1016.6
72,105,2,1,1,0
72,106,45,23,22,2011.5
72,107,72,37,35,2973.6
72,108,9,5,4,216.9
72,109,11,6,5,506
72,110,9,5,4,263.7
72,111,22,9,13,825
72,112,25,10,15,900
72,113,23,12,11,959.1
72,114,8,3,5,354.4
72,115,16,7,9,896
72,116,12,6,6,590.4
72,118,1,0,1,0
72,119,4,3,1,0
72,121,4,3,1,0
72,122,42,23,19,1659
72,125,1,1,0,0
72,126,1,1,0,0
72,127,39,20,19,1290.9
73,14,5,3,2,352
73,15,2,2,0,0
73,16,6,4,2,178.8
73,17,2,1,1,0
73,20,19,11,8,752.4
73,21,2,1,1,0
73,27,12,6,6,502.8
73,28,2,1,1,0
73,29,6,3,3,217.2
73,31,6,2,4,141
73,32,8,4,4,347.2
73,33,5,3,2,253
73,34,7,4,3,258.3
73,35,22,12,10,763.4
73,36,2,1,1,0
73,37,289,145,144,10577.4
73,38,306,148,158,13525.2
73,39,12,7,5,450
73,53,82,35,47,4018
73,54,605,262,343,30189.5
73,55,659,337,322,22603.7
73,56,290,129,161,8381
73,57,15,9,6,867
73,59,2,0,2,0
73,60,8,6,2,348
73,63,2,2,0,0
73,64,61,36,25,2171.6
73,65,9,5,4,414
73,66,2,1,1,0
73,67,23,13,10,998.2
73,68,71,35,36,2286.2
73,69,33,17,16,1069.2
73,72,48,26,22,1771.2
73,73,76,38,38,3199.6
73,74,3,2,1,0
73,76,3,2,1,0
73,77,16,8,8,756.8
73,83,87,50,37,3671.4
73,84,204,107,97,7384.8
73,85,11,4,7,302.5
73,86,146,77,69,4861.8
73,87,164,76,88,5576
73,88,469,248,221,15617.7
73,89,118,70,48,4047.4
73,91,47,26,21,1485.2
73,92,2,1,1,0
73,94,21,14,7,1089.9
73,97,331,166,165,12247
73,98,258,121,137,7559.4
73,99,272,155,117,8105.6
73,100,45,25,20,1948.5
73,101,44,22,22,1416.8
73,102,15,10,5,337.5
73,103,13,6,7,599.3
73,104,29,13,16,907.7
73,105,23,14,9,901.6
73,106,60,33,27,2922
73,107,116,59,57,4976.4
73,108,45,23,22,1512
73,109,30,13,17,1110
73,110,28,13,15,1290.8
73,111,26,16,10,842.4
73,112,127,63,64,4737.1
73,113,5,3,2,100
73,117,4,2,2,0
73,118,28,13,15,1075.2
73,122,29,18,11,1383.3
73,123,75,33,42,2535
73,124,21,10,11,861
73,125,16,8,8,684.8
73,127,45,17,28,2506.5
74,15,12,7,5,555.6
74,22,2,1,1,0
74,27,5,3,2,237
74,28,2,2,0,0
74,34,7,3,4,308.7
74,37,46,24,22,2148.2
74,38,37,20,17,1750.1
74,39,4,3,1,0
74,54,47,26,21,2241.9
74,55,107,47,60,3702.2
74,56,68,33,35,2087.6
74,61,9,5,4,294.3
74,62,48,26,22,1732.8
74,65,31,17,14,1280.3
74,66,8,3,5,456
74,72,2,1,1,0
74,73,638,327,311,24626.8
74,74,133,61,72,5838.7
74,75,189,100,89,7503.3
74,76,141,72,69,5428.5
74,77,106,61,45,3911.4
74,81,6,3,3,411
74,82,28,14,14,1442
74,83,2,1,1,0
74,84,461,229,232,18025.1
74,85,420,217,203,15918
74,86,24,10,14,1087.2
74,87,92,50,42,3707.6
74,89,10,6,4,577
74,90,29,13,16,1177.4
74,91,34,20,14,1275
74,92,2,1,1,0
74,93,29,18,11,785.9
74,94,37,18,19,1609.5
74,95,34,17,17,1370.2
74,97,161,80,81,4298.7
74,99,35,16,19,1043
74,100,15,10,5,469.5
74,101,11,5,6,336.6
74,102,83,40,43,2988
74,103,19,9,10,727.7
74,104,32,18,14,1459.2
74,106,10,5,5,590
74,107,53,26,27,2045.8
74,108,1,1,0,0
74,118,15,10,5,649.5
74,119,2,2,0,0
74,125,10,5,5,453
74,127,12,6,6,531.6
75,2,15,8,7,846
75,18,2,1,1,0
75,22,2,1,1,0
75,23,6,4,2,261
75,24,14,8,6,596.4
75,37,30,14,16,1125
75,38,21,11,10,1131.9
75,54,63,26,37,2337.3
75,55,60,32,28,1848
75,56,48,28,20,1516.8
75,57,69,39,30,2283.9
75,61,2,1,1,0
75,65,4,1,3,0
75,66,41,23,18,1722
75,67,28,11,17,940.8
75,68,18,11,7,797.4
75,69,24,10,14,1036.8
75,73,64,34,30,3123.2
75,74,34,16,18,1700
75,75,559,291,268,19788.6
75,76,663,352,311,23868
75,77,75,37,38,3060
75,78,37,16,21,1461.5
75,79,100,52,48,4490
75,80,186,96,90,7179.6
75,81,26,12,14,1331.2
75,82,23,16,7,1140.8
75,83,247,126,121,9657.7
75,84,972,528,444,37130.4
75,85,521,283,238,19485.4
75,88,32,15,17,1401.6
75,89,558,288,270,20199.6
75,90,405,205,200,14782.5
75,91,15,8,7,741
75,92,19,10,9,836
75,93,35,18,17,1340.5
75,94,45,25,20,1975.5
75,95,98,52,46,2891
75,99,80,39,41,2904
75,100,64,30,34,2854.4
75,101,146,84,62,5007.8
75,102,72,36,36,2138.4
75,103,6,5,1,196.2
75,105,2,1,1,0
75,106,26,16,10,878.8
75,107,28,12,16,1131.2
75,108,40,16,24,1468
75,110,24,12,12,1051.2
75,119,16,8,8,804.8
75,124,6,4,2,157.2
75,126,18,9,9,280.8
75,127,33,21,12,1554.3
76,0,23,13,10,1147.7
76,9,7,4,3,282.1
76,10,59,27,32,2590.1
76,21,6,3,3,391.8
76,23,5,3,2,244
76,24,5,4,1,215
76,25,21,11,10,936.6
76,31,15,8,7,733.5
76,37,3,2,1,0
76,38,3,1,2,0
76,41,7,5,2,319.9
76,55,8,5,3,342.4
76,56,138,63,75,4402.2
76,57,114,55,59,3477
76,58,14,7,7,736.4
76,67,35,17,18,1526
76,68,18,10,8,930.6
76,70,55,27,28,2068
76,73,24,13,11,931.2
76,74,40,18,22,1620
76,75,181,87,94,4615.5
76,76,1,1,0,0
76,77,38,18,20,1512.4
76,78,1379,698,681,51574.6
76,79,1387,661,726,56728.3
76,80,964,451,513,45500.8
76,81,1109,573,536,44360
76,82,1006,510,496,37624.4
76,83,499,255,244,18013.9
76,85,50,33,17,1850
76,88,39,20,19,1540.5
76,89,198,100,98,7246.8
76,90,273,132,141,9445.8
76,91,83,44,39,3054.4
76,92,7,4,3,263.9
76,93,25,11,14,1045
76,94,10,6,4,411
76,95,118,69,49,4637.4
76,96,1,1,0,0
76,100,54,33,21,2073.6
76,101,47,22,25,2143.2
76,103,11,8,3,391.6
76,107,9,7,2,204.3
76,108,14,6,8,527.8
76,109,94,53,41,3468.6
76,110,44,21,23,1817.2
76,116,3,1,2,0
76,117,40,17,23,1816
76,118,5,3,2,319
77,0,5,3,2,280
77,1,21,13,8,966
77,2,15,8,7,847.5
77,8,70,34,36,3157
77,9,87,43,44,3662.7
77,10,1,0,1,0
77,22,6,4,2,288
77,24,2,1,1,0
77,25,4,2,2,0
77,26,35,21,14,1676.5
77,27,77,44,33,3018.4
77,37,2,2,0,0
77,38,13,7,6,477.1
77,39,3,1,2,0
77,58,33,19,14,1296.9
77,59,33,17,16,1280.4
77,62,3,2,1,0
77,63,4,3,1,0
77,68,16,8,8,798.4
77,69,22,14,8,754.6
77,70,2,1,1,0
77,71,4,2,2,0
77,74,32,19,13,1129.6
77,75,28,11,17,912.8
77,81,38,20,18,1527.6
77,82,405,212,193,15309
77,84,58,30,28,2117
77,85,156,82,74,5506.8
77,86,21,13,8,966
77,87,8,4,4,262.4
77,88,19,10,9,691.6
77,89,82,45,37,4026.2
77,90,105,45,60,5764.5
77,91,7,5,2,275.1
77,92,14,9,5,791
77,93,17,7,10,554.2
77,96,39,18,21,1692.6
77,97,1,1,0,0
77,100,4,1,3,0
77,101,15,6,9,642
77,102,23,13,10,1030.4
77,103,14,8,6,810.6
77,104,29,12,17,994.7
77,105,4,2,2,0
77,107,38,18,20,1808.8
77,108,18,12,6,784.8
77,109,2,1,1,0
77,110,6,4,2,373.2
77,111,8,5,3,436.8
77,113,9,4,5,203.4
77,114,2,1,1,0
77,115,20,9,11,822
77,116,57,29,28,2656.2
77,117,6,3,3,352.2
77,119,8,3,5,374.4
77,124,31,14,17,1199.7
77,125,2,0,2,0
77,126,7,4,3,256.9
78,0,6,3,3,178.8
78,2,1,1,0,0
78,3,10,5,5,519
78,8,123,62,61,4870.8
78,9,291,152,139,10970.7
78,23,3,2,1,0
78,24,4,2,2,0
78,27,27,17,10,645.3
78,28,25,14,11,1262.5
78,29,7,4,3,350
78,36,4,2,2,0
78,37,9,5,4,561.6
78,38,11,6,5,513.7
78,49,55,29,26,2557.5
78,50,165,80,85,6402
78,51,6,3,3,238.8
78,58,32,17,15,1248
78,59,37,23,14,1528.1
78,60,11,2,9,372.9
78,62,29,14,15,1119.4
78,64,4,2,2,0
78,69,2,2,0,0
78,70,9,3,6,415.8
78,75,14,8,6,722.4
78,80,46,28,18,2010.2
78,81,69,35,34,2725.5
78,82,131,71,60,4847
78,83,405,208,197,16362
78,84,68,33,35,3277.6
78,88,19,12,7,752.4
78,89,215,123,92,7675.5
78,90,22,12,10,1320
78,91,10,6,4,394
78,93,24,14,10,938.4
78,94,63,29,34,2664.9
78,95,83,36,47,3112.5
78,96,33,15,18,1026.3
78,97,29,15,14,1148.4
78,98,22,14,8,783.2
78,100,103,49,54,4356.9
78,101,49,26,23,2121.7
78,104,5,3,2,124
78,105,6,3,3,289.2
78,106,32,18,14,1254.4
78,107,9,5,4,318.6
78,112,2,1,1,0
78,113,3,1,2,0
78,124,38,18,20,1755.6
78,125,27,15,12,1282.5
79,3,4,2,2,0
79,8,62,32,30,2808.6
79,9,147,74,73,6409.2
79,13,68,35,33,2679.2
79,14,13,7,6,460.2
79,29,3,2,1,0
79,37,13,6,7,523.9
79,38,89,45,44,3862.6
79,39,50,28,22,1810
79,48,4,2,2,0
79,49,12,5,7,496.8
79,50,16,6,10,732.8
79,51,14,7,7,446.6
79,52,37,18,19,1598.4
79,61,4,2,2,0
79,62,11,6,5,550
79,64,1,1,0,0
79,65,3,0,3,0
79,79,94,50,44,3600.2
79,80,9,4,5,568.8
79,81,28,16,12,814.8
79,82,24,9,15,578.4
79,83,70,34,36,2639
79,87,23,14,9,970.6
79,88,25,14,11,1160
79,89,55,24,31,2062.5
79,91,303,153,150,12241.2
79,92,4,2,2,0
79,93,33,16,17,1326.6
79,94,8,3,5,348
79,95,18,11,7,761.4
79,96,56,27,29,1876
79,97,130,69,61,5629
79,98,17,9,8,933.3
79,99,5,1,4,217
79,101,28,15,13,1195.6
79,102,60,23,37,3024
79,103,34,17,17,1421.2
79,104,25,15,10,697.5
79,110,1,0,1,0
80,2,18,9,9,925.2
80,3,12,6,6,423.6
80,7,118,53,65,3575.4
80,8,120,54,66,5532
80,9,173,81,92,7802.3
80,13,551,282,269,20827.8
80,14,78,46,32,3471
80,15,80,43,37,3704
80,16,30,17,13,1068
80,30,42,20,22,1734.6
80,31,2,2,0,0
80,38,54,26,28,1744.2
80,39,53,23,30,2029.9
80,48,29,16,13,1139.7
80,49,73,32,41,2328.7
80,51,1,1,0,0
80,52,11,5,6,446.6
80,53,44,24,20,2046
80,54,177,87,90,8018.1
80,55,79,44,35,1951.3
80,58,8,3,5,236.8
80,59,17,10,7,691.9
80,60,41,22,19,1414.5
80,62,36,23,13,1065.6
80,63,18,9,9,550.8
80,79,71,31,40,2435.3
80,80,18,8,10,671.4
80,81,8,3,5,510.4
80,83,60,31,29,2658
80,85,49,24,25,2053.1
80,86,8,3,5,336.8
80,87,39,20,19,1244.1
80,88,6,3,3,187.2
80,89,74,36,38,3263.4
80,90,223,111,112,7537.4
80,91,348,175,173,12632.4
80,92,2,1,1,0
80,93,13,8,5,657.8
80,96,25,13,12,797.5
80,97,8,5,3,376.8
80,99,47,24,23,2331.2
80,102,178,84,94,6194.4
80,103,58,31,27,2285.2
80,104,5,2,3,268
80,106,10,6,4,529
80,107,7,4,3,168.7
81,2,3,2,1,0
81,3,31,16,15,1314.4
81,4,24,13,11,1159.2
81,7,80,44,36,3000
81,8,73,37,36,3117.1
81,9,38,18,20,1637.8
81,12,14,7,7,768.6
81,13,305,159,146,10797
81,14,278,123,155,8145.4
81,15,210,112,98,7791
81,16,89,52,37,4094
81,23,1,0,1,0
81,30,2,1,1,0
81,31,73,32,41,2810.5
81,36,10,4,6,327
81,39,18,8,10,896.4
81,40,40,17,23,1956
81,48,13,8,5,626.6
81,49,111,54,57,4140.3
81,51,4,2,2,0
81,54,80,43,37,3224
81,55,71,39,32,2882.6
81,59,12,6,6,663.6
81,60,78,47,31,2472.6
81,63,13,8,5,676
81,81,14,6,8,495.6
81,83,30,15,15,1311
81,84,23,10,13,671.6
81,85,15,7,8,819
81,86,83,41,42,2855.2
81,87,28,14,14,988.4
81,88,40,20,20,1712
81,89,60,35,25,2322
81,90,26,15,11,811.2
81,91,83,44,39,3195.5
81,92,14,9,5,491.4
81,93,7,3,4,338.1
81,94,11,6,5,345.4
81,98,22,10,12,895.4
81,99,122,54,68,5209.4
81,100,122,71,51,4453
81,102,7,5,2,214.9
81,103,37,21,16,1831.5
82,7,6,4,2,217.8
82,12,63,34,29,2179.8
82,13,229,116,113,8450.1
82,14,101,48,53,3615.8
82,15,710,367,343,29323
82,16,611,293,318,24745.5
82,17,38,17,21,1504.8
82,31,4,2,2,0
82,32,12,6,6,648
82,33,34,19,15,1880.2
82,34,3,2,1,0
82,40,51,26,25,1963.5
82,49,106,51,55,4176.4
82,50,61,33,28,2513.2
82,55,22,8,14,686.4
82,56,12,8,4,547.2
82,60,12,7,5,489.6
82,61,23,9,14,846.4
82,62,5,3,2,173
82,64,8,4,4,490.4
82,65,5,3,2,205
82,66,5,3,2,275
82,67,3,1,2,0
82,68,9,4,5,227.7
82,79,2,1,1,0
82,80,45,22,23,1804.5
82,81,19,11,8,775.2
82,84,16,7,9,462.4
82,85,27,17,10,1301.4
82,86,51,25,26,2096.1
82,87,17,8,9,593.3
82,88,44,26,18,1513.6
82,89,27,14,13,899.1
82,90,2,1,1,0
82,91,43,22,21,1664.1
82,92,23,12,11,742.9
82,93,40,19,21,1556
82,94,19,8,11,923.4
82,97,18,11,7,543.6
82,98,192,101,91,7564.8
82,99,52,28,24,2111.2
82,100,12,7,5,525.6
83,4,23,11,12,855.6
83,5,13,5,8,630.5
83,7,44,22,22,1452
83,8,62,30,32,2492.4
83,12,100,51,49,4330
83,13,182,103,79,6970.6
83,14,139,72,67,4642.6
83,15,126,64,62,4347
83,16,437,198,239,20407.9
83,17,4,2,2,0
83,34,2,1,1,0
83,36,2,1,1,0
83,37,3,2,1,0
83,39,2,1,1,0
83,40,1,1,0,0
83,49,83,40,43,3004.6
83,50,23,12,11,1262.7
83,61,12,5,7,471.6
83,62,7,3,4,242.9
83,66,3,2,1,0
83,67,50,25,25,1740
83,68,20,11,9,802
83,69,14,7,7,742
83,79,4,4,0,0
83,80,68,33,35,2420.8
83,81,2,1,1,0
83,87,4,1,3,0
83,91,18,11,7,531
83,92,5,3,2,198
83,93,25,14,11,1307.5
83,94,2,1,1,0
83,96,7,3,4,254.8
83,97,18,11,7,577.8
83,98,15,7,8,798
83,99,46,25,21,1642.2
84,6,45,24,21,1786.5
84,7,150,81,69,7545
84,11,10,4,6,536
84,12,355,173,182,13170.5
84,13,21,10,11,657.3
84,15,19,10,9,877.8
84,16,10,4,6,434
84,17,13,6,7,708.5
84,18,44,26,18,1988.8
84,19,12,6,6,798
84,20,30,16,14,1347
84,32,13,6,7,783.9
84,33,2,1,1,0
84,34,15,7,8,706.5
84,35,10,3,7,411
84,37,2,1,1,0
84,49,2,2,0,0
84,50,9,4,5,378
84,51,6,2,4,304.2
84,52,4,2,2,0
84,57,3,1,2,0
84,61,1,1,0,0
84,62,41,22,19,1660.5
84,63,13,8,5,648.7
84,64,32,17,15,956.8
84,65,14,5,9,603.4
84,69,12,5,7,381.6
84,70,41,20,21,1607.2
84,72,8,4,4,395.2
84,79,21,12,9,697.2
84,81,12,6,6,382.8
84,82,40,20,20,1908
84,91,7,3,4,303.1
84,96,12,6,6,552
84,97,9,6,3,431.1
84,100,7,3,4,438.2
84,101,6,3,3,369
84,102,7,3,4,382.9
84,103,6,4,2,253.2
84,111,1,1,0,0
85,6,22,11,11,717.2
85,8,49,29,20,1862
85,9,129,62,67,5637.3
85,10,29,16,13,1464.5
85,11,45,24,21,1908
85,12,30,14,16,687
85,21,42,21,21,1869
85,22,7,3,4,441
85,31,8,4,4,251.2
85,32,9,5,4,303.3
85,36,1,1,0,0
85,42,2,2,0,0
85,43,14,8,6,415.8
85,53,7,4,3,342.3
85,56,23,10,13,920
85,57,49,29,20,2445.1
85,59,19,11,8,993.7
85,62,41,20,21,1369.4
85,63,49,25,24,2136.4
85,64,40,19,21,1664
85,65,42,23,19,1642.2
85,66,6,4,2,199.8
85,69,33,19,14,1287
85,72,4,2,2,0
85,73,30,12,18,1035
85,74,26,17,9,1029.6
85,77,2,1,1,0
85,78,2,1,1,0
85,79,166,82,84,6357.8
85,80,44,24,20,1878.8
85,81,1,1,0,0
85,82,18,11,7,658.8
85,83,3,2,1,0
85,101,85,45,40,3952.5
85,110,1,1,0,0
85,112,1,0,1,0
85,125,8,5,3,411.2
85,126,2,0,2,0
85,127,14,8,6,673.4
86,5,1,1,0,0
86,8,110,56,54,4598
86,9,95,49,46,3515
86,10,13,7,6,608.4
86,21,36,21,15,1263.6
86,22,433,228,205,16150.9
86,23,13,6,7,254.8
86,30,16,10,6,939.2
86,31,21,12,9,1056.3
86,32,9,4,5,315.9
86,37,1,0,1,0
86,39,4,2,2,0
86,41,30,17,13,1632
86,42,22,9,13,1243
86,43,23,9,14,1138.5
86,44,4,2,2,0
86,47,2,1,1,0
86,48,54,30,24,3186
86,49,1,1,0,0
86,50,25,14,11,1177.5
86,57,14,5,9,533.4
86,58,4,2,2,0
86,63,12,5,7,375.6
86,64,2,1,1,0
86,70,2,1,1,0
86,72,7,5,2,469.7
86,73,1,1,0,0
86,74,9,5,4,523.8
86,75,11,5,6,490.6
86,79,4,3,1,0
86,80,6,2,4,222
86,82,6,3,3,232.8
86,84,28,15,13,1380.4
86,90,8,5,3,336
86,92,7,4,3,301.7
86,100,18,6,12,520.2
86,101,34,19,15,1740.8
86,110,28,15,13,1204
86,125,8,5,3,242.4
87,0,78,41,37,2932.8
87,22,56,25,31,2072
87,23,12,6,6,444
87,30,31,10,21,1385.7
87,31,18,9,9,799.2
87,37,2,1,1,0
87,38,1,1,0,0
87,45,3,2,1,0
87,46,7,3,4,420
87,47,95,48,47,4009
87,48,29,18,11,1267.3
87,50,5,2,3,128
87,51,4,2,2,0
87,52,37,19,18,1176.6
87,57,17,7,10,819.4
87,58,120,58,62,4932
87,59,75,43,32,2812.5
87,64,6,3,3,172.8
87,68,7,5,2,252.7
87,70,20,12,8,914
87,71,14,8,6,666.4
87,72,27,14,13,1061.1
87,73,26,13,13,1237.6
87,75,42,19,23,1734.6
87,76,18,11,7,664.2
87,83,27,13,14,1069.2
87,84,53,25,28,2390.3
87,88,2,2,0,0
87,89,4,2,2,0
87,103,5,3,2,329
87,104,5,3,2,268
87,106,2,1,1,0
87,109,4,3,1,0
87,110,3,3,0,0
87,125,4,2,2,0
88,0,53,31,22,2008.7
88,5,41,20,21,1549.8
88,22,14,7,7,561.4
88,23,28,12,16,1321.6
88,31,15,8,7,664.5
88,32,156,77,79,7300.8
88,33,5,1,4,348
88,36,7,1,6,175.7
88,37,5,3,2,377
88,38,3,1,2,0
88,44,1,1,0,0
88,45,2,1,1,0
88,46,2,1,1,0
88,47,8,4,4,291.2
88,50,2,1,1,0
88,51,27,15,12,1250.1
88,52,49,27,22,2288.3
88,57,29,17,12,1247
88,58,256,120,136,11238.4
88,59,138,75,63,5340.6
88,72,2,1,1,0
88,73,9,5,4,344.7
88,75,43,21,22,2446.7
88,82,40,24,16,1836
88,85,69,39,30,2649.6
88,87,2,1,1,0
88,92,1,1,0,0
88,93,2,2,0,0
88,105,4,1,3,0
88,110,6,2,4,241.2
88,124,2,1,1,0
89,0,16,8,8,769.6
89,1,1,0,1,0
89,5,7,3,4,380.1
89,6,7,4,3,350.7
89,22,90,42,48,4185
89,23,5,4,1,229
89,25,5,4,1,180
89,32,20,10,10,1068
89,37,3,1,2,0
89,40,1,1,0,0
89,41,18,9,9,604.8
89,50,9,5,4,455.4
89,51,8,5,3,475.2
89,52,48,27,21,2366.4
89,53,2,1,1,0
89,57,6,4,2,306
89,58,142,67,75,5168.8
89,72,23,10,13,1023.5
89,75,21,10,11,917.7
89,76,92,45,47,3643.2
89,81,3,2,1,0
89,82,1,1,0,0
89,84,25,14,11,1052.5
89,85,91,45,46,3712.8
89,109,1,1,0,0
89,111,2,1,1,0
89,116,2,1,1,0
89,125,7,3,4,326.2
90,0,293,151,142,11837.2
90,1,4,2,2,0
90,6,66,31,35,2686.2
90,7,21,12,9,877.8
90,22,116,61,55,4558.8
90,23,355,177,178,14626
90,29,10,5,5,351
90,31,13,7,6,535.6
90,32,6,3,3,279
90,33,9,5,4,407.7
90,37,2,1,1,0
90,52,21,9,12,865.2
90,57,2,1,1,0
90,58,17,7,10,579.7
90,72,23,12,11,906.2
90,75,75,36,39,2820
90,76,236,128,108,10006.4
90,77,59,38,21,2407.2
90,81,29,14,15,1426.8
90,84,12,6,6,578.4
90,108,2,1,1,0
90,111,2,1,1,0
90,112,44,22,22,1900.8
90,113,10,5,5,454
90,114,2,2,0,0
90,115,2,1,1,0
90,118,1,1,0,0
90,119,2,1,1,0
91,0,265,134,131,12190
91,1,38,21,17,1459.2
91,7,42,23,19,1785
91,8,1,1,0,0
91,21,1,0,1,0
91,22,43,25,18,1797.4
91,23,47,22,25,1254.9
91,24,233,120,113,8667.6
91,31,18,11,7,653.4
91,34,2,1,1,0
91,41,10,5,5,597
91,53,13,7,6,400.4
91,57,41,20,21,1705.6
91,58,32,17,15,1321.6
91,59,29,13,16,687.3
91,72,94,50,44,3816.4
91,73,191,96,95,7506.3
91,75,100,53,47,3850
91,76,9,4,5,304.2
91,77,2,1,1,0
91,82,32,15,17,1001.6
91,83,1,1,0,0
91,84,290,156,134,10556
91,86,1,1,0,0
91,88,2,1,1,0
91,89,9,4,5,426.6
91,94,1,1,0,0
91,107,7,2,5,284.2
91,112,9,5,4,219.6
91,113,1,1,0,0
91,119,2,1,1,0
91,120,3,2,1,0
92,0,3,2,1,0
92,1,33,17,16,1719.3
92,2,10,4,6,355
92,20,4,2,2,0
92,21,37,20,17,1750.1
92,22,4,2,2,0
92,24,15,9,6,567
92,34,6,2,4,439.8
92,35,6,2,4,286.2
92,54,1,1,0,0
92,57,66,32,34,2204.4
92,58,1,1,0,0
92,72,2,1,1,0
92,73,57,29,28,2502.3
92,74,360,172,188,16344
92,75,309,153,156,11216.7
92,76,6,2,4,337.8
92,82,46,23,23,2079.2
92,83,52,28,24,2475.2
92,84,668,334,334,28122.8
92,85,31,16,15,1562.4
92,86,5,2,3,158
92,89,7,4,3,464.1
92,92,58,35,23,2505.6
92,93,8,3,5,340.8
92,105,9,5,4,531.9
92,107,2,1,1,0
92,108,3,2,1,0
93,0,2,1,1,0
93,1,2,1,1,0
93,7,5,3,2,333
93,24,21,11,10,1281
93,25,2,2,0,0
93,33,5,3,2,343
93,53,5,3,2,202
93,54,8,4,4,256.8
93,57,75,38,37,2782.5
93,59,15,10,5,535.5
93,73,32,19,13,1136
93,74,10,6,4,201
93,75,61,30,31,2623
93,76,5,3,2,170
93,77,1,1,0,0
93,84,16,10,6,609.6
93,85,28,14,14,1030.4
93,92,340,161,179,13532
93,93,327,166,161,12589.5
93,101,1,1,0,0
93,102,1,1,0,0
94,0,8,5,3,210.4
94,3,8,5,3,544
94,4,3,2,1,0
94,5,5,3,2,144
94,18,16,8,8,537.6
94,19,6,4,2,253.2
94,25,3,2,1,0
94,33,6,2,4,397.8
94,34,24,12,12,1408.8
94,35,46,26,20,2300
94,36,30,13,17,1314
94,37,2,2,0,0
94,52,5,2,3,280
94,53,6,3,3,454.8
94,55,14,8,6,600.6
94,57,26,16,10,808.6
94,59,4,2,2,0
94,71,4,2,2,0
94,72,53,25,28,2183.6
94,73,42,26,16,1793.4
94,85,8,4,4,352
94,93,57,30,27,1932.3
94,94,9,4,5,264.6
94,103,2,1,1,0
94,105,10,6,4,361
94,106,11,6,5,389.4
94,107,33,15,18,864.6
94,110,1,1,0,0
94,116,7,4,3,175
95,0,3,3,0,0
95,3,14,7,7,722.4
95,4,4,2,2,0
95,10,4,2,2,0
95,12,1,0,1,0
95,17,16,6,10,473.6
95,28,4,3,1,0
95,35,2,1,1,0
95,36,106,58,48,3296.6
95,37,136,68,68,6038.4
95,38,20,12,8,1032
95,39,13,6,7,694.2
95,40,9,5,4,614.7
95,44,5,2,3,219
95,45,22,11,11,1212.2
95,46,2,1,1,0
95,47,2,2,0,0
95,51,3,2,1,0
95,52,5,3,2,108
95,53,8,6,2,436
95,55,8,3,5,368.8
95,56,16,9,7,726.4
95,58,7,4,3,419.3
95,59,28,18,10,1190
95,78,5,2,3,180
95,95,4,1,3,0
95,104,12,9,3,512.4
95,105,90,43,47,4329
95,106,16,7,9,718.4
95,107,14,9,5,875
95,115,1,1,0,0
96,0,7,4,3,214.9
96,10,10,5,5,612
96,12,1,1,0,0
96,14,3,2,1,0
96,23,39,17,22,1322.1
96,24,34,17,17,1288.6
96,27,5,3,2,336
96,28,1,1,0,0
96,48,45,27,18,1899
96,49,2,1,1,0
96,50,8,3,5,474.4
96,51,11,6,5,409.2
96,53,1,1,0,0
96,56,13,6,7,621.4
96,57,2,1,1,0
96,58,9,3,6,293.4
96,75,4,2,2,0
96,76,14,9,5,673.4
96,77,5,2,3,258
96,78,3,2,1,0
96,95,19,10,9,1183.7
96,104,12,6,6,513.6
96,105,72,37,35,2973.6
97,2,19,9,10,765.7
97,3,7,4,3,317.1
97,10,18,10,8,516.6
97,13,32,17,15,985.6
97,14,7,5,2,245
97,21,13,7,6,630.5
97,22,41,21,20,1820.4
97,23,227,125,102,7400.2
97,24,228,113,115,8367.6
97,25,1,0,1,0
97,41,13,6,7,669.5
97,42,5,1,4,214
97,47,13,8,5,553.8
97,48,24,13,11,933.6
97,56,8,4,4,268.8
97,57,10,6,4,560
97,79,1,1,0,0
97,95,160,83,77,6256
97,104,34,18,16,1560.6
97,105,6,3,3,217.8
97,107,22,12,10,798.6
98,2,4,2,2,0
98,3,3,2,1,0
98,20,17,8,9,708.9
98,21,13,7,6,520
98,22,30,14,16,1182
98,23,14,7,7,708.4
98,24,151,73,78,5964.5
98,25,199,100,99,8915.2
98,26,150,71,79,6330
98,27,2,1,1,0
98,28,90,40,50,4365
98,29,210,95,115,8799
98,30,20,9,11,1026
98,37,4,3,1,0
98,39,23,14,9,1350.1
98,40,11,6,5,588.5
98,47,12,5,7,627.6
98,49,3,1,2,0
98,58,3,1,2,0
98,72,1,1,0,0
98,79,1,1,0,0
98,95,160,77,83,6656
98,96,809,376,433,35029.7
98,97,65,33,32,2554.5
98,100,3,2,1,0
98,101,2,1,1,0
98,103,67,34,33,3041.8
98,106,13,8,5,543.4
99,2,1,1,0,0
99,4,2,1,1,0
99,24,12,7,5,657.6
99,25,61,32,29,2519.3
99,26,69,39,30,2801.4
99,27,149,71,78,7181.8
99,28,352,172,180,15875.2
99,29,14,7,7,604.8
99,30,9,2,7,276.3
99,31,47,27,20,2392.3
99,32,61,29,32,2580.3
99,38,1,1,0,0
99,39,22,11,11,1278.2
99,40,58,26,32,2859.4
99,51,5,3,2,162
99,52,8,5,3,364.8
99,58,6,4,2,141
99,59,10,4,6,501
99,60,11,5,6,402.6
99,61,11,7,4,430.1
99,62,2,0,2,0
99,73,32,18,14,1321.6
99,98,15,9,6,826.5
99,102,1,1,0,0
99,111,12,8,4,558
99,112,53,26,27,2787.8
99,121,12,8,4,628.8
100,3,2,1,1,0
100,4,7,4,3,251.3
100,5,5,3,2,183
100,6,30,17,13,1191
100,24,5,3,2,146
100,27,15,10,5,648
100,28,43,22,21,1883.4
100,29,13,8,5,666.9
100,32,6,2,4,427.2
100,33,6,3,3,325.8
100,34,4,2,2,0
100,39,27,15,12,1282.5
100,40,2,1,1,0
100,47,2,1,1,0
100,52,12,6,6,658.8
100,53,126,65,61,5342.4
100,54,55,31,24,2040.5
100,73,1,1,0,0
100,74,1,1,0,0
100,81,1,1,0,0
100,99,1,0,1,0
100,112,21,7,14,976.5
100,113,4,3,1,0
100,114,6,3,3,394.2
100,121,110,48,62,3795
101,0,24,11,13,974.4
101,5,49,26,23,1974.7
101,6,8,5,3,494.4
101,27,3,2,1,0
101,34,2,1,1,0
101,35,14,9,5,562.8
101,36,2,1,1,0
101,40,3,1,2,0
101,41,14,8,6,716.8
101,53,8,3,5,344
101,54,84,38,46,3780
101,55,1,0,1,0
101,73,2,2,0,0
101,94,11,5,6,558.8
101,98,1,1,0,0
101,115,3,2,1,0
101,121,60,32,28,2568
102,4,13,3,10,533
102,5,15,7,8,693
102,36,13,7,6,643.5
102,40,3,2,1,0
102,41,3,1,2,0
102,54,4,1,3,0
102,55,20,11,9,942
102,56,34,19,15,1873.4
102,57,28,13,15,1047.2
102,100,4,2,2,0
103,37,3,2,1,0
103,43,3,2,1,0
103,56,18,10,8,820.8
103,57,84,44,40,4393.2
103,58,154,80,74,6622
103,59,99,46,53,3880.8
103,60,7,5,2,371
103,93,6,4,2,259.2
103,116,5,3,2,105
103,117,17,11,6,642.6
103,121,1,1,0,0
103,122,11,6,5,526.9
104,43,10,3,7,369
104,59,27,11,16,1350
104,60,3,2,1,0
104,61,8,5,3,354.4
104,62,6,3,3,205.2
104,71,1,1,0,0
104,93,13,6,7,647.4
104,103,1,1,0,0
104,117,7,5,2,191.1
104,122,13,4,9,457.6
104,123,22,15,7,576.4
105,4,1,1,0,0
105,58,6,2,4,354
105,59,76,39,37,3708.8
105,60,6,4,2,277.2
105,61,10,4,6,557
105,62,10,5,5,459
105,70,4,2,2,0
105,93,5,3,2,170
106,0,6,3,3,202.2
106,38,28,16,12,1456
106,39,13,7,6,436.8
106,49,6,1,5,187.8
106,50,11,4,7,518.1
106,57,9,4,5,381.6
106,58,8,5,3,332.8
106,100,116,59,57,4222.4
106,101,20,12,8,934
106,104,3,2,1,0
106,116,2,2,0,0
106,123,5,2,3,270
107,38,33,18,15,1168.2
107,39,11,6,5,664.4
107,46,2,1,1,0
107,47,7,4,3,202.3
107,48,4,3,1,0
107,49,11,6,5,337.7
107,50,12,6,6,370.8
107,56,2,1,1,0
107,57,9,5,4,412.2
107,68,44,24,20,1460.8
107,69,2,2,0,0
107,91,10,6,4,533
107,92,2,1,1,0
107,100,7,3,4,410.2
107,101,25,12,13,1115
107,105,3,1,2,0
107,106,4,2,2,0
107,122,8,4,4,440.8
108,6,46,21,25,1761.8
108,44,2,1,1,0
108,46,1,1,0,0
108,51,47,25,22,1997.5
108,52,17,8,9,928.2
108,56,13,6,7,522.6
108,68,19,8,11,915.8
108,69,107,56,51,4590.3
108,90,5,3,2,333
108,91,2,1,1,0
108,100,2,1,1,0
108,101,41,23,18,1722
108,102,1,1,0,0
108,116,19,9,10,891.1
108,122,17,7,10,712.3
109,7,13,7,6,722.8
109,8,4,2,2,0
109,42,2,2,0,0
109,44,10,5,5,398
109,52,18,8,10,743.4
109,56,29,20,9,1464.5
109,57,12,5,7,385.2
109,68,1,1,0,0
109,69,97,46,51,3676.3
109,70,19,10,9,978.5
109,89,12,4,8,567.6
109,100,12,6,6,333.6
109,116,2,2,0,0
109,122,8,4,4,396
110,8,2,1,1,0
110,39,5,4,1,143
110,55,4,2,2,0
110,57,49,22,27,2239.3
110,58,2,1,1,0
110,69,128,72,56,4441.6
110,70,15,10,5,610.5
110,89,1,0,1,0
110,99,1,1,0,0
110,100,2,0,2,0
110,124,50,22,28,1925
110,125,13,6,7,435.5
111,39,9,5,4,340.2
111,55,8,4,4,399.2
111,57,43,25,18,1462
111,58,1,0,1,0
111,59,21,10,11,789.6
111,61,15,10,5,853.5
111,62,30,13,17,1170
111,69,186,93,93,6435.6
111,70,20,9,11,684
111,115,10,6,4,554
111,124,5,2,3,148
111,125,21,9,12,1136.1
111,126,13,11,2,508.3
112,11,3,2,1,0
112,12,1,1,0,0
112,58,3,2,1,0
112,59,31,15,16,1243.1
112,60,71,38,33,3053
112,61,120,63,57,5316
112,62,105,59,46,4609.5
112,63,34,16,18,1278.4
112,64,1,1,0,0
112,68,32,13,19,902.4
112,69,557,274,283,21221.7
112,70,220,114,106,9108
112,71,4,2,2,0
112,115,15,6,9,594
112,116,6,2,4,288
113,42,2,1,1,0
113,52,7,3,4,315.7
113,53,4,1,3,0
113,54,48,23,25,1992
113,55,4,2,2,0
113,59,13,6,7,469.3
113,60,8,5,3,324.8
113,61,65,35,30,1937
113,62,1,1,0,0
113,66,140,81,59,5670
113,67,38,21,17,1706.2
113,68,142,73,69,6162.8
113,69,908,435,473,42403.6
113,70,101,52,49,3928.9
113,71,14,7,7,604.8
113,100,23,10,13,1186.8
113,101,18,11,7,761.4
113,103,1,1,0,0
113,117,5,3,2,213
114,43,14,9,5,518
114,55,33,14,19,1250.7
114,56,12,5,7,390
114,64,21,11,10,909.3
114,66,218,108,110,8131.4
114,67,5,3,2,163
114,68,80,41,39,3272
114,69,29,18,11,1305
114,70,24,11,13,837.6
114,71,60,29,31,2040
114,99,3,2,1,0
114,100,88,47,41,4136
114,101,14,8,6,439.6
114,102,4,2,2,0
114,103,3,2,1,0
114,104,2,1,1,0
114,114,2,1,1,0
114,116,6,4,2,346.8
114,117,1,1,0,0
115,40,68,31,37,2570.4
115,56,1,0,1,0
115,64,31,16,15,1246.2
115,65,24,13,11,1080
115,66,34,14,20,1373.6
115,68,26,13,13,985.4
115,69,287,151,136,11250.4
115,70,477,247,230,19795.5
115,71,437,220,217,18310.3
115,72,43,24,19,1328.7
115,100,135,72,63,4860
115,103,1,0,1,0
115,104,1,1,0,0
115,106,1,1,0,0
115,114,1,1,0,0
115,115,2,1,1,0
116,11,4,3,1,0
116,40,2,1,1,0
116,57,91,43,48,3494.4
116,58,55,22,33,2706
116,59,49,24,25,2548
116,64,7,4,3,249.9
116,65,17,7,10,674.9
116,70,220,111,109,8646
116,71,323,156,167,14761.1
116,72,8,5,3,300.8
116,73,56,31,25,1965.6
116,96,2,1,1,0
116,97,2,1,1,0
116,100,19,11,8,678.3
116,108,2,1,1,0
116,109,2,2,0,0
117,44,1,1,0,0
117,45,29,18,11,1322.4
117,58,217,105,112,9895.2
117,59,2,1,1,0
117,69,13,6,7,431.6
117,70,300,146,154,10680
117,71,7,3,4,273
117,73,43,19,24,1582.4
117,74,6,4,2,217.8
117,81,1,1,0,0
117,95,12,7,5,529.2
117,97,2,1,1,0
117,98,3,2,1,0
117,99,2,1,1,0
117,100,2,2,0,0
117,109,6,4,2,238.2
117,115,7,4,3,272.3
117,116,4,2,2,0
118,12,8,2,6,584
118,41,19,9,10,780.9
118,61,13,8,5,496.6
118,69,76,45,31,3085.6
118,70,24,12,12,811.2
118,73,17,9,8,771.8
118,74,29,13,16,1041.1
118,94,5,4,1,124
118,95,14,6,8,383.6
118,96,19,11,8,940.5
118,98,8,2,6,308.8
118,101,3,1,2,0
118,109,42,23,19,1747.2
118,110,9,5,4,475.2
119,12,7,2,5,340.2
119,13,7,3,4,207.2
119,41,7,2,5,217.7
119,58,14,8,6,660.8
119,60,15,8,7,757.5
119,61,41,23,18,1722
119,67,1,0,1,0
119,69,41,21,20,1836.8
119,70,22,12,10,990
119,71,56,29,27,2273.6
119,72,32,16,16,1331.2
119,73,38,23,15,1033.6
119,96,5,3,2,137
119,97,26,14,12,1024.4
119,98,3,1,2,0
119,101,4,2,2,0
119,109,6,3,3,193.2
119,116,14,9,5,326.2
119,117,8,6,2,340.8
120,12,21,11,10,942.9
120,58,10,8,2,449
120,61,7,4,3,291.9
120,69,4,3,1,0
120,70,8,5,3,328.8
120,71,58,30,28,2256.2
120,96,40,21,19,1380
120,97,13,5,8,434.2
120,98,4,2,2,0
120,99,5,3,2,154
120,118,6,2,4,300
121,12,8,6,2,330.4
121,58,14,7,7,491.4
121,59,10,7,3,386
121,61,15,7,8,544.5
121,62,5,2,3,329
121,70,2,1,1,0
121,97,26,13,13,884
121,98,28,15,13,1422.4
121,99,10,6,4,387
121,119,2,2,0,0
122,57,2,1,1,0
122,58,3,2,1,0
122,97,17,10,7,805.8
122,98,51,27,24,1667.7
122,99,5,3,2,76
123,13,1,0,1,0
123,14,1,1,0,0
123,57,7,4,3,256.9
123,58,7,3,4,191.8
123,64,5,3,2,182
123,95,7,4,3,345.1
123,96,143,69,74,4618.9
123,97,50,27,23,1895
124,57,38,22,16,1512.4
124,64,48,28,20,2208
124,65,8,5,3,236
124,66,5,4,1,135
124,95,35,18,17,1375.5
124,96,3,2,1,0
124,97,18,10,8,840.6
124,119,3,1,2,0
125,15,5,1,4,110
125,31,5,2,3,104
125,64,88,45,43,4488
125,65,31,16,15,1466.3
125,72,13,7,6,702
125,73,8,3,5,236
125,95,23,14,9,1143.1
125,96,65,32,33,2112.5
125,97,64,31,33,2515.2
125,98,10,4,6,358
125,119,10,5,5,460
126,15,15,7,8,550.5
126,30,2,1,1,0
126,64,11,3,8,403.7
126,65,31,13,18,1112.9
126,67,2,1,1,0
126,72,28,17,11,1408.4
126,73,14,8,6,446.6
126,94,11,5,6,415.8
126,95,21,9,12,800.1
126,96,59,36,23,2525.2
126,97,64,31,33,2572.8
126,98,23,14,9,947.6
126,119,14,7,7,645.4
127,67,9,3,6,435.6
127,73,27,12,15,1269
127,74,48,24,24,2140.8
127,93,5,3,2,276
127,94,14,5,9,771.4
127,95,3,3,0,0