x,y,p,m,f,ta
0,28,242,124,118,10841.6
0,29,206,113,93,6612.6
0,30,15,7,8,544.5
0,33,8,6,2,456.8
0,34,54,31,23,2246.4
0,35,34,20,14,1387.2
0,36,12,7,5,439.2
0,37,21,11,10,825.3
0,38,27,12,15,1036.8
0,39,14,7,7,523.6
0,40,8,4,4,319.2
0,41,31,18,13,1010.6
0,42,9,5,4,501.3
0,43,5,3,2,320
0,44,10,4,6,411
0,45,17,7,10,720.8
0,46,16,8,8,668.8
0,47,1,1,0,0
0,49,2,1,1,0
0,50,61,31,30,2354.6
0,51,341,180,161,11935
0,52,227,122,105,8535.2
0,53,21,12,9,726.6
0,54,25,13,12,1097.5
0,55,9,4,5,529.2
0,56,4,2,2,0
0,57,8,4,4,316
0,58,53,31,22,2141.2
0,59,2,1,1,0
0,60,22,13,9,805.2
0,61,20,13,7,604
0,62,5,3,2,299
0,63,9,4,5,510.3
0,64,5,1,4,302
0,65,3,2,1,0
0,67,7,5,2,181.3
0,68,28,16,12,1153.6
0,69,33,16,17,1155
0,70,65,33,32,2054
0,71,47,20,27,1499.3
0,72,30,16,14,1140
0,73,50,26,24,1885
0,74,17,9,8,603.5
0,75,61,33,28,2165.5
0,76,29,10,19,1052.7
0,77,14,11,3,484.4
0,78,14,9,5,649.6
0,79,31,18,13,1432.2
0,80,1,0,1,0
0,81,234,112,122,9149.4
0,82,1558,758,800,60450.4
0,83,2280,1098,1182,93024
0,84,1897,965,932,75310.9
0,85,243,132,111,10011.6
0,86,20,12,8,740
0,87,7,4,3,413.7
0,88,5,3,2,199
0,89,4,2,2,0
0,91,5,3,2,219
0,92,34,18,16,1271.6
0,96,20,10,10,758
0,97,9,6,3,325.8
0,98,3,1,2,0
0,99,10,6,4,475
0,100,82,43,39,3394.8
0,101,9,5,4,394.2
0,102,74,40,34,3145
0,103,195,95,100,7897.5
0,104,20,11,9,900
0,105,7,5,2,217
0,108,9,6,3,325.8
0,109,17,9,8,748
0,110,715,357,358,25168
0,111,258,135,123,9778.2
0,120,299,150,149,11242.4
0,121,1065,515,550,44836.5
0,122,617,319,298,23446
0,123,358,174,184,13102.8
0,125,7,4,3,275.8
0,127,16,9,7,745.6
1,28,11,6,5,508.2
1,29,13,7,6,752.7
1,30,11,7,4,425.7
1,31,8,3,5,356.8
1,32,14,6,8,690.2
1,33,29,16,13,1078.8
1,34,23,12,11,802.7
1,35,42,20,22,1692.6
1,36,2,1,1,0
1,38,2,1,1,0
1,39,1,1,0,0
1,40,13,6,7,353.6
1,41,20,9,11,804
1,42,14,8,6,574
1,43,12,4,8,476.4
1,44,20,11,9,780
1,45,15,10,5,445.5
1,46,41,19,22,1656.4
1,48,3,2,1,0
1,51,48,25,23,1848
1,52,157,72,85,5652
1,53,36,19,17,1346.4
1,54,3,2,1,0
1,55,3,2,1,0
1,56,1,1,0,0
1,58,18,11,7,559.8
1,59,25,13,12,1152.5
1,60,70,37,33,2947
1,64,26,10,16,1089.4
1,65,2,1,1,0
1,66,19,11,8,767.6
1,67,2,1,1,0
1,69,5,2,3,132
1,70,8,5,3,432.8
1,71,22,11,11,770
1,72,11,4,7,385
1,73,14,5,9,462
1,74,74,44,30,2782.4
1,75,28,16,12,1209.6
1,76,3,2,1,0
1,77,5,3,2,312
1,78,28,17,11,1321.6
1,79,11,6,5,385
1,80,12,5,7,499.2
1,81,16,8,8,892.8
1,82,22,13,9,884.4
1,83,316,156,160,13019.2
1,84,610,299,311,23424
1,85,42,21,21,1873.2
1,86,31,17,14,1165.6
1,87,47,24,23,1865.9
1,88,11,6,5,517
1,89,3,1,2,0
1,90,10,5,5,398
1,91,6,4,2,241.2
1,92,9,6,3,405.9
1,95,1,1,0,0
1,96,13,9,4,539.5
1,97,25,13,12,745
1,98,25,12,13,997.5
1,99,7,4,3,294.7
1,100,28,17,11,1100.4
1,101,18,10,8,588.6
1,102,38,21,17,1740.4
1,103,3,2,1,0
1,104,22,12,10,853.6
1,105,49,29,20,1866.9
1,106,23,13,10,864.8
1,107,50,27,23,2160
1,108,49,27,22,2283.4
1,109,65,32,33,2795
1,110,66,34,32,2461.8
1,118,8,5,3,272.8
1,119,66,37,29,2310
1,120,172,88,84,7430.4
1,121,715,363,352,35178
1,122,1080,541,539,41688
1,123,836,424,412,27671.6
1,124,15,7,8,702
1,126,5,2,3,221
1,127,11,6,5,609.4
2,28,2,2,0,0
2,29,29,16,13,1380.4
2,30,52,25,27,2189.2
2,32,7,4,3,399.7
2,33,39,22,17,1524.9
2,34,23,13,10,1078.7
2,35,16,7,9,548.8
2,36,9,4,5,370.8
2,37,3,2,1,0
2,41,18,8,10,885.6
2,42,4,2,2,0
2,43,17,8,9,763.3
2,46,8,4,4,307.2
2,47,5,3,2,161
2,48,1,1,0,0
2,50,10,4,6,473
2,52,3,1,2,0
2,53,9,7,2,407.7
2,54,10,5,5,408
2,57,5,4,1,155
2,58,4,2,2,0
2,59,7,4,3,363.3
2,60,16,6,10,718.4
2,61,11,4,7,510.4
2,62,15,6,9,520.5
2,63,1,1,0,0
2,64,18,9,9,642.6
2,65,11,6,5,405.9
2,66,23,13,10,1081
2,67,20,12,8,866
2,69,14,9,5,518
2,70,2,0,2,0
2,71,8,2,6,272.8
2,72,35,19,16,1536.5
2,73,14,8,6,508.2
2,74,5,1,4,158
2,75,5,2,3,204
2,76,6,4,2,391.8
2,77,27,14,13,1115.1
2,78,23,11,12,1051.1
2,79,18,9,9,588.6
2,80,1,1,0,0
2,81,23,11,12,782
2,82,31,19,12,1147
2,83,19,10,9,902.5
2,84,4,2,2,0
2,85,1,0,1,0
2,86,6,3,3,379.8
2,87,44,26,18,1843.6
2,88,10,5,5,446
2,89,7,3,4,352.1
2,90,15,7,8,424.5
2,91,2,1,1,0
2,92,22,12,10,1012
2,93,4,2,2,0
2,94,18,12,6,748.8
2,95,4,2,2,0
2,96,23,10,13,885.5
2,97,20,9,11,580
2,98,14,6,8,611.8
2,99,8,3,5,326.4
2,100,12,7,5,499.2
2,101,9,6,3,414
2,102,22,10,12,875.6
2,104,2,1,1,0
2,105,7,2,5,216.3
2,106,31,15,16,1376.4
2,107,29,18,11,1197.7
2,108,10,4,6,459
2,109,3,2,1,0
2,116,5,3,2,241
2,117,16,7,9,644.8
2,118,53,23,30,1886.8
2,119,51,29,22,2244
2,120,759,391,368,27248.1
2,121,402,217,185,16080
2,122,47,25,22,1804.8
2,123,7,4,3,291.2
2,124,14,6,8,576.8
2,125,3,2,1,0
3,29,9,4,5,585
3,30,2,1,1,0
3,31,49,30,19,2058
3,32,20,9,11,662
3,33,21,15,6,768.6
3,34,12,5,7,568.8
3,35,6,3,3,393
3,36,7,4,3,487.9
3,37,17,8,9,562.7
3,41,7,5,2,303.8
3,42,11,4,7,398.2
3,47,4,3,1,0
3,48,7,5,2,203
3,49,7,3,4,294
3,50,9,4,5,398.7
3,54,13,6,7,473.2
3,55,7,4,3,252.7
3,56,23,12,11,680.8
3,60,4,2,2,0
3,61,13,4,9,425.1
3,64,1,1,0,0
3,65,9,6,3,422.1
3,66,3,2,1,0
3,67,35,15,20,1032.5
3,68,17,8,9,581.4
3,69,15,9,6,433.5
3,70,47,25,22,1955.2
3,71,16,10,6,819.2
3,72,52,29,23,2189.2
3,73,6,2,4,241.2
3,74,13,6,7,487.5
3,75,7,4,3,310.1
3,76,15,8,7,703.5
3,77,25,14,11,1330
3,78,7,3,4,350.7
3,79,10,4,6,329
3,80,6,4,2,337.2
3,81,8,5,3,288.8
3,82,32,15,17,1200
3,83,5,3,2,321
3,85,27,14,13,918
3,86,8,3,5,310.4
3,87,8,4,4,347.2
3,88,47,22,25,1912.9
3,89,55,31,24,2733.5
3,90,54,26,28,1593
3,91,2,1,1,0
3,92,8,3,5,332.8
3,93,3,1,2,0
3,98,4,2,2,0
3,102,10,4,6,402
3,103,5,2,3,157
3,114,1,1,0,0
3,115,6,2,4,370.8
3,116,63,30,33,2696.4
3,117,56,30,26,2688
3,118,2,1,1,0
3,120,73,35,38,3190.1
3,121,732,365,367,24741.6
3,122,345,188,157,14007
3,123,38,22,16,1911.4
3,124,18,8,10,826.2
3,125,16,10,6,643.2
3,127,3,2,1,0
4,30,470,251,219,18894
4,31,271,143,128,10216.7
4,32,2,2,0,0
4,33,11,6,5,319
4,34,13,9,4,552.5
4,37,6,2,4,324
4,38,3,2,1,0
4,39,3,1,2,0
4,40,11,7,4,399.3
4,41,26,15,11,886.6
4,42,6,3,3,172.2
4,49,14,8,6,593.6
4,51,6,3,3,223.8
4,56,14,9,5,635.6
4,57,8,5,3,415.2
4,58,20,11,9,878
4,59,16,8,8,430.4
4,60,5,2,3,153
4,61,2,1,1,0
4,62,6,5,1,175.2
4,64,6,2,4,100.8
4,65,10,5,5,298
4,66,19,9,10,374.3
4,67,23,11,12,933.8
4,68,7,4,3,268.1
4,69,4,2,2,0
4,70,33,17,16,1102.2
4,71,27,16,11,1044.9
4,72,22,10,12,939.4
4,73,21,13,8,745.5
4,74,24,13,11,1022.4
4,75,37,17,20,1565.1
4,76,13,7,6,356.2
4,77,8,4,4,448.8
4,78,10,7,3,552
4,79,22,12,10,1111
4,80,5,3,2,137
4,81,26,18,8,884
4,82,216,114,102,8402.4
4,83,156,81,75,6240
4,84,33,18,15,1293.6
4,85,7,2,5,270.9
4,86,7,4,3,280
4,87,3,2,1,0
4,88,5,3,2,176
4,89,9,3,6,405.9
4,92,6,2,4,283.2
4,94,4,1,3,0
4,111,22,15,7,860.2
4,112,48,21,27,2112
4,113,30,13,17,1821
4,114,46,23,23,1748
4,115,115,62,53,4519.5
4,116,158,83,75,6320
4,120,8,6,2,288.8
4,121,65,38,27,2990
4,122,101,50,51,3979.4
4,123,73,42,31,2861.6
4,124,18,10,8,795.6
4,125,174,90,84,6368.4
4,126,10,6,4,470
4,127,3,1,2,0
5,30,41,20,21,1492.4
5,31,59,27,32,2094.5
5,32,15,11,4,601.5
5,33,9,4,5,543.6
5,34,7,3,4,280.7
5,35,19,7,12,820.8
5,36,11,5,6,507.1
5,38,16,10,6,462.4
5,39,26,13,13,1214.2
5,40,11,6,5,376.2
5,41,8,4,4,250.4
5,45,10,6,4,237
5,47,12,7,5,543.6
5,48,2,2,0,0
5,54,6,1,5,276
5,57,4,3,1,0
5,58,11,6,5,556.6
5,59,12,5,7,345.6
5,60,15,11,4,817.5
5,65,13,6,7,464.1
5,66,21,13,8,735
5,67,22,11,11,750.2
5,68,13,6,7,503.1
5,69,21,14,7,751.8
5,70,31,14,17,1004.4
5,71,10,6,4,464
5,72,11,6,5,570.9
5,73,22,9,13,723.8
5,74,19,9,10,1035.5
5,75,15,7,8,472.5
5,76,28,15,13,966
5,77,14,7,7,617.4
5,78,13,9,4,465.4
5,80,5,3,2,143
5,81,10,5,5,371
5,82,153,74,79,6992.1
5,83,303,160,143,12604.8
5,84,22,13,9,979
5,85,17,8,9,562.7
5,86,5,3,2,205
5,87,1,1,0,0
5,90,17,11,6,722.5
5,91,1,1,0,0
5,92,4,1,3,0
5,93,14,8,6,418.6
5,94,18,6,12,640.8
5,95,20,15,5,818
5,96,19,12,7,773.3
5,97,10,4,6,473
5,98,5,2,3,124
5,99,1,1,0,0
5,101,5,3,2,137
5,102,13,6,7,423.8
5,103,11,7,4,413.6
5,104,14,10,4,651
5,105,14,8,6,666.4
5,106,18,10,8,797.4
5,107,14,9,5,504
5,109,2,1,1,0
5,110,19,13,6,539.6
5,111,19,10,9,714.4
5,112,60,34,26,2796
5,113,137,74,63,5438.9
5,114,17,8,9,635.8
5,115,228,110,118,8527.2
5,116,332,176,156,10258.8
5,122,8,5,3,300
5,123,13,7,6,685.1
5,125,24,13,11,1082.4
5,126,96,46,50,3955.2
5,127,831,408,423,28503.3
6,31,20,13,7,850
6,32,46,28,18,1904.4
6,33,45,27,18,1701
6,34,8,4,4,380
6,35,3,2,1,0
6,36,15,9,6,700.5
6,37,26,14,12,1149.2
6,38,24,15,9,1032
6,39,45,22,23,1656
6,40,10,5,5,426
6,41,3,1,2,0
6,42,3,2,1,0
6,44,1,1,0,0
6,47,3,1,2,0
6,53,7,4,3,286.3
6,56,1,0,1,0
6,57,12,8,4,454.8
6,58,11,6,5,269.5
6,59,23,11,12,897
6,60,35,17,18,1249.5
6,61,13,7,6,691.6
6,62,5,2,3,112
6,64,4,2,2,0
6,65,59,31,28,2312.8
6,66,16,10,6,801.6
6,67,21,13,8,884.1
6,68,11,5,6,463.1
6,69,4,4,0,0
6,70,20,12,8,896
6,71,6,2,4,285
6,72,16,8,8,684.8
6,73,4,3,1,0
6,74,63,30,33,2778.3
6,75,94,45,49,3609.6
6,76,15,9,6,757.5
6,77,46,29,17,1527.2
6,78,60,35,25,2292
6,79,4,2,2,0
6,80,15,8,7,529.5
6,81,109,32,77,8621.9
6,82,1,0,1,0
6,83,10,7,3,430
6,84,7,4,3,282.8
6,85,6,3,3,340.2
6,86,7,5,2,247.8
6,87,23,14,9,828
6,88,9,4,5,408.6
6,89,25,15,10,952.5
6,90,18,9,9,653.4
6,91,22,10,12,891
6,92,24,9,15,739.2
6,93,10,6,4,344
6,94,25,13,12,792.5
6,95,11,5,6,480.7
6,96,19,10,9,537.7
6,97,19,11,8,568.1
6,98,12,6,6,524.4
6,99,9,4,5,494.1
6,100,32,16,16,1248
6,101,11,7,4,398.2
6,102,6,4,2,352.2
6,103,27,16,11,1204.2
6,104,34,12,22,1370.2
6,105,46,26,20,2083.8
6,106,77,43,34,3241.7
6,107,23,16,7,867.1
6,109,2,1,1,0
6,110,2,1,1,0
6,111,20,10,10,678
6,112,12,5,7,561.6
6,113,11,7,4,555.5
6,114,28,17,11,1080.8
6,115,75,41,34,2970
6,116,12,6,6,501.6
6,125,377,177,200,11800.1
6,126,1370,688,682,51238
6,127,1617,763,854,72926.7
7,30,136,71,65,6514.4
7,31,402,195,207,15838.8
7,32,1218,611,607,49572.6
7,33,207,105,102,9170.1
7,34,4,2,2,0
7,35,14,7,7,355.6
7,36,8,4,4,410.4
7,37,9,6,3,309.6
7,38,20,12,8,786
7,39,10,5,5,466
7,40,1,0,1,0
7,42,10,6,4,404
7,43,9,5,4,411.3
7,44,5,3,2,175
7,45,5,3,2,184
7,46,2,1,1,0
7,47,4,3,1,0
7,48,11,6,5,444.4
7,55,4,2,2,0
7,56,2,2,0,0
7,57,9,5,4,402.3
7,59,5,1,4,105
7,61,11,6,5,453.2
7,62,22,13,9,957
7,63,12,3,9,331.2
7,64,25,13,12,935
7,65,214,108,106,7190.4
7,66,840,412,428,33768
7,67,335,162,173,13601
7,68,23,13,10,823.4
7,69,24,15,9,931.2
7,70,16,10,6,716.8
7,71,5,3,2,204
7,72,3,2,1,0
7,73,24,12,12,988.8
7,74,99,50,49,2880.9
7,75,12,2,10,322.8
7,76,1,0,1,0
7,77,35,15,20,1606.5
7,78,453,212,241,17802.9
7,79,172,90,82,6295.2
7,80,132,68,64,6032.4
7,81,93,50,43,3413.1
7,83,2,2,0,0
7,84,17,10,7,746.3
7,85,13,7,6,601.9
7,86,21,14,7,1003.8
7,87,30,11,19,825
7,88,18,10,8,820.8
7,89,62,31,31,2647.4
7,90,23,12,11,968.3
7,91,19,11,8,782.8
7,92,49,23,26,1798.3
7,93,34,17,17,1268.2
7,94,7,4,3,251.3
7,95,310,158,152,13671
7,96,388,204,184,16218.4
7,97,56,33,23,2200.8
7,98,40,19,21,1796
7,99,31,17,14,1670.9
7,100,50,26,24,2420
7,101,12,5,7,400.8
7,102,60,31,29,2586
7,103,3,2,1,0
7,104,10,4,6,441
7,105,6,3,3,216
7,108,2,1,1,0
7,109,2,1,1,0
7,114,29,14,15,1296.3
7,115,13,6,7,549.9
7,126,93,49,44,3766.5
7,127,291,149,142,11901.9
8,29,50,30,20,2165
8,30,113,46,67,7401.5
8,31,2130,1049,1081,90099
8,32,2527,1170,1357,112956.9
8,33,692,341,351,27610.8
8,34,892,459,433,28365.6
8,35,23,13,10,1340.9
8,36,24,10,14,868.8
8,37,24,12,12,811.2
8,38,8,5,3,264.8
8,45,6,3,3,274.8
8,46,6,2,4,208.8
8,50,3,2,1,0
8,51,1,1,0,0
8,56,7,4,3,259
8,57,19,8,11,590.9
8,58,9,4,5,273.6
8,61,1,1,0,0
8,62,22,10,12,704
8,63,129,69,60,5611.5
8,64,378,177,201,17047.8
8,65,1119,522,597,56285.7
8,66,252,119,133,10231.2
8,67,22,12,10,754.6
8,68,12,7,5,586.8
8,69,11,6,5,598.4
8,70,53,24,29,1971.6
8,71,9,6,3,471.6
8,72,9,6,3,329.4
8,73,4,3,1,0
8,74,16,8,8,776
8,75,5,3,2,315
8,76,3,2,1,0
8,77,9,6,3,501.3
8,78,179,86,93,7195.8
8,79,1658,793,865,76102.2
8,80,1225,603,622,46305
8,81,425,204,221,17680
8,82,14,9,5,723.8
8,83,8,5,3,308.8
8,84,17,8,9,411.4
8,85,27,15,12,1212.3
8,86,50,24,26,2085
8,87,45,27,18,1620
8,88,519,261,258,22576.5
8,89,738,345,393,36309.6
8,90,12,7,5,537.6
8,91,26,13,13,975
8,92,22,8,14,662.2
8,93,20,11,9,678
8,94,15,8,7,721.5
8,95,30,15,15,852
8,96,97,50,47,3909.1
8,97,18,9,9,811.8
8,102,4,3,1,0
8,114,31,18,13,1286.5
8,115,5,3,2,261
8,121,6,4,2,372
8,126,45,24,21,1818
8,127,82,45,37,2747
9,25,2,1,1,0
9,26,30,16,14,1341
9,27,83,37,46,3535.8
9,28,329,171,158,10824.1
9,29,363,193,170,14411.1
9,30,1426,740,686,59749.4
9,31,2558,1271,1287,116389
9,32,2001,1010,991,79039.5
9,33,1821,911,910,73932.6
9,34,372,188,184,13392
9,36,14,8,6,754.6
9,37,26,14,12,1076.4
9,38,21,10,11,810.6
9,43,8,4,4,328.8
9,45,4,2,2,0
9,53,2,1,1,0
9,55,13,8,5,296.4
9,56,6,2,4,88.8
9,57,7,4,3,385
9,58,8,3,5,240
9,60,3,2,1,0
9,61,6,4,2,357
9,62,13,6,7,445.9
9,63,222,104,118,9035.4
9,64,833,417,416,35569.1
9,65,98,64,34,3410.4
9,66,5,2,3,122
9,67,29,15,14,1044
9,68,13,7,6,547.3
9,69,6,3,3,250.2
9,70,8,5,3,242.4
9,71,3,1,2,0
9,72,14,7,7,588
9,73,16,8,8,633.6
9,74,133,66,67,5093.9
9,75,230,121,109,7383
9,76,36,18,18,1400.4
9,77,18,11,7,1000.8
9,78,382,189,193,17877.6
9,79,1300,630,670,57330
9,80,221,111,110,9746.1
9,81,232,127,105,8630.4
9,82,17,11,6,652.8
9,83,16,9,7,689.6
9,84,4,1,3,0
9,86,21,11,10,831.6
9,87,2,2,0,0
9,88,182,89,93,6679.4
9,89,534,281,253,20665.8
9,90,6,4,2,276
9,91,20,12,8,690
9,92,5,2,3,341
9,93,18,11,7,594
9,94,1,1,0,0
9,95,8,4,4,360.8
9,96,13,8,5,728
9,97,30,14,16,1101
9,98,18,8,10,655.2
9,99,3,2,1,0
9,102,5,2,3,135
9,113,9,5,4,441
9,122,3,1,2,0
9,123,8,5,3,519.2
9,126,9,7,2,323.1
9,127,44,20,24,1922.8
10,22,6,5,1,324
10,24,25,11,14,1130
10,25,151,79,72,6115.5
10,26,20,11,9,748
10,27,21,8,13,1144.5
10,28,11,5,6,523.6
10,29,364,172,192,15906.8
10,30,447,222,225,16717.8
10,31,182,99,83,8754.2
10,32,1239,632,607,49683.9
10,33,912,440,472,38212.8
10,34,6,3,3,183
10,35,2,2,0,0
10,38,3,2,1,0
10,45,2,1,1,0
10,49,3,2,1,0
10,51,16,10,6,576
10,52,11,8,3,402.6
10,53,12,5,7,375.6
10,54,12,4,8,592.8
10,55,20,9,11,792
10,56,13,6,7,404.3
10,57,56,32,24,2032.8
10,58,42,26,16,1365
10,59,9,4,5,323.1
10,60,18,12,6,885.6
10,61,14,7,7,436.8
10,62,8,6,2,316.8
10,63,37,17,20,1446.7
10,64,364,177,187,12594.4
10,65,4,1,3,0
10,66,27,12,15,1147.5
10,67,20,10,10,752
10,68,28,18,10,1108.8
10,69,21,11,10,926.1
10,70,37,19,18,1061.9
10,71,44,24,20,1513.6
10,72,27,13,14,1150.2
10,73,74,33,41,2375.4
10,74,173,92,81,5847.4
10,75,9,6,3,403.2
10,76,2,2,0,0
10,77,5,2,3,149
10,78,67,33,34,2606.3
10,79,112,68,44,4009.6
10,80,36,18,18,1616.4
10,81,10,4,6,193
10,82,11,6,5,476.3
10,83,3,3,0,0
10,85,2,1,1,0
10,86,10,5,5,620
10,88,15,8,7,520.5
10,89,13,9,4,383.5
10,90,6,3,3,172.8
10,91,11,4,7,269.5
10,92,16,11,5,590.4
10,93,1,1,0,0
10,97,3,2,1,0
10,98,2,1,1,0
10,99,6,2,4,315
10,104,2,1,1,0
10,113,4,1,3,0
10,123,11,5,6,500.5
10,124,26,13,13,852.8
10,125,39,18,21,1747.2
10,126,61,30,31,2623
10,127,21,8,13,690.9
11,18,4,2,2,0
11,19,21,12,9,907.2
11,20,31,17,14,1664.7
11,21,69,34,35,3318.9
11,22,46,22,24,1729.6
11,23,21,11,10,842.1
11,24,78,40,38,3166.8
11,25,17,8,9,729.3
11,26,15,9,6,706.5
11,27,32,14,18,1353.6
11,28,46,22,24,2433.4
11,29,378,198,180,17312.4
11,30,887,445,442,34770.4
11,31,253,133,120,9639.3
11,32,360,161,199,16200
11,33,249,124,125,9611.4
11,34,15,7,8,565.5
11,35,7,5,2,261.8
11,38,4,2,2,0
11,39,9,4,5,206.1
11,48,2,1,1,0
11,49,16,8,8,657.6
11,50,17,10,7,867
11,51,74,42,32,2671.4
11,52,16,9,7,724.8
11,53,17,11,6,714
11,54,12,4,8,498
11,55,6,4,2,150
11,56,1,1,0,0
11,57,29,13,16,1273.1
11,58,11,7,4,666.6
11,59,15,10,5,838.5
11,60,18,10,8,694.8
11,62,5,3,2,135
11,63,15,7,8,661.5
11,64,4,2,2,0
11,65,13,7,6,458.9
11,66,27,16,11,1007.1
11,67,2,1,1,0
11,70,21,13,8,846.3
11,71,31,20,11,970.3
11,72,41,19,22,1558
11,73,15,7,8,859.5
11,74,23,13,10,1110.9
11,75,55,34,21,2024
11,76,37,19,18,1276.5
11,77,9,5,4,433.8
11,78,19,8,11,725.8
11,79,20,12,8,738
11,80,20,11,9,736
11,81,30,14,16,1095
11,82,5,2,3,129
11,83,5,3,2,223
11,84,7,3,4,406.7
11,85,17,8,9,729.3
11,86,15,7,8,619.5
11,87,7,5,2,168.7
11,88,20,9,11,920
11,89,31,15,16,1119.1
11,90,1,0,1,0
11,91,1,1,0,0
11,92,18,9,9,851.4
11,93,13,8,5,682.5
11,101,4,3,1,0
11,102,9,6,3,306
11,103,6,5,1,382.2
11,107,11,7,4,500.5
11,108,26,14,12,1089.4
11,110,1,0,1,0
11,111,5,3,2,196
11,112,4,1,3,0
11,120,4,1,3,0
11,121,4,2,2,0
11,122,9,4,5,504
11,123,35,18,17,1697.5
11,124,14,6,8,576.8
11,125,17,9,8,613.7
11,126,3,0,3,0
11,127,35,18,17,1508.5
12,18,18,7,11,648
12,19,45,22,23,1701
12,20,11,7,4,402.6
12,22,12,7,5,522
12,23,2,1,1,0
12,24,42,20,22,1247.4
12,25,17,10,7,503.2
12,26,61,31,30,2275.3
12,27,11,8,3,409.2
12,28,49,24,25,1685.6
12,29,183,86,97,8235
12,30,317,152,165,13092.1
12,31,1527,775,752,58331.4
12,32,955,501,454,40110
12,33,71,35,36,2485
12,34,133,63,70,4189.5
12,40,26,14,12,855.4
12,41,4,2,2,0
12,42,3,2,1,0
12,43,1,0,1,0
12,44,4,2,2,0
12,45,3,2,1,0
12,46,1,0,1,0
12,47,5,5,0,186
12,48,6,3,3,183
12,49,12,6,6,548.4
12,50,7,3,4,427
12,51,9,5,4,440.1
12,52,5,1,4,201
12,53,16,6,10,670.4
12,54,61,32,29,2159.4
12,55,16,6,10,702.4
12,56,85,43,42,3111
12,57,262,127,135,12104.4
12,58,35,19,16,1200.5
12,59,12,6,6,513.6
12,61,7,4,3,282.1
12,62,14,7,7,704.2
12,63,36,21,15,1756.8
12,64,25,10,15,792.5
12,65,12,5,7,476.4
12,67,8,3,5,210.4
12,68,2,1,1,0
12,70,11,6,5,468.6
12,71,24,10,14,991.2
12,72,18,10,8,810
12,73,2,1,1,0
12,74,30,21,9,1557
12,75,85,41,44,3009
12,76,6,3,3,238.2
12,77,27,19,8,853.2
12,78,16,9,7,716.8
12,79,34,14,20,1502.8
12,80,24,13,11,948
12,81,12,8,4,556.8
12,82,12,9,3,552
12,83,41,19,22,1385.8
12,84,4,2,2,0
12,85,13,6,7,535.6
12,86,12,6,6,657.6
12,87,3,1,2,0
12,89,7,2,5,273
12,92,27,15,12,1053
12,99,4,3,1,0
12,100,5,3,2,282
12,101,15,7,8,756
12,102,1,1,0,0
12,106,4,2,2,0
12,107,52,25,27,2184
12,108,34,21,13,890.8
12,109,11,5,6,361.9
12,110,21,10,11,701.4
12,111,8,6,2,175.2
12,119,5,2,3,160
12,120,9,5,4,316.8
12,121,16,7,9,688
12,122,7,2,5,349.3
12,123,40,21,19,1632
12,124,5,3,2,152
12,125,101,50,51,3939
12,126,488,248,240,16933.6
12,127,48,22,26,1387.2
13,11,3,2,1,0
13,13,4,2,2,0
13,18,5,2,3,234
13,21,6,3,3,262.8
13,22,4,2,2,0
13,23,1,0,1,0
13,25,53,28,25,1791.4
13,26,50,30,20,2145
13,27,3,2,1,0
13,28,10,6,4,347
13,29,2,1,1,0
13,30,86,48,38,3612
13,31,88,48,40,3907.2
13,32,20,10,10,1286
13,33,36,18,18,1760.4
13,34,14,7,7,581
13,40,4,3,1,0
13,44,6,3,3,202.8
13,45,3,2,1,0
13,46,12,6,6,528
13,47,10,5,5,351
13,48,1,1,0,0
13,49,1,0,1,0
13,51,13,7,6,634.4
13,52,15,6,9,666
13,53,13,7,6,534.3
13,54,5,2,3,262
13,55,13,8,5,772.2
13,56,16,8,8,507.2
13,57,12,6,6,628.8
13,58,3,2,1,0
13,60,2,1,1,0
13,61,11,6,5,489.5
13,63,29,14,15,1154.2
13,64,9,3,6,272.7
13,65,8,4,4,271.2
13,66,1,1,0,0
13,77,14,6,8,385
13,78,35,22,13,1190
13,79,52,23,29,2272.4
13,80,3,1,2,0
13,81,2,1,1,0
13,82,19,11,8,583.3
13,83,6,2,4,220.8
13,84,9,4,5,386.1
13,85,134,72,62,4743.6
13,86,98,50,48,4194.4
13,87,26,16,10,1037.4
13,88,17,8,9,484.5
13,89,11,6,5,437.8
13,90,18,9,9,518.4
13,91,13,7,6,673.4
13,92,2,1,1,0
13,94,4,2,2,0
13,95,28,16,12,1184.4
13,96,43,23,20,1582.4
13,97,32,16,16,1564.8
13,98,24,12,12,1056
13,99,34,19,15,1305.6
13,100,3,2,1,0
13,101,11,8,3,475.2
13,105,4,2,2,0
13,106,6,4,2,211.2
13,107,234,120,114,9804.6
13,108,11,7,4,371.8
13,118,4,2,2,0
13,119,33,24,9,1306.8
13,120,21,10,11,751.8
13,121,45,25,20,1953
13,122,16,12,4,590.4
13,123,45,21,24,2250
13,124,70,31,39,2555
13,125,65,36,29,2840.5
13,126,262,129,133,8855.6
13,127,77,43,34,2856.7
14,5,2,1,1,0
14,7,7,4,3,247.8
14,8,4,3,1,0
14,9,2,1,1,0
14,13,12,6,6,573.6
14,14,8,4,4,371.2
14,16,4,2,2,0
14,17,20,12,8,712
14,18,4,3,1,0
14,19,1,0,1,0
14,22,9,5,4,244.8
14,23,51,22,29,2142
14,24,48,26,22,1891.2
14,30,9,6,3,275.4
14,31,1,0,1,0
14,34,10,4,6,397
14,35,6,4,2,297
14,41,5,3,2,257
14,42,19,10,9,849.3
14,43,12,8,4,417.6
14,45,1,1,0,0
14,46,8,5,3,328
14,47,24,15,9,696
14,48,7,4,3,385.7
14,49,1,1,0,0
14,50,5,4,1,267
14,51,9,5,4,298.8
14,52,2,1,1,0
14,53,5,3,2,216
14,55,11,4,7,324.5
14,56,1,0,1,0
14,57,7,3,4,259
14,58,8,5,3,367.2
14,59,10,7,3,321
14,60,11,6,5,322.3
14,61,33,18,15,943.8
14,62,25,14,11,1020
14,63,12,6,6,426
14,64,9,5,4,480.6
14,65,35,20,15,1158.5
14,66,10,4,6,269
14,76,19,12,7,771.4
14,77,22,11,11,770
14,78,27,16,11,812.7
14,79,12,6,6,518.4
14,80,4,2,2,0
14,83,4,2,2,0
14,84,17,10,7,758.2
14,85,42,25,17,1436.4
14,86,8,5,3,311.2
14,88,24,15,9,715.2
14,89,8,2,6,254.4
14,90,19,11,8,845.5
14,93,3,2,1,0
14,94,14,7,7,722.4
14,95,15,7,8,694.5
14,96,2,1,1,0
14,97,14,6,8,614.6
14,98,45,22,23,1719
14,99,22,10,12,950.4
14,101,2,1,1,0
14,102,28,14,14,1316
14,103,12,6,6,466.8
14,104,31,13,18,976.5
14,105,12,7,5,421.2
14,106,39,18,21,1532.7
14,107,294,151,143,11730.6
14,108,3,2,1,0
14,109,1,0,1,0
14,119,7,4,3,254.8
14,120,13,7,6,698.1
14,121,67,38,29,2237.8
14,122,35,17,18,1218
14,123,77,33,44,2464
14,124,14,7,7,494.2
14,126,25,12,13,992.5
14,127,12,6,6,524.4
15,3,10,6,4,232
15,4,4,2,2,0
15,5,4,3,1,0
15,6,13,8,5,391.3
15,7,32,14,18,1641.6
15,8,20,11,9,650
15,9,32,13,19,1276.8
15,10,9,4,5,360
15,11,12,6,6,493.2
15,12,19,10,9,621.3
15,13,9,4,5,396.9
15,14,13,6,7,504.4
15,15,19,8,11,718.2
15,18,16,8,8,468.8
15,19,31,17,14,1305.1
15,20,4,2,2,0
15,21,4,2,2,0
15,23,10,4,6,522
15,24,3,1,2,0
15,35,1,0,1,0
15,36,2,1,1,0
15,40,11,6,5,218.9
15,42,2,1,1,0
15,43,7,4,3,384.3
15,44,6,3,3,328.2
15,46,2,2,0,0
15,48,8,6,2,216
15,54,6,2,4,295.8
15,55,21,14,7,543.9
15,56,10,4,6,441
15,57,20,13,7,886
15,58,12,8,4,524.4
15,59,56,31,25,2391.2
15,60,34,20,14,1054
15,61,20,11,9,646
15,62,2,2,0,0
15,64,5,2,3,117
15,75,6,4,2,216
15,76,12,7,5,320.4
15,77,39,21,18,1575.6
15,78,25,13,12,1010
15,79,54,31,23,2505.6
15,80,16,10,6,676.8
15,81,6,4,2,141
15,82,6,3,3,361.8
15,83,5,2,3,134
15,84,14,7,7,540.4
15,85,13,6,7,520
15,88,34,16,18,1404.2
15,89,14,8,6,719.6
15,90,12,9,3,427.2
15,93,1,1,0,0
15,94,3,2,1,0
15,95,9,5,4,216.9
15,96,9,5,4,306.9
15,97,43,23,20,1775.9
15,98,20,10,10,940
15,99,12,6,6,532.8
15,100,29,13,16,1331.1
15,101,25,11,14,792.5
15,102,13,6,7,488.8
15,103,18,11,7,498.6
15,104,11,5,6,345.4
15,107,38,22,16,1394.6
15,108,3,2,1,0
15,118,10,5,5,557
15,119,19,8,11,824.6
15,120,13,6,7,508.3
15,121,13,7,6,599.3
15,122,42,21,21,1659
15,123,14,6,8,565.6
16,3,2,1,1,0
16,4,7,4,3,233.1
16,5,2,1,1,0
16,6,6,4,2,373.8
16,7,11,6,5,369.6
16,8,1,1,0,0
16,9,3,3,0,0
16,10,1,0,1,0
16,11,11,5,6,360.8
16,12,7,5,2,415.8
16,13,5,3,2,254
16,14,4,2,2,0
16,16,36,19,17,1620
16,17,10,5,5,307
16,18,11,6,5,478.5
16,19,40,22,18,1256
16,20,1,1,0,0
16,23,7,2,5,207.9
16,36,4,2,2,0
16,37,19,10,9,824.6
16,38,10,7,3,457
16,54,13,7,6,551.2
16,55,3,2,1,0
16,56,16,8,8,508.8
16,57,31,16,15,1171.8
16,58,11,7,4,600.6
16,60,20,10,10,696
16,77,22,13,9,1144
16,78,33,17,16,1494.9
16,79,15,10,5,520.5
16,80,12,7,5,590.4
16,81,14,6,8,604.8
16,82,1,0,1,0
16,84,3,1,2,0
16,88,10,4,6,301
16,89,2,1,1,0
16,90,2,2,0,0
16,91,5,2,3,192
16,93,9,6,3,389.7
16,94,38,20,18,1694.8
16,95,6,3,3,241.8
16,96,71,37,34,2960.7
16,97,539,259,280,23608.2
16,98,10,7,3,417
16,99,4,1,3,0
16,100,35,18,17,1459.5
16,101,68,35,33,3304.8
16,102,43,18,25,1410.4
16,103,6,3,3,409.2
16,104,26,16,10,813.8
16,105,4,1,3,0
16,106,222,117,105,9901.2
16,107,51,32,19,1978.8
16,108,14,7,7,604.8
16,109,5,4,1,290
16,110,2,1,1,0
16,118,2,1,1,0
16,119,31,16,15,1345.4
16,120,301,138,163,12943
16,121,182,94,88,6333.6
16,122,83,47,36,2996.3
16,123,33,17,16,1359.6
16,124,8,6,2,256
17,13,5,1,4,349
17,14,5,3,2,291
17,15,43,28,15,1715.7
17,16,49,28,21,1915.9
17,24,1,1,0,0
17,33,4,2,2,0
17,34,1,1,0,0
17,36,3,1,2,0
17,37,13,7,6,613.6
17,38,11,6,5,427.9
17,54,5,3,2,154
17,56,8,3,5,296.8
17,57,9,4,5,428.4
17,58,5,3,2,151
17,59,6,3,3,379.2
17,60,60,37,23,2256
17,61,14,7,7,466.2
17,63,5,2,3,201
17,77,30,12,18,1101
17,78,25,9,16,1060
17,79,9,5,4,396
17,80,9,4,5,344.7
17,88,18,10,8,768.6
17,89,3,1,2,0
17,92,20,11,9,822
17,93,9,4,5,531.9
17,94,5,3,2,197
17,95,8,4,4,343.2
17,96,3,2,1,0
17,97,128,67,61,5964.8
17,98,23,11,12,1168.4
17,99,11,5,6,577.5
17,100,21,11,10,976.5
17,101,29,19,10,1177.4
17,102,47,21,26,1475.8
17,103,118,68,50,4802.6
17,104,25,11,14,1007.5
17,105,264,123,141,12223.2
17,106,197,91,106,8746.8
17,107,5,3,2,166
17,108,29,14,15,1276
17,118,9,5,4,323.1
17,119,189,92,97,7578.9
17,120,1363,653,710,57109.7
17,121,118,54,64,4625.6
17,122,69,40,29,2408.1
17,123,53,26,27,2453.9
17,124,23,13,10,1136.2
18,8,2,1,1,0
18,12,4,2,2,0
18,13,2,1,1,0
18,19,2,2,0,0
18,23,7,4,3,277.9
18,25,7,2,5,280.7
18,33,10,7,3,478
18,35,11,4,7,316.8
18,36,7,3,4,441
18,56,8,4,4,370.4
18,57,7,7,0,273.7
18,65,4,3,1,0
18,77,19,10,9,1134.3
18,78,70,35,35,3003
18,79,62,33,29,2244.4
18,87,11,7,4,502.7
18,88,4,2,2,0
18,89,13,7,6,431.6
18,90,15,6,9,384
18,91,23,12,11,1000.5
18,92,47,25,22,1588.6
18,93,4,2,2,0
18,95,3,1,2,0
18,96,2,1,1,0
18,97,28,15,13,1114.4
18,98,17,8,9,596.7
18,99,8,5,3,323.2
18,100,13,8,5,612.3
18,101,18,7,11,648
18,102,29,17,12,1157.1
18,103,32,14,18,1136
18,104,15,7,8,625.5
18,105,355,184,171,15123
18,106,129,70,59,5753.4
18,107,172,88,84,6948.8
18,108,352,178,174,13763.2
18,109,23,14,9,910.8
18,110,21,11,10,630
18,118,10,4,6,488
18,119,44,23,21,2156
18,120,884,437,447,32266
18,121,124,66,58,4687.2
18,123,26,12,14,910
18,124,10,5,5,217
18,125,9,6,3,331.2
19,7,1,1,0,0
19,8,2,1,1,0
19,12,4,3,1,0
19,21,4,2,2,0
19,22,4,3,1,0
19,23,5,2,3,284
19,24,16,8,8,635.2
19,26,4,2,2,0
19,33,4,2,2,0
19,36,4,2,2,0
19,37,12,7,5,416.4
19,53,3,2,1,0
19,54,18,9,9,905.4
19,55,7,3,4,240.1
19,56,2,1,1,0
19,57,7,5,2,221.2
19,58,4,2,2,0
19,59,1,1,0,0
19,60,6,4,2,262.2
19,61,10,5,5,366
19,76,5,3,2,132
19,77,4,1,3,0
19,78,58,33,25,2505.6
19,79,4,2,2,0
19,82,2,1,1,0
19,83,5,4,1,319
19,84,5,3,2,168
19,85,7,5,2,275.1
19,86,19,6,13,805.6
19,87,33,17,16,1600.5
19,88,37,17,20,1494.8
19,91,5,3,2,87
19,92,2,1,1,0
19,94,3,2,1,0
19,95,9,5,4,360.9
19,96,8,4,4,388.8
19,97,44,22,22,1795.2
19,102,11,7,4,523.6
19,103,23,11,12,828
19,104,61,30,31,2928
19,105,8,5,3,188
19,106,3,0,3,0
19,107,4,2,2,0
19,108,121,72,49,4416.5
19,109,30,15,15,1182
19,110,28,15,13,1167.6
19,111,30,14,16,1212
19,118,1,0,1,0
19,119,59,36,23,2206.6
19,120,249,112,137,9262.8
19,121,15,8,7,571.5
19,122,5,4,1,245
19,123,16,9,7,769.6
19,124,2,0,2,0
19,125,12,6,6,481.2
20,10,3,2,1,0
20,11,9,4,5,468
20,22,10,4,6,346
20,23,7,4,3,293.3
20,25,4,3,1,0
20,36,2,0,2,0
20,52,3,2,1,0
20,53,9,5,4,388.8
20,61,2,1,1,0
20,62,5,2,3,235
20,77,4,3,1,0
20,84,6,3,3,181.8
20,85,11,7,4,511.5
20,86,7,4,3,312.2
20,91,3,2,1,0
20,92,8,2,6,238.4
20,94,20,12,8,712
20,95,3,2,1,0
20,102,4,2,2,0
20,103,38,20,18,1257.8
20,104,24,13,11,1072.8
20,105,4,2,2,0
20,106,19,10,9,894.9
20,107,19,10,9,803.7
20,109,44,21,23,1852.4
20,110,8,3,5,444.8
20,111,22,9,13,858
20,112,11,6,5,563.2
20,113,20,10,10,864
20,118,6,4,2,261
20,119,69,32,37,2201.1
20,120,54,28,26,2079
20,121,7,5,2,291.2
20,122,18,7,11,761.4
20,123,14,7,7,695.8
20,124,31,16,15,1286.5
20,125,29,19,10,1397.8
20,126,3,2,1,0
21,10,9,4,5,429.3
21,11,6,3,3,399
21,15,6,5,1,75
21,32,4,2,2,0
21,36,9,5,4,455.4
21,37,11,8,3,412.5
21,54,3,1,2,0
21,60,2,1,1,0
21,77,3,2,1,0
21,78,6,4,2,202.8
21,81,11,7,4,278.3
21,82,23,11,12,1294.9
21,83,4,2,2,0
21,84,11,7,4,610.5
21,85,9,5,4,530.1
21,86,2,1,1,0
21,90,3,2,1,0
21,91,2,1,1,0
21,92,50,22,28,2220
21,93,6,4,2,340.2
21,94,6,2,4,250.8
21,95,41,19,22,1709.7
21,96,3,2,1,0
21,97,1,1,0,0
21,104,18,10,8,653.4
21,105,14,9,5,670.6
21,107,13,8,5,607.1
21,109,1,1,0,0
21,110,47,22,25,2039.8
21,112,57,28,29,2565
21,113,57,33,24,2331.3
21,119,57,36,21,2565
21,120,17,10,7,695.3
21,122,26,11,15,852.8
21,123,3,2,1,0
21,125,9,5,4,446.4
21,126,27,14,13,815.4
21,127,10,6,4,452
22,9,2,1,1,0
22,10,6,3,3,202.8
22,15,4,1,3,0
22,32,4,1,3,0
22,33,5,3,2,132
22,37,2,1,1,0
22,75,2,0,2,0
22,76,2,1,1,0
22,77,36,19,17,1713.6
22,78,12,7,5,597.6
22,79,7,3,4,387.1
22,80,22,12,10,754.6
22,81,1,1,0,0
22,82,15,7,8,606
22,83,10,5,5,407
22,84,31,17,14,1134.6
22,85,19,8,11,1018.4
22,86,4,2,2,0
22,87,3,2,1,0
22,90,23,12,11,995.9
22,96,17,9,8,894.2
22,97,5,3,2,327
22,105,22,11,11,1071.4
22,109,22,12,10,1009.8
22,110,22,11,11,807.4
22,111,9,6,3,296.1
22,112,2,1,1,0
22,113,43,21,22,1965.1
22,114,73,40,33,2934.6
22,115,400,205,195,15080
22,116,56,30,26,1898.4
22,118,6,3,3,337.2
22,119,77,37,40,3241.7
22,120,136,70,66,4732.8
22,121,12,6,6,519.6
22,122,8,3,5,403.2
22,123,12,7,5,489.6
22,126,2,1,1,0
22,127,4,2,2,0
23,10,40,23,17,1692
23,14,3,2,1,0
23,15,2,2,0,0
23,16,1,1,0,0
23,32,2,1,1,0
23,51,4,2,2,0
23,75,4,2,2,0
23,76,19,10,9,693.5
23,77,25,10,15,907.5
23,78,17,10,7,601.8
23,79,18,10,8,721.8
23,80,2,1,1,0
23,82,7,4,3,291.9
23,83,3,1,2,0
23,85,14,8,6,435.4
23,86,1,1,0,0
23,88,4,1,3,0
23,96,8,4,4,360.8
23,110,43,21,22,1758.7
23,111,50,25,25,1800
23,112,8,5,3,324.8
23,113,12,6,6,552
23,114,413,199,214,16643.9
23,115,1246,595,651,55571.6
23,116,163,79,84,6324.4
23,117,45,23,22,1935
23,119,77,45,32,3103.1
23,120,40,21,19,1384
23,121,27,16,11,1171.8
24,9,54,28,26,2970
24,10,10,5,5,248
24,11,3,2,1,0
24,12,2,1,1,0
24,13,4,3,1,0
24,29,1,1,0,0
24,32,5,1,4,237
24,33,3,1,2,0
24,34,31,15,16,1078.8
24,35,6,2,4,273
24,36,5,3,2,261
24,37,20,11,9,786
24,43,2,2,0,0
24,44,1,1,0,0
24,45,12,6,6,555.6
24,46,9,5,4,331.2
24,47,12,6,6,380.4
24,48,10,5,5,471
24,50,3,2,1,0
24,58,6,2,4,238.8
24,59,3,1,2,0
24,60,2,1,1,0
24,74,3,2,1,0
24,75,7,4,3,224
24,76,4,2,2,0
24,78,1,0,1,0
24,80,14,6,8,523.6
24,81,7,4,3,275.8
24,82,4,2,2,0
24,83,9,6,3,478.8
24,84,19,10,9,826.5
24,85,12,5,7,532.8
24,87,29,19,10,1403.6
24,88,1,1,0,0
24,98,1,0,1,0
24,111,11,3,8,363
24,114,536,277,259,17420
24,115,382,189,193,15241.8
24,118,15,7,8,577.5
24,119,45,25,20,1998
24,120,14,6,8,606.2
24,121,8,5,3,466.4
24,122,3,2,1,0
25,12,4,2,2,0
25,13,6,3,3,229.8
25,14,13,6,7,535.6
25,15,11,5,6,335.5
25,16,4,1,3,0
25,32,2,2,0,0
25,33,2,2,0,0
25,34,6,4,2,339
25,35,13,6,7,682.5
25,36,31,18,13,1605.8
25,37,47,27,20,1861.2
25,38,14,7,7,604.8
25,42,1,0,1,0
25,44,9,5,4,342
25,46,5,2,3,283
25,47,4,3,1,0
25,49,18,9,9,743.4
25,50,32,14,18,1507.2
25,55,10,6,4,511
25,56,4,3,1,0
25,58,6,3,3,210
25,59,14,6,8,532
25,61,2,1,1,0
25,62,9,5,4,293.4
25,63,2,1,1,0
25,64,12,7,5,376.8
25,65,2,1,1,0
25,67,3,2,1,0
25,68,7,4,3,286.3
25,69,2,1,1,0
25,71,15,10,5,817.5
25,72,16,6,10,673.6
25,73,8,3,5,384
25,75,15,9,6,772.5
25,76,8,5,3,400
25,77,33,16,17,1630.2
25,78,23,12,11,775.1
25,79,17,8,9,491.3
25,82,7,5,2,357
25,83,19,10,9,1005.1
25,84,22,13,9,1034
25,85,10,5,5,414
25,86,5,2,3,347
25,87,14,7,7,550.2
25,97,2,1,1,0
25,114,224,108,116,9385.6
25,115,193,100,93,8434.1
25,116,24,15,9,933.6
25,117,31,16,15,1199.7
25,118,22,10,12,739.2
25,119,48,26,22,2030.4
25,120,15,5,10,496.5
25,122,23,10,13,871.7
25,123,3,2,1,0
26,19,1,0,1,0
26,34,7,3,4,401.8
26,36,6,4,2,379.8
26,37,10,4,6,520
26,38,19,10,9,571.9
26,39,12,5,7,525.6
26,40,11,6,5,507.1
26,42,6,4,2,220.8
26,43,7,5,2,265.3
26,44,28,13,15,968.8
26,45,3,0,3,0
26,46,8,4,4,396.8
26,47,8,4,4,262.4
26,48,18,10,8,527.4
26,49,17,9,8,950.3
26,50,19,12,7,1096.3
26,51,12,5,7,321.6
26,53,3,1,2,0
26,59,13,8,5,518.7
26,60,3,1,2,0
26,61,19,8,11,948.1
26,62,7,5,2,322
26,63,6,4,2,136.2
26,64,2,1,1,0
26,65,3,1,2,0
26,66,7,5,2,259.7
26,67,37,17,20,1435.6
26,68,199,104,95,7840.6
26,69,472,234,238,20909.6
26,70,414,201,213,19747.8
26,71,107,49,58,4108.8
26,72,5,2,3,203
26,73,15,8,7,772.5
26,74,5,2,3,285
26,75,18,10,8,919.8
26,76,31,15,16,1267.9
26,77,9,4,5,462.6
26,78,2,1,1,0
26,79,2,1,1,0
26,96,1,1,0,0
26,97,2,1,1,0
26,98,2,1,1,0
26,99,1,1,0,0
26,118,40,20,20,1552
26,120,5,1,4,135
26,121,6,3,3,247.2
26,122,2,1,1,0
26,123,1,0,1,0
27,37,1,1,0,0
27,38,2,1,1,0
27,39,6,3,3,250.8
27,40,87,47,40,3854.1
27,41,164,75,89,8380.4
27,42,54,29,25,2451.6
27,43,60,32,28,2634
27,44,23,13,10,1159.2
27,45,21,12,9,707.7
27,47,12,6,6,423.6
27,48,5,3,2,273
27,49,3,2,1,0
27,52,4,2,2,0
27,53,12,7,5,451.2
27,55,1,1,0,0
27,57,10,5,5,658
27,59,18,8,10,808.2
27,60,2,1,1,0
27,61,17,8,9,1098.2
27,63,11,5,6,302.5
27,64,5,2,3,114
27,65,50,32,18,2050
27,66,13,7,6,500.5
27,67,7,4,3,354.9
27,68,12,7,5,478.8
27,69,353,182,171,15885
27,70,409,188,221,21390.7
27,71,22,11,11,875.6
27,72,11,5,6,583
27,73,46,24,22,1752.6
27,74,14,5,9,530.6
27,75,1,1,0,0
27,76,8,4,4,419.2
27,77,9,3,6,439.2
27,98,1,0,1,0
27,99,13,8,5,663
27,100,3,1,2,0
27,102,2,1,1,0
27,103,7,2,5,205.8
28,34,2,1,1,0
28,35,9,5,4,585.9
28,36,4,2,2,0
28,39,4,1,3,0
28,40,25,14,11,1010
28,41,110,60,50,4532
28,43,11,4,7,476.3
28,44,6,3,3,411
28,48,1,0,1,0
28,55,10,4,6,416
28,56,5,2,3,147
28,57,5,3,2,233
28,58,7,5,2,343.7
28,59,15,8,7,451.5
28,60,5,3,2,98
28,61,34,17,17,1339.6
28,62,4,2,2,0
28,64,14,7,7,519.4
28,65,6,4,2,175.2
28,66,24,14,10,1029.6
28,67,24,14,10,1106.4
28,68,10,7,3,379
28,69,8,4,4,244
28,70,17,8,9,503.2
28,71,20,11,9,964
28,72,9,3,6,314.1
28,107,7,3,4,469.7
28,108,5,2,3,266
29,32,34,18,16,1513
29,33,5,3,2,263
29,34,2,1,1,0
29,36,6,4,2,220.8
29,37,16,8,8,638.4
29,39,9,3,6,412.2
29,40,1,1,0,0
29,41,16,9,7,507.2
29,42,13,6,7,579.8
29,45,5,1,4,131
29,51,3,1,2,0
29,55,15,6,9,549
29,58,2,1,1,0
29,60,4,2,2,0
29,61,15,10,5,601.5
29,62,18,11,7,673.2
29,63,4,2,2,0
29,64,8,5,3,312.8
29,65,10,6,4,275
29,69,3,1,2,0
29,70,1,1,0,0
29,103,6,2,4,268.2
29,104,5,2,3,176
29,105,1,1,0,0
29,107,1,1,0,0
29,110,1,0,1,0
29,111,10,4,6,582
29,112,24,12,12,1125.6
29,113,4,3,1,0
30,32,59,31,28,2596
30,33,15,7,8,424.5
30,40,1,1,0,0
30,42,9,6,3,340.2
30,43,1,0,1,0
30,44,3,1,2,0
30,45,15,10,5,625.5
30,54,1,1,0,0
30,55,6,5,1,198
30,58,8,3,5,232.8
30,59,15,7,8,447
30,60,9,5,4,456.3
30,61,14,8,6,439.6
30,62,5,3,2,114
30,64,22,10,12,770
30,65,3,2,1,0
30,66,1,1,0,0
30,104,11,5,6,566.5
30,105,3,2,1,0
30,107,4,1,3,0
30,110,3,1,2,0
30,111,30,16,14,1137
30,113,16,8,8,761.6
30,125,11,5,6,414.7
31,31,4,2,2,0
31,32,2,2,0,0
31,44,11,6,5,355.3
31,45,1,1,0,0
31,55,2,1,1,0
31,57,3,1,2,0
31,61,2,1,1,0
31,63,4,3,1,0
31,70,2,2,0,0
31,105,28,13,15,848.4
31,106,19,9,10,560.5
31,107,23,9,14,699.2
31,108,4,2,2,0
31,109,7,3,4,333.9
31,110,36,17,19,1242
31,111,12,5,7,518.4
31,120,2,1,1,0
32,45,6,4,2,208.2
32,48,3,2,1,0
32,105,24,12,12,996
32,106,105,54,51,4074
32,107,57,34,23,2667.6
32,108,187,94,93,8545.9
32,109,25,13,12,1492.5
32,110,27,14,13,996.3
32,111,12,9,3,721.2
32,126,11,3,8,424.6
33,45,8,3,5,416
33,46,2,1,1,0
33,120,1,1,0,0
33,121,6,4,2,301.8
33,126,14,9,5,845.6
33,127,2,1,1,0
34,44,4,2,2,0
34,97,3,1,2,0
34,98,25,17,8,1132.5
34,102,2,1,1,0
34,112,2,2,0,0
34,121,4,2,2,0
34,122,6,2,4,256.2
34,124,2,1,1,0
34,127,2,1,1,0
35,92,4,3,1,0
35,95,9,6,3,206.1
35,96,68,35,33,2910.4
35,97,20,12,8,804
35,103,3,2,1,0
35,108,3,2,1,0
35,112,3,1,2,0
35,123,2,1,1,0
35,126,3,1,2,0
35,127,2,1,1,0
36,92,3,2,1,0
36,94,1,1,0,0
36,95,14,6,8,621.6
36,96,24,14,10,936
36,97,21,12,9,879.9
36,98,43,22,21,1530.8
36,99,149,67,82,7062.6
36,100,4,2,2,0
36,101,3,2,1,0
36,103,1,1,0,0
36,113,10,5,5,352
36,115,1,1,0,0
36,126,9,5,4,494.1
37,90,2,1,1,0
37,96,1,0,1,0
37,97,2,1,1,0
37,98,14,8,6,653.8
37,99,107,54,53,4579.6
37,100,76,40,36,4066
37,101,37,15,22,1665
37,102,20,13,7,792
37,103,3,2,1,0
37,111,8,5,3,428.8
37,113,2,1,1,0
37,120,2,1,1,0
37,121,4,3,1,0
38,88,3,2,1,0
38,96,3,2,1,0
38,115,5,3,2,287
38,116,2,1,1,0
39,88,2,1,1,0
39,89,12,7,5,676.8
39,94,5,3,2,218
40,115,4,2,2,0
40,116,2,1,1,0
40,117,3,2,1,0
40,118,1,1,0,0
42,120,12,6,6,609.6
42,121,5,4,1,231
43,113,2,1,1,0
43,115,2,2,0,0
43,119,1,0,1,0
43,120,1,1,0,0
43,127,6,3,3,265.8
44,115,4,2,2,0
44,124,3,2,1,0
45,121,1,1,0,0
45,122,1,1,0,0
45,123,4,3,1,0
45,124,4,2,2,0
45,125,2,1,1,0
46,118,4,3,1,0
46,119,8,6,2,428.8
46,122,2,1,1,0
46,123,6,3,3,277.2
46,124,2,1,1,0
46,125,9,6,3,483.3
47,116,14,7,7,534.8
47,117,33,20,13,1362.9
47,118,29,16,13,919.3
47,119,118,61,57,5180.2
47,120,19,8,11,818.9
47,121,21,13,8,770.7
47,122,10,6,4,295
47,123,3,2,1,0
47,125,1,1,0,0
48,118,5,2,3,215
48,119,35,18,17,1582
48,120,45,22,23,2038.5
48,121,10,5,5,325
48,122,14,6,8,607.6
48,123,2,1,1,0
48,124,8,4,4,376.8
48,125,2,1,1,0
49,117,5,2,3,114
49,118,8,3,5,416.8
49,119,16,8,8,769.6
49,120,4,2,2,0
49,121,18,11,7,900
49,124,2,1,1,0
50,117,14,8,6,764.4
50,122,24,12,12,1010.4
50,124,14,8,6,490
50,125,8,3,5,311.2
51,119,5,1,4,168
51,120,2,2,0,0
51,121,12,5,7,610.8
51,122,32,15,17,1385.6
51,123,37,17,20,1557.7
51,124,40,21,19,1944
51,125,7,4,3,268.8
51,126,21,15,6,1001.7
51,127,18,9,9,599.4
52,118,3,1,2,0
52,119,7,4,3,196
52,120,10,4,6,365
52,121,18,9,9,669.6
52,122,12,5,7,546
52,123,50,30,20,2045
52,124,106,55,51,4112.8
52,125,136,75,61,5576
52,126,19,10,9,790.4
52,127,12,7,5,478.8
53,117,1,1,0,0
53,118,6,4,2,271.2
53,119,10,4,6,406
53,120,2,1,1,0
53,124,73,38,35,2803.2
53,125,53,26,27,2167.7
53,126,31,14,17,1233.8
53,127,62,33,29,2734.2
54,115,4,2,2,0
54,122,1,1,0,0
54,123,15,6,9,433.5
54,124,112,63,49,4580.8
54,125,24,14,10,1106.4
54,126,34,20,14,1275
54,127,27,14,13,1082.7
55,120,2,1,1,0
55,121,6,2,4,268.2
55,122,37,22,15,1779.7
55,123,45,24,21,1642.5
55,124,180,89,91,8064
55,125,625,245,380,36125
55,126,59,28,31,2124
55,127,47,23,24,2006.9
56,119,5,3,2,237
56,120,22,11,11,871.2
56,121,12,4,8,345.6
56,122,49,31,18,2004.1
56,123,32,15,17,1049.6
56,124,468,229,239,21715.2
56,125,70,35,35,3227
56,126,10,5,5,395
56,127,16,6,10,609.6
57,115,5,3,2,141
57,117,4,4,0,0
57,118,3,2,1,0
57,119,34,18,16,1560.6
57,120,43,24,19,1754.4
57,121,4,2,2,0
57,122,21,8,13,1008
57,123,27,13,14,1595.7
57,124,27,13,14,1231.2
57,125,21,12,9,1140.3
58,118,5,3,2,212
58,119,25,11,14,1082.5
58,120,77,33,44,3611.3
58,121,82,44,38,3140.6
58,122,9,5,4,444.6
58,123,11,7,4,479.6
58,124,20,11,9,1114
58,125,27,15,12,1112.4
58,126,12,4,8,529.2
59,118,7,4,3,427.7
59,119,51,21,30,2601
59,120,346,157,189,16331.2
59,121,395,191,204,17103.5
59,122,40,21,19,1812
59,123,9,4,5,339.3
59,125,12,6,6,589.2
59,126,4,3,1,0
59,127,2,1,1,0
60,118,35,18,17,1354.5
60,119,27,16,11,1250.1
60,120,2,1,1,0
60,121,90,42,48,4266
60,122,27,13,14,1179.9
60,123,37,19,18,1313.5
60,124,4,2,2,0
60,125,1,0,1,0
60,126,11,7,4,481.8
60,127,8,4,4,491.2
61,119,11,6,5,696.3
61,120,8,3,5,362.4
61,121,8,4,4,504.8
61,122,18,12,6,934.2
61,123,22,13,9,781
61,124,13,7,6,548.6
61,125,21,13,8,785.4
61,126,31,15,16,1506.6
61,127,6,1,5,256.8
62,119,8,4,4,340
62,121,1,1,0,0
62,123,4,2,2,0
62,124,1,0,1,0
62,125,5,3,2,272
63,127,4,2,2,0
65,125,1,1,0,0
65,126,4,2,2,0
65,127,14,10,4,656.6
66,125,1,0,1,0
66,126,28,14,14,1786.4
67,122,2,1,1,0
67,123,17,11,6,710.6
67,124,14,4,10,747.6
67,125,18,11,7,799.2
68,124,2,1,1,0
68,125,5,4,1,121
68,126,1,1,0,0
69,125,6,3,3,343.2
69,126,19,11,8,1151.4
69,127,16,10,6,705.6