x,y,p,m,f,ta
0,32,21,13,8,812.7
4,32,11,6,5,583
8,24,1,1,0,0
8,28,21,14,7,827.4
8,32,5,2,3,216
8,36,5,5,0,222
12,28,2,2,0,0
72,4,43,21,22,1947.9
72,8,13,6,7,644.8
76,0,1,0,1,0
76,4,28,16,12,1307.6
76,8,5,3,2,220
108,16,26,15,11,1001
108,20,1,1,0,0
112,20,7,4,3,403.2