x,y,p,m,f,ta
0,6,4,2,2,0
0,7,28,15,13,1134
0,8,80,42,38,3360
0,9,40,18,22,1776
0,11,10,6,4,419
0,12,7,4,3,452.9
0,13,55,31,24,2348.5
0,14,29,14,15,1171.6
0,15,1,1,0,0
0,22,2,1,1,0
0,23,113,58,55,4203.6
0,27,9,7,2,487.8
0,33,978,510,468,36675
0,34,178,95,83,5144.2
0,39,34,17,17,1434.8
0,40,107,54,53,4322.8
0,41,9,4,5,263.7
1,5,9,4,5,570.6
1,11,7,3,4,298.9
1,12,89,39,50,3640.1
1,13,72,32,40,3326.4
1,19,21,13,8,741.3
1,23,18,10,8,912.6
1,24,21,10,11,915.6
1,27,11,7,4,327.8
1,28,31,17,14,1339.2
1,30,4,4,0,0
1,33,382,188,194,13790.2
1,41,17,9,8,756.5
2,9,13,7,6,416
2,10,15,5,10,451.5
2,18,69,33,36,2401.2
2,19,50,27,23,1905
2,28,6,4,2,246
2,30,3,2,1,0
3,8,3,1,2,0
3,17,14,7,7,603.4
3,18,38,20,18,1729
3,20,12,6,6,412.8
3,21,1,1,0,0
3,22,2,1,1,0
3,34,37,22,15,1635.4
4,7,140,68,72,6888
4,8,53,29,24,2379.7
4,9,8,5,3,331.2
4,13,24,12,12,967.2
4,14,9,5,4,423
4,17,14,8,6,677.6
4,18,4,3,1,0
4,20,1,0,1,0
4,22,70,39,31,2779
4,34,249,131,118,8814.6
5,0,7,5,2,385
5,1,19,8,11,881.6
5,6,7,4,3,301
5,7,30,15,15,1554
5,8,18,12,6,869.4
5,12,60,29,31,2364
5,13,130,71,59,5421
5,14,49,28,21,2053.1
5,17,4,3,1,0
5,18,11,6,5,785.4
5,20,24,13,11,1048.8
5,21,115,58,57,4899
5,22,21,9,12,924
5,24,6,3,3,216
5,28,5,4,1,241
5,29,8,3,5,422.4
5,30,29,16,13,1186.1
5,31,47,21,26,1433.5
5,32,48,22,26,2270.4
5,33,64,30,34,2316.8
5,34,241,120,121,10531.7
6,0,15,6,9,562.5
6,1,38,21,17,1603.6
6,2,8,4,4,416
6,6,5,4,1,333
6,11,199,94,105,7562
6,12,180,85,95,6570
6,13,184,96,88,5869.6
6,14,25,14,11,995
6,16,10,5,5,517
6,18,32,14,18,1590.4
6,25,5,4,1,285
6,28,12,6,6,369.6
6,30,11,6,5,478.5
6,32,44,27,17,1817.2
6,33,43,24,19,1788.8
6,34,33,18,15,1287
6,35,309,163,146,12236.4
7,2,6,5,1,352.2
7,4,23,12,11,984.4
7,5,2,1,1,0
7,8,4,1,3,0
7,9,180,96,84,7326
7,10,1311,638,673,53488.8
7,11,1059,528,531,40559.7
7,13,3,2,1,0
7,14,38,22,16,1573.2
7,15,21,9,12,942.9
7,16,51,31,20,2142
7,18,27,14,13,1017.9
7,22,1,1,0,0
7,25,6,3,3,394.8
7,29,13,7,6,404.3
7,30,3,2,1,0
7,35,179,89,90,6730.4
7,36,9,5,4,397.8
7,38,28,15,13,1181.6
7,39,3,3,0,0
7,46,28,14,14,1218
7,48,54,27,27,2116.8
7,49,95,46,49,4189.5
8,2,11,7,4,440
8,7,10,5,5,554
8,9,113,54,59,4158.4
8,10,1200,605,595,44760
8,11,522,278,244,20514.6
8,14,345,165,180,11868
8,15,275,143,132,11302.5
8,17,37,18,19,1798.2
8,26,1,1,0,0
8,30,5,3,2,254
8,31,30,15,15,1395
8,32,1,1,0,0
8,34,131,64,67,4598.1
8,35,848,433,415,32902.4
8,36,623,288,335,27349.7
8,38,155,85,70,5332
8,39,163,84,79,6536.3
8,40,11,7,4,563.2
8,46,202,89,113,6989.2
8,48,23,12,11,1044.2
9,5,3,2,1,0
9,6,6,3,3,259.2
9,10,965,476,489,35222.5
9,11,155,79,76,7982.5
9,14,556,290,266,21461.6
9,15,2,1,1,0
9,16,11,7,4,380.6
9,17,219,114,105,7511.7
9,27,3,2,1,0
9,31,22,13,9,877.8
9,32,89,48,41,3809.2
9,34,333,176,157,11655
9,35,150,71,79,6975
9,36,381,199,182,16421.1
9,37,1,1,0,0
9,46,55,30,25,2337.5
9,47,17,9,8,841.5
10,4,6,3,3,165
10,5,19,10,9,881.6
10,8,4,2,2,0
10,9,42,28,14,1709.4
10,10,750,376,374,26475
10,14,467,246,221,18072.9
10,15,42,16,26,1705.2
10,16,632,321,311,26291.2
10,17,38,17,21,1527.6
10,26,41,23,18,2045.9
10,27,189,93,96,7767.9
10,31,1,1,0,0
10,32,163,84,79,5998.4
10,33,346,181,165,12871.2
10,34,58,28,30,2227.2
10,46,112,51,61,4670.4
10,47,398,192,206,15561.8
11,4,26,14,12,975
11,5,10,5,5,403
11,10,50,23,27,2155
11,14,236,106,130,9227.6
11,15,464,220,244,20416
11,16,1684,808,876,70896.4
11,17,106,53,53,3805.4
11,26,33,16,17,1501.5
11,27,188,98,90,7632.8
11,28,34,19,15,1584.4
11,32,30,12,18,1131
11,33,173,85,88,6245.3
11,34,2,1,1,0
11,46,11,7,4,585.2
11,47,137,72,65,4932
11,48,9,4,5,389.7
11,49,42,19,23,1617
11,50,432,231,201,15379.2
11,54,34,16,18,1125.4
12,2,11,8,3,402.6
12,4,40,19,21,1948
12,10,14,9,5,540.4
12,13,14,7,7,672
12,14,76,37,39,3017.2
12,15,1091,554,537,34912
12,16,1002,499,503,41482.8
12,25,10,6,4,573
12,26,18,12,6,851.4
12,32,5,3,2,352
12,33,1,0,1,0
12,49,64,33,31,2835.2
12,50,276,129,147,10488
12,51,10,5,5,358
12,54,69,39,30,2221.8
12,55,257,132,125,9329.1
12,56,61,34,27,2684
13,0,10,5,5,392
13,1,25,16,9,1162.5
13,12,11,5,6,315.7
13,13,18,11,7,691.2
13,14,35,15,20,1393
13,15,63,39,24,1631.7
13,16,59,33,26,2177.1
13,17,2,1,1,0
13,24,10,6,4,408
13,25,38,19,19,1744.2
13,29,85,36,49,4955.5
13,44,95,51,44,3600.5
13,50,38,19,19,2181.2
13,54,50,27,23,2065
13,55,81,42,39,3134.7
13,56,62,32,30,2610.2
14,1,24,14,10,1104
14,3,7,4,3,347.9
14,10,3,1,2,0
14,12,15,8,7,754.5
14,13,101,51,50,3939
14,14,28,13,15,1201.2
14,24,7,4,3,359.8
14,28,16,10,6,598.4
14,29,86,46,40,3792.6
14,37,13,7,6,738.4
14,44,612,300,312,24541.2
14,45,1134,570,564,47968.2
14,46,202,109,93,8867.8
14,49,444,230,214,15762
14,50,123,60,63,4489.5
14,55,54,33,21,1965.6
14,56,145,70,75,6728
14,57,22,12,10,585.2
14,58,20,9,11,816
15,3,2,1,1,0
15,10,36,19,17,1594.8
15,11,75,35,40,3802.5
15,12,75,43,32,2917.5
15,13,57,30,27,1795.5
15,14,26,13,13,811.2
15,37,16,9,7,835.2
15,38,1,1,0,0
15,44,569,273,296,19801.2
15,45,974,534,440,37791.2
15,46,421,218,203,17429.4
15,48,252,121,131,8416.8
15,49,1010,485,525,40198
15,50,439,219,220,16243
15,52,80,40,40,3288
15,56,69,38,31,2573.7
15,58,176,93,83,7356.8
16,0,12,6,6,638.4
16,8,3,1,2,0
16,9,53,25,28,2549.3
16,10,8,5,3,292
16,11,53,28,25,1839.1
16,13,8,4,4,424
16,14,44,25,19,1931.6
16,15,20,7,13,538
16,18,2,1,1,0
16,37,10,5,5,489
16,42,83,42,41,2647.7
16,44,938,477,461,33111.4
16,45,1072,584,488,46524.8
16,46,1317,725,592,51099.6
16,48,16,8,8,321.6
16,49,344,177,167,13244
16,50,873,441,432,28110.6
16,51,581,292,289,20509.3
16,52,15,11,4,631.5
16,53,42,24,18,1961.4
16,54,5,3,2,291
16,55,49,25,24,1646.4
16,56,50,28,22,2235
16,57,80,41,39,3264
16,58,525,274,251,19582.5
16,59,77,33,44,2502.5
17,1,2,1,1,0
17,2,1,1,0,0
17,8,52,30,22,1866.8
17,9,27,16,11,1312.2
17,14,20,13,7,860
17,15,30,19,11,1341
17,16,11,7,4,594
17,17,9,4,5,228.6
17,30,2,1,1,0
17,31,21,13,8,1005.9
17,41,537,280,257,19493.1
17,42,204,102,102,8180.4
17,44,344,181,163,13244
17,45,1552,839,713,60528
17,46,1489,816,673,57773.2
17,58,168,98,70,6703.2
18,1,9,5,4,417.6
18,2,10,6,4,264
18,8,23,14,9,1230.5
18,16,11,5,6,497.2
18,17,33,20,13,1501.5
18,18,6,2,4,153
18,32,1,0,1,0
18,37,2,1,1,0
18,41,595,318,277,21241.5
18,42,1130,555,575,50398
18,45,1863,910,953,83835
18,46,317,155,162,11443.7
18,47,6,1,5,127.8
19,7,40,22,18,1320
19,8,7,3,4,202.3
19,9,1,1,0,0
19,17,4,2,2,0
19,18,24,12,12,912
19,37,6,2,4,181.2
19,41,204,109,95,7833.6
19,42,1118,559,559,40918.8
19,43,119,60,59,4403
19,45,1217,583,634,51722.5
19,46,51,26,25,1570.8
19,47,101,52,49,3333
19,48,424,212,212,14458.4
19,61,13,7,6,730.6
20,8,2,1,1,0
20,9,12,6,6,394.8
20,10,11,4,7,489.5
20,18,1,1,0,0
20,20,2,1,1,0
20,30,3,2,1,0
20,31,19,9,10,839.8
20,32,112,58,54,4939.2
20,37,16,9,7,796.8
20,38,47,23,24,1833
20,41,219,118,101,9000.9
20,42,572,299,273,20477.6
20,44,43,19,24,2511.2
20,45,1266,641,625,50386.8
20,48,281,135,146,8992
20,51,7,3,4,429.8
20,52,2,1,1,0
20,60,6,3,3,345
20,63,8,5,3,456
20,66,2,1,1,0
21,9,4,2,2,0
21,10,43,21,22,1294.3
21,29,1,0,1,0
21,30,5,3,2,106
21,31,26,15,11,1315.6
21,32,70,39,31,3283
21,37,13,8,5,591.5
21,38,193,104,89,6233.9
21,39,180,103,77,6480
21,41,227,121,106,8921.1
21,43,292,131,161,12439.2
21,44,647,356,291,23744.9
21,45,1513,742,771,63999.9
21,46,65,36,29,1956.5
21,48,41,21,20,1512.9
21,49,30,11,19,738
21,60,100,58,42,5160
21,61,67,32,35,3175.8
21,62,19,7,12,617.5
21,63,14,6,8,673.4
21,66,28,14,14,1268.4
21,68,9,5,4,242.1
22,9,5,3,2,298
22,10,33,19,14,1494.9
22,11,9,5,4,425.7
22,39,262,138,124,9615.4
22,40,756,393,363,27140.4
22,41,561,308,253,22159.5
22,42,25,13,12,1105
22,43,825,391,434,37125
22,44,1327,686,641,45250.7
22,45,392,211,181,13876.8
22,47,142,73,69,5836.2
22,48,10,5,5,381
22,49,67,33,34,2479
22,55,3,1,2,0
22,60,5,4,1,274
22,61,89,46,43,4174.1
22,62,7,5,2,408.8
22,65,40,22,18,1912
22,68,19,8,11,872.1
23,11,16,10,6,537.6
23,12,28,17,11,991.2
23,39,427,204,223,14091
23,40,115,57,58,3990.5
23,41,111,62,49,4051.5
23,42,25,10,15,1120
23,43,958,475,483,37074.6
23,44,844,435,409,30130.8
23,47,73,38,35,2949.2
23,49,1,1,0,0
23,51,34,17,17,1604.8
23,52,8,5,3,376
23,54,280,159,121,8764
23,55,1,0,1,0
23,64,20,14,6,932
23,65,17,9,8,867
24,11,5,4,1,280
24,12,26,15,11,1073.8
24,13,1,1,0,0
24,38,227,123,104,8580.6
24,39,407,202,205,13715.9
24,40,219,117,102,8103
24,41,69,35,34,2615.1
24,43,426,220,206,17082.6
24,44,1444,746,698,55305.2
24,45,2,1,1,0
24,46,2,1,1,0
24,47,217,109,108,8745.1
24,49,9,6,3,387.9
24,51,61,31,30,2842.6
24,52,5,2,3,290
24,53,400,216,184,15960
24,54,184,89,95,7065.6
24,55,77,41,36,3349.5
24,56,27,17,10,1147.5
24,57,14,6,8,868
24,62,30,17,13,1188
24,63,11,4,7,466.4
24,64,53,23,30,1929.2
24,65,16,8,8,603.2
24,66,5,3,2,208
24,68,22,13,9,1166
24,69,19,12,7,927.2
25,12,19,9,10,936.7
25,13,16,9,7,542.4
25,30,1,0,1,0
25,31,3,2,1,0
25,32,1,1,0,0
25,38,227,112,115,8716.8
25,39,267,143,124,9531.9
25,40,78,37,41,2503.8
25,41,81,40,41,3029.4
25,43,787,396,391,32109.6
25,44,1537,777,760,63631.8
25,47,55,28,27,2321
25,48,9,6,3,354.6
25,49,62,33,29,2666
25,51,21,11,10,894.6
25,52,15,8,7,958.5
25,53,85,43,42,3867.5
25,57,11,7,4,411.4
25,58,47,25,22,2119.7
25,62,6,3,3,253.8
25,63,268,134,134,11926
25,64,64,38,26,2694.4
25,66,25,16,9,982.5
25,67,104,57,47,4035.2
25,68,158,77,81,6778.2
26,12,7,4,3,273.7
26,13,63,31,32,2784.6
26,14,6,2,4,241.2
26,28,5,2,3,199
26,29,5,1,4,94
26,38,35,15,20,1519
26,39,101,62,39,4161.2
26,40,1050,536,514,36855
26,41,271,138,133,9647.6
26,42,645,305,340,21285
26,43,1094,550,544,45072.8
26,44,805,393,412,33488
26,45,6,3,3,129
26,47,107,59,48,4718.7
26,48,2,1,1,0
26,51,23,13,10,1189.1
26,58,51,27,24,2142
26,59,3,2,1,0
26,65,5,4,1,317
26,66,58,29,29,2673.8
26,67,11,5,6,443.3
27,13,13,6,7,380.9
27,14,38,20,18,1208.4
27,20,19,12,7,925.3
27,21,8,3,5,256.8
27,23,3,2,1,0
27,24,3,1,2,0
27,25,1,1,0,0
27,27,1,1,0,0
27,39,80,37,43,2936
27,40,1100,573,527,40700
27,41,1198,597,601,46841.8
27,42,1186,584,602,41984.4
27,43,1867,884,983,85882
27,44,1256,593,663,58906.4
27,47,170,95,75,5712
27,51,109,58,51,4708.8
27,58,2,1,1,0
27,59,76,41,35,3716.4
27,65,5,3,2,353
28,13,11,4,7,484
28,14,25,13,12,1280
28,31,25,10,15,912.5
28,32,18,9,9,793.8
28,33,2,1,1,0
28,34,58,27,31,2476.6
28,38,41,22,19,1414.5
28,39,918,465,453,27815.4
28,40,577,297,280,22329.9
28,41,208,106,102,8424
28,43,992,516,476,36406.4
28,44,597,290,307,22089
28,45,593,316,277,18976
28,47,120,63,57,4308
28,51,34,15,19,1458.6
28,58,18,9,9,795.6
28,59,115,56,59,4922
28,60,6,4,2,240
28,65,25,11,14,1067.5
28,66,9,3,6,401.4
29,0,10,5,5,393
29,14,178,85,93,9398.4
29,15,4,3,1,0
29,32,54,24,30,2235.6
29,33,209,111,98,7753.9
29,34,12,6,6,716.4
29,38,24,8,16,621.6
29,39,1223,638,585,44394.9
29,40,77,37,40,2918.3
29,43,11,9,2,415.8
29,44,170,88,82,6681
29,45,11,6,5,409.2
29,46,2,1,1,0
29,47,242,125,117,9607.4
29,51,50,24,26,2360
29,58,3,1,2,0
29,59,78,41,37,3315
29,65,17,10,7,686.8
29,66,17,9,8,936.7
30,1,8,4,4,343.2
30,14,7,3,4,210.7
30,15,59,30,29,2448.5
30,21,1,1,0,0
30,33,1,0,1,0
30,34,16,7,9,766.4
30,35,50,23,27,2100
30,39,359,187,172,14898.5
30,40,64,39,25,2643.2
30,43,4,3,1,0
30,44,28,15,13,988.4
30,45,5,2,3,347
30,46,9,6,3,254.7
30,47,120,69,51,4500
30,48,4,3,1,0
30,51,27,16,11,1290.6
30,58,43,23,20,1320.1
30,59,13,6,7,750.1
30,69,1,1,0,0
30,70,4,2,2,0
31,1,6,3,3,295.8
31,2,3,1,2,0
31,3,1,0,1,0
31,4,5,3,2,164
31,18,1,0,1,0
31,19,5,2,3,103
31,20,5,3,2,210
31,34,71,38,33,2470.8
31,35,49,30,19,1837.5
31,39,736,378,358,25171.2
31,40,148,79,69,6290
31,44,35,24,11,1221.5
31,46,11,7,4,331.1
31,47,44,29,15,1276
31,48,245,132,113,8379
31,50,54,28,26,1749.6
31,51,20,9,11,1098
31,58,7,3,4,326.2
31,59,25,15,10,1367.5
31,68,4,3,1,0
31,69,23,12,11,1407.6
31,70,19,8,11,1312.9
32,2,19,7,12,1219.8
32,4,2,1,1,0
32,11,2,1,1,0
32,13,11,6,5,653.4
32,35,30,14,16,1338
32,39,333,162,171,10889.1
32,40,47,24,23,2039.8
32,44,33,15,18,1300.2
32,46,2,1,1,0
32,48,19,9,10,811.3
32,50,30,12,18,1521
32,57,29,16,13,1310.8
32,59,49,23,26,1969.8
32,68,14,7,7,838.6
32,70,9,5,4,344.7
33,3,1,1,0,0
33,4,8,4,4,519.2
33,14,5,2,3,147
33,35,36,17,19,1458
33,39,66,38,28,2798.4
33,44,2,1,1,0
33,45,38,20,18,1273
33,46,3,1,2,0
33,47,18,10,8,844.2
33,48,12,8,4,513.6
33,50,26,13,13,1118
33,53,12,6,6,400.8
33,54,1,0,1,0
33,55,121,61,60,4912.6
33,56,471,254,217,17992.2
33,57,795,416,379,32515.5
33,58,611,304,307,28289.3
33,59,429,222,207,12870
33,68,2,1,1,0
33,69,3,2,1,0
33,70,35,17,18,2128
34,3,7,3,4,275.8
34,14,42,23,19,2305.8
34,39,26,14,12,1110.2
34,44,9,5,4,333.9
34,45,35,18,17,1508.5
34,47,5,3,2,288
34,50,11,6,5,569.8
34,51,38,17,21,1759.4
34,52,26,13,13,1146.6
34,53,5,3,2,361
34,54,19,13,6,957.6
34,56,3,2,1,0
34,57,68,39,29,3114.4
34,58,2,1,1,0
34,59,28,18,10,1402.8
34,68,1,0,1,0
34,69,2,1,1,0
34,70,1,1,0,0
34,76,69,42,27,2918.7
35,5,2,1,1,0
35,6,10,6,4,652
35,13,3,3,0,0
35,31,15,7,8,520.5
35,32,130,71,59,4784
35,33,387,187,200,15131.7
35,34,210,111,99,8757
35,39,12,7,5,501.6
35,44,28,14,14,1145.2
35,45,4,3,1,0
35,46,45,24,21,1710
35,47,20,11,9,762
35,48,16,10,6,785.6
35,51,15,8,7,633
35,58,109,56,53,4327.3
35,59,10,4,6,554
35,72,101,47,54,4979.3
35,73,36,20,16,1688.4
35,74,54,26,28,1873.8
35,75,2,1,1,0
35,76,25,12,13,1050
35,77,42,23,19,1709.4
36,13,1,0,1,0
36,27,8,4,4,307.2
36,28,53,28,25,2358.5
36,29,35,20,15,1375.5
36,30,39,25,14,2168.4
36,31,40,20,20,1356
36,32,56,30,26,2464
36,33,77,41,36,2995.3
36,34,64,28,36,2406.4
36,36,333,165,168,14085.9
36,44,32,17,15,1280
36,45,25,12,13,705
36,46,21,12,9,1102.5
36,51,58,27,31,2105.4
36,72,107,57,50,4087.4
36,73,6,3,3,268.8
36,75,27,16,11,1055.7
36,76,2,2,0,0
36,77,19,12,7,803.7
37,26,7,4,3,221.9
37,27,286,153,133,12212.2
37,28,237,132,105,9361.5
37,29,42,26,16,2116.8
37,30,31,14,17,1367.1
37,31,69,28,41,2697.9
37,32,764,390,374,30101.6
37,33,630,306,324,26082
37,34,563,262,301,29219.7
37,35,446,215,231,17483.2
37,36,6,3,3,103.8
37,44,1,1,0,0
37,48,13,6,7,678.6
37,51,25,12,13,1070
37,73,1,0,1,0
37,74,2,1,1,0
37,75,16,9,7,601.6
37,76,69,35,34,3111.9
37,77,135,66,69,6277.5
37,78,341,174,167,14867.6
38,11,34,16,18,1655.8
38,22,2,1,1,0
38,23,37,19,18,1761.2
38,24,66,36,30,2897.4
38,32,207,105,102,7700.4
38,33,210,107,103,7791
38,34,584,296,288,21374.4
38,35,496,234,262,18500.8
38,40,6,3,3,202.8
38,41,4,2,2,0
38,45,10,4,6,431
38,46,17,10,7,470.9
38,51,38,21,17,1934.2
38,59,3,2,1,0
38,79,14,8,6,400.4
39,10,5,3,2,303
39,22,54,29,25,2100.6
39,33,9,5,4,497.7
39,34,105,55,50,4273.5
39,35,32,18,14,1408
39,41,31,19,12,1481.8
39,42,3,2,1,0
39,45,10,4,6,449
39,48,24,13,11,816
39,49,1,1,0,0
39,50,555,272,283,18703.5
39,51,236,117,119,9251.2
39,55,3,1,2,0
39,56,4,2,2,0
39,59,3,1,2,0
39,62,9,4,5,392.4
39,63,3,2,1,0
39,79,118,62,56,4790.8
39,80,11,6,5,492.8
40,10,5,4,1,261
40,22,114,55,59,4525.8
40,33,36,22,14,1281.6
40,34,84,45,39,3536.4
40,35,5,4,1,173
40,41,46,25,21,1844.6
40,42,73,38,35,3066
40,45,3,1,2,0
40,48,47,24,23,1598
40,49,46,25,21,1876.8
40,50,460,233,227,17342
40,51,241,127,114,9495.4
40,55,3,1,2,0
40,56,4,3,1,0
40,59,1,0,1,0
40,62,8,5,3,284.8
40,63,16,9,7,723.2
41,1,10,3,7,340
41,21,1,1,0,0
41,22,42,24,18,1877.4
41,23,19,9,10,763.8
41,34,55,27,28,1760
41,35,12,7,5,562.8
41,41,4,3,1,0
41,43,9,5,4,205.2
41,44,28,17,11,1621.2
41,45,9,4,5,446.4
41,46,22,12,10,932.8
41,48,339,177,162,10339.5
41,49,34,16,18,1445
41,50,16,7,9,513.6
41,51,66,38,28,2587.2
41,52,274,129,145,11617.6
41,53,4,2,2,0
41,54,6,3,3,156
41,63,27,12,15,1247.4
41,64,28,17,11,1290.8
42,0,17,9,8,693.6
42,1,10,6,4,416
42,23,91,45,46,3931.2
42,41,43,23,20,1836.1
42,42,6,3,3,268.2
42,43,137,63,74,5493.7
42,46,179,84,95,6229.2
42,48,15,8,7,607.5
42,49,11,5,6,485.1
42,51,12,6,6,536.4
42,52,381,196,185,14744.7
42,53,9,7,2,358.2
42,54,15,9,6,502.5
42,55,2,1,1,0
42,57,2,1,1,0
42,58,2,1,1,0
42,63,40,20,20,1784
42,64,22,10,12,908.6
42,86,18,7,11,1076.4
43,23,11,8,3,510.4
43,24,12,5,7,464.4
43,42,53,29,24,1844.4
43,43,414,216,198,13827.6
43,46,202,106,96,6767
43,48,7,4,3,501.9
43,49,36,20,16,1479.6
43,50,6,5,1,309
43,51,4,3,1,0
43,52,69,33,36,2318.4
43,56,41,16,25,1771.2
43,57,83,41,42,2705.8
43,58,2,1,1,0
43,63,40,21,19,1528
43,81,16,8,8,1032
44,24,16,11,5,636.8
44,36,13,6,7,469.3
44,37,5,1,4,188
44,43,36,21,15,1130.4
44,44,9,7,2,349.2
44,45,220,110,110,8206
44,46,644,304,340,27498.8
44,48,7,3,4,184.8
44,49,59,33,26,2778.9
44,50,36,18,18,1321.2
44,52,7,5,2,200.2
44,58,4,4,0,0
44,59,6,3,3,154.2
44,64,20,12,8,764
44,65,23,9,14,857.9
44,66,38,21,17,1531.4
44,67,25,16,9,992.5
44,80,1,1,0,0
44,81,18,8,10,1074.6
45,37,13,6,7,522.6
45,42,31,15,16,1329.9
45,43,4,2,2,0
45,44,9,7,2,435.6
45,45,666,329,337,23709.6
45,46,95,52,43,3420
45,49,43,29,14,1591
45,50,12,8,4,630
45,56,30,13,17,1476
45,57,23,12,11,1090.2
45,58,14,7,7,782.6
45,59,28,16,12,1442
45,63,26,13,13,1055.6
45,64,61,28,33,2311.9
45,67,15,8,7,516
45,69,2,2,0,0
46,37,41,20,21,1816.3
46,43,6,3,3,262.8
46,44,17,8,9,678.3
46,45,519,264,255,19358.7
46,47,33,17,16,1554.3
46,48,10,3,7,429
46,49,41,20,21,1373.5
46,64,267,131,136,12869.4
46,65,302,146,156,11959.2
46,66,46,29,17,1186.8
46,69,14,9,5,714
47,37,12,5,7,499.2
47,42,40,22,18,1408
47,44,18,8,10,673.2
47,45,4,2,2,0
47,47,24,13,11,1106.4
47,48,4,3,1,0
47,49,2,1,1,0
47,52,28,14,14,985.6
47,66,37,21,16,1609.5
47,67,71,37,34,2790.3
47,68,63,31,32,1493.1
47,76,2,1,1,0
47,77,10,4,6,341
48,34,21,13,8,861
48,35,50,30,20,2090
48,36,40,22,18,1744
48,37,18,10,8,680.4
48,42,51,25,26,2152.2
48,47,3,2,1,0
48,49,5,3,2,290
48,52,6,4,2,282
48,61,21,13,8,850.5
48,64,6,3,3,393
48,67,120,63,57,4404
48,68,20,8,12,902
48,71,17,9,8,618.8
49,18,10,4,6,504
49,21,1,0,1,0
49,36,2,2,0,0
49,40,5,3,2,295
49,42,160,87,73,5824
49,61,21,10,11,968.1
49,64,16,11,5,716.8
49,68,40,18,22,2036
49,69,85,45,40,3383
49,70,52,26,26,2412.8
49,71,39,22,17,1747.2
50,1,3,2,1,0
50,18,49,27,22,1602.3
50,19,20,9,11,1056
50,21,2,1,1,0
50,40,6,2,4,381
50,41,38,25,13,1698.6
50,42,484,252,232,19021.2
50,43,79,45,34,3270.6
50,44,21,10,11,928.2
50,61,52,32,20,2350.4
50,62,3,2,1,0
50,67,2,1,1,0
50,68,110,57,53,4862
50,69,10,5,5,432
50,70,27,18,9,912.6
51,1,5,3,2,276
51,13,10,6,4,454
51,14,2,1,1,0
51,15,2,1,1,0
51,16,46,24,22,1844.6
51,17,53,28,25,2014
51,18,58,27,31,2598.4
51,19,11,4,7,495
51,20,22,11,11,1091.2
51,21,1,1,0,0
51,28,2,1,1,0
51,40,62,34,28,3143.4
51,41,43,23,20,1345.9
51,42,384,192,192,18201.6
51,43,170,89,81,6953
51,44,15,9,6,790.5
51,45,6,2,4,271.2
51,61,37,18,19,2057.2
51,65,58,31,27,2291
51,67,1,0,1,0
51,69,10,5,5,378
52,8,7,4,3,308
52,9,2,2,0,0
52,11,6,2,4,261
52,12,3,1,2,0
52,13,31,19,12,1419.8
52,14,4,2,2,0
52,15,20,9,11,936
52,16,23,7,16,966
52,20,23,11,12,1354.7
52,21,52,28,24,2152.8
52,22,218,111,107,9047
52,28,9,5,4,246.6
52,40,111,61,50,4351.2
52,41,24,10,14,1082.4
52,42,167,89,78,6412.8
52,43,6,4,2,181.8
52,61,6,4,2,427.2
52,65,33,17,16,1329.9
52,70,3,2,1,0
53,21,6,4,2,307.2
53,22,685,355,330,26920.5
53,23,304,170,134,12038.4
53,39,39,22,17,1641.9
53,40,35,17,18,1547
53,41,14,7,7,390.6
53,42,68,31,37,2577.2
53,56,32,14,18,1244.8
53,57,10,7,3,436
53,59,2,1,1,0
53,60,14,9,5,607.6
53,65,12,8,4,543.6
53,70,7,4,3,317.1
53,83,14,7,7,819
54,21,123,62,61,4821.6
54,22,635,304,331,28257.5
54,23,156,79,77,6973.2
54,38,30,18,12,1395
54,39,33,18,15,1085.7
54,56,21,14,7,735
54,57,206,111,95,8446
54,58,27,14,13,1217.7
54,65,14,6,8,722.4
54,78,9,4,5,370.8
54,79,7,3,4,219.1
54,82,11,5,6,614.9
55,19,4,2,2,0
55,20,137,69,68,6493.8
55,21,242,132,110,9970.4
55,22,432,219,213,18662.4
55,23,92,46,46,3818
55,38,9,6,3,594.9
55,39,72,41,31,3297.6
55,56,32,19,13,1497.6
55,57,18,8,10,912.6
55,65,21,11,10,1092
55,70,22,12,10,1080.2
55,71,2,1,1,0
55,78,67,33,34,2499.1
55,79,201,102,99,8482.2
55,81,33,16,17,1610.4
56,19,56,32,24,2951.2
56,20,4,2,2,0
56,34,21,10,11,774.9
56,35,21,8,13,1012.2
56,38,2,1,1,0
56,39,38,18,20,1660.6
56,46,9,4,5,245.7
56,52,12,6,6,698.4
56,55,34,19,15,1339.6
56,56,9,5,4,477
56,65,4,3,1,0
56,70,18,8,10,811.8
56,71,3,2,1,0
56,77,15,9,6,805.5
56,78,53,27,26,2427.4
56,79,72,32,40,3096
56,80,72,43,29,2124
56,81,4,2,2,0
57,17,6,4,2,295.2
57,19,1,1,0,0
57,30,29,14,15,1278.9
57,34,9,6,3,406.8
57,35,27,13,14,1023.3
57,38,4,2,2,0
57,52,77,44,33,3380.3
57,53,66,48,18,2923.8
57,55,8,3,5,288
57,65,8,3,5,314.4
57,66,8,5,3,328.8
57,70,4,1,3,0
57,75,2,1,1,0
57,76,21,9,12,1039.5
57,77,6,4,2,163.2
57,78,20,10,10,1080
57,79,5,4,1,143
57,80,2,2,0,0
57,81,12,8,4,438
57,82,35,19,16,1515.5
58,30,478,228,250,19645.8
58,48,2,1,1,0
58,52,130,78,52,6292
58,53,122,63,59,5148.4
58,54,292,156,136,11096
58,55,279,150,129,11662.2
58,56,114,62,52,4229.4
58,58,39,21,18,1310.4
58,59,103,47,56,3429.9
58,60,36,17,19,1706.4
58,66,31,16,15,1701.9
58,74,2,1,1,0
58,75,31,13,18,1429.1
58,76,11,9,2,396
58,77,33,18,15,1445.4
58,78,3,2,1,0
58,79,18,10,8,633.6
58,80,18,12,6,851.4
58,81,26,13,13,1034.8
59,30,129,62,67,6540.3
59,31,7,3,4,289.1
59,37,2,2,0,0
59,48,2,1,1,0
59,55,54,31,23,1787.4
59,56,184,97,87,7323.2
59,57,22,14,8,719.4
59,58,17,8,9,513.4
59,59,58,27,31,2134.4
59,60,19,11,8,697.3
59,66,13,9,4,340.6
59,71,3,1,2,0
59,74,71,33,38,2960.7
59,75,12,6,6,492
59,76,107,50,57,4033.9
59,77,181,71,110,9050
59,78,321,166,155,12486.9
59,79,104,54,50,3806.4
59,80,57,28,29,2445.3
59,81,90,42,48,4311
59,82,11,5,6,522.5
60,22,32,13,19,1587.2
60,30,116,56,60,4640
60,56,3,2,1,0
60,57,27,16,11,1355.4
60,58,8,5,3,458.4
60,60,4,3,1,0
60,67,6,4,2,331.2
60,68,15,7,8,604.5
60,69,2,1,1,0
60,74,15,8,7,784.5
60,75,217,110,107,7529.9
60,76,163,82,81,7889.2
60,77,2,1,1,0
60,78,37,18,19,1391.2
60,79,98,51,47,4772.6
60,80,11,6,5,478.5
60,81,11,5,6,597.3
60,82,44,26,18,2147.2
61,21,43,21,22,2059.7
61,22,71,36,35,3237.6
61,23,5,2,3,307
61,24,5,1,4,102
61,29,16,11,5,614.4
61,30,22,10,12,745.8
61,50,2,1,1,0
61,56,16,9,7,724.8
61,57,25,12,13,980
61,60,14,6,8,583.8
61,78,45,28,17,1705.5
61,79,17,7,10,552.5
61,80,28,15,13,946.4
61,81,9,5,4,280.8
61,82,14,7,7,721
61,88,88,38,50,5209.6
61,89,293,149,144,11661.4
62,21,44,22,22,2169.2
62,24,2,1,1,0
62,28,12,6,6,513.6
62,29,9,3,6,350.1
62,55,9,5,4,341.1
62,56,41,18,23,1521.1
62,57,24,14,10,823.2
62,60,2,1,1,0
62,79,52,22,30,1872
62,80,36,19,17,1965.6
62,81,10,3,7,549
62,88,242,119,123,9994.6
62,89,202,93,109,8059.8
63,9,10,5,5,510
63,10,11,8,3,379.5
63,12,3,0,3,0
63,20,2,1,1,0
63,21,5,2,3,71
63,25,12,6,6,498
63,27,8,3,5,384.8
63,28,23,11,12,954.5
63,56,31,11,20,1106.7
63,57,10,4,6,517
63,69,21,12,9,1073.1
63,70,6,2,4,244.2
63,71,117,55,62,4738.5
63,72,13,5,8,257.4
63,73,190,99,91,6251
63,74,307,159,148,10376.6
63,75,10,5,5,389
63,76,9,4,5,368.1
63,87,25,14,11,1367.5
63,88,41,21,20,1984.4
63,90,31,18,13,1438.4
63,91,6,3,3,196.8
64,0,7,4,3,373.1
64,6,5,4,1,264
64,7,23,13,10,632.5
64,8,27,17,10,1433.7
64,9,2,2,0,0
64,10,9,3,6,353.7
64,11,11,6,5,522.5
64,12,9,5,4,258.3
64,13,33,20,13,1349.7
64,15,2,1,1,0
64,28,10,6,4,574
64,55,7,4,3,340.2
64,56,2,1,1,0
64,57,44,27,17,1579.6
64,58,3,1,2,0
64,68,18,7,11,648
64,69,18,10,8,772.2
64,71,39,20,19,1349.4
64,72,64,35,29,2739.2
64,73,117,52,65,4223.7
64,74,235,115,120,6650.5
64,75,208,109,99,5574.4
64,76,53,29,24,1701.3
64,85,40,19,21,1176
64,86,37,23,14,1628
64,87,91,50,41,3967.6
64,88,48,26,22,2030.4
64,89,12,6,6,408
64,90,126,73,53,4939.2
64,91,32,15,17,1510.4
65,13,9,5,4,451.8
65,14,32,16,16,1884.8
65,15,27,13,14,1239.3
65,28,4,2,2,0
65,50,11,8,3,607.2
65,55,8,4,4,310.4
65,57,321,169,152,11523.9
65,58,2,1,1,0
65,68,11,4,7,748
65,69,2,1,1,0
65,74,8,3,5,242.4
65,75,144,78,66,5788.8
65,80,47,26,21,1739
65,81,8,5,3,222.4
65,83,5,2,3,190
65,84,35,16,19,1309
65,85,70,35,35,2632
65,86,26,12,14,1136.2
65,87,23,12,11,1122.4
65,88,4,2,2,0
65,89,21,12,9,795.9
65,90,6,3,3,399
65,91,52,25,27,2412.8
66,14,6,3,3,217.8
66,15,114,59,55,5198.4
66,16,1,1,0,0
66,29,5,3,2,183
66,42,25,14,11,1162.5
66,43,40,15,25,2056
66,45,43,18,25,1517.9
66,50,2,1,1,0
66,51,34,17,17,1373.6
66,54,3,2,1,0
66,55,653,311,342,25009.9
66,56,304,141,163,16780.8
66,57,359,188,171,14288.2
66,58,200,105,95,7560
66,59,17,5,12,668.1
66,68,174,90,84,7012.2
66,73,6,3,3,291
66,74,9,6,3,281.7
66,75,18,10,8,691.2
66,78,20,11,9,546
66,79,17,8,9,571.2
66,80,13,3,10,503.1
66,81,127,66,61,4762.5
66,82,18,9,9,869.4
66,83,40,20,20,1904
66,84,45,24,21,1647
66,85,9,6,3,383.4
66,91,7,4,3,189
66,92,4,3,1,0
67,14,3,2,1,0
67,29,1,0,1,0
67,42,49,26,23,1999.2
67,43,26,16,10,1050.4
67,44,56,30,26,2637.6
67,45,132,68,64,6190.8
67,46,21,10,11,1243.2
67,47,33,17,16,1306.8
67,48,15,9,6,832.5
67,49,22,12,10,866.8
67,50,20,13,7,922
67,51,164,92,72,6691.2
67,52,31,15,16,1311.3
67,53,47,23,24,1809.5
67,54,50,26,24,2155
67,55,152,76,76,5912.8
67,56,291,132,159,15364.8
67,57,128,68,60,5478.4
67,58,14,8,6,488.6
67,68,50,26,24,2500
67,69,143,84,59,6864
67,73,27,13,14,761.4
67,74,36,17,19,1677.6
67,78,24,15,9,919.2
67,80,200,101,99,7980
67,81,75,35,40,3720
67,82,1,1,0,0
67,92,94,50,44,4380.4
67,93,8,5,3,503.2
68,14,3,3,0,0
68,18,9,4,5,424.8
68,29,3,1,2,0
68,40,6,3,3,250.8
68,41,28,16,12,798
68,42,19,8,11,929.1
68,43,29,16,13,1531.2
68,44,19,10,9,790.4
68,45,5,1,4,160
68,47,15,9,6,741
68,48,11,7,4,568.7
68,49,20,11,9,734
68,52,3,2,1,0
68,53,17,11,6,753.1
68,54,20,10,10,750
68,68,530,258,272,23903
68,69,677,342,335,28298.6
68,74,19,10,9,733.4
68,75,7,4,3,396.9
68,76,9,5,4,297.9
68,78,73,35,38,2927.3
68,79,6,3,3,421.2
68,80,216,108,108,6307.2
68,82,12,5,7,657.6
68,84,1,1,0,0
68,85,9,6,3,308.7
68,92,7,3,4,340.2
68,93,32,20,12,1241.6
69,13,38,20,18,1284.4
69,14,73,32,41,3190.1
69,15,1,0,1,0
69,18,46,23,23,1932
69,19,10,5,5,544
69,29,3,2,1,0
69,30,1,1,0,0
69,40,24,12,12,876
69,47,14,7,7,607.6
69,48,63,34,29,2557.8
69,49,64,32,32,3296
69,50,45,23,22,1903.5
69,51,26,13,13,1154.4
69,52,18,6,12,525.6
69,53,25,10,15,710
69,54,82,49,33,3862.2
69,55,101,52,49,4524.8
69,56,8,5,3,335.2
69,68,392,197,195,16777.6
69,69,178,86,92,6817.4
69,76,25,12,13,810
69,77,147,71,76,5821.2
69,78,9,6,3,306
69,80,4,3,1,0
69,81,86,39,47,3483
69,82,24,16,8,1044
69,83,4,1,3,0
69,85,6,4,2,136.2
69,86,10,6,4,480
69,88,1,1,0,0
69,90,12,8,4,392.4
69,93,2,1,1,0
69,94,37,20,17,1468.9
70,12,17,5,12,1013.2
70,13,13,6,7,691.6
70,19,178,77,101,6995.4
70,20,50,23,27,2380
70,28,3,2,1,0
70,31,3,1,2,0
70,55,68,34,34,3495.2
70,56,59,28,31,1952.9
70,68,753,374,379,32529.6
70,69,836,395,441,37536.4
70,77,70,34,36,3367
70,81,39,19,20,1743.3
70,87,13,6,7,821.6
70,88,10,6,4,358
70,89,4,2,2,0
70,90,3,2,1,0
70,93,7,3,4,301
70,94,51,25,26,1708.5
71,19,179,85,94,9504.9
71,20,23,10,13,906.2
71,21,8,6,2,351.2
71,55,1,1,0,0
71,68,1281,650,631,56748.3
71,69,994,481,513,40058.2
71,77,24,15,9,861.6
71,81,179,94,85,6855.7
71,83,4,2,2,0
71,88,22,10,12,710.6
71,89,24,13,11,808.8
71,90,19,11,8,560.5
71,92,43,22,21,1513.6
71,93,93,52,41,3636.3
71,94,2,1,1,0
72,18,25,13,12,1235
72,19,6,4,2,292.8
72,20,11,8,3,643.5
72,21,19,8,11,748.6
72,54,3,2,1,0
72,55,2,1,1,0
72,68,1166,583,583,49555
72,69,2304,1129,1175,97689.6
72,74,5,3,2,156
72,75,3,1,2,0
72,76,84,48,36,3544.8
72,77,21,11,10,747.6
72,81,422,211,211,16120.4
72,82,38,21,17,1580.8
72,89,2,1,1,0
72,91,9,5,4,251.1
72,92,17,8,9,433.5
72,93,144,83,61,5443.2
72,94,69,35,34,2884.2
72,95,37,20,17,1391.2
72,96,7,5,2,296.8
73,18,12,8,4,424.8
73,19,12,7,5,652.8
73,20,24,12,12,1087.2
73,21,33,16,17,1349.7
73,54,13,5,8,621.4
73,68,492,242,250,22041.6
73,69,2026,1017,1009,79824.4
73,70,597,298,299,16954.8
73,75,42,23,19,1759.8
73,76,7,3,4,389.2
73,81,499,219,280,23253.4
73,82,3,2,1,0
73,83,7,3,4,312.2
73,84,7,3,4,352.1
73,85,3,2,1,0
73,86,1,1,0,0
73,91,6,3,3,145.2
73,92,20,12,8,668
73,93,10,6,4,256
73,95,5,2,3,332
74,18,77,39,38,3226.3
74,19,14,7,7,645.4
74,20,1,1,0,0
74,21,37,18,19,1776
74,52,9,6,3,362.7
74,53,22,10,12,1108.8
74,54,44,27,17,1694
74,59,1,1,0,0
74,68,436,225,211,18094
74,69,1799,905,894,75737.9
74,70,474,234,240,16210.8
74,75,28,14,14,1209.6
74,77,13,6,7,513.5
74,78,2,1,1,0
74,79,14,8,6,547.4
74,80,46,20,26,1320.2
74,81,261,125,136,11405.7
74,82,1045,516,529,39710
74,86,9,7,2,269.1
74,90,12,7,5,385.2
74,91,21,12,9,795.9
74,92,3,1,2,0
74,94,36,17,19,1231.2
74,95,29,12,17,1209.3
75,19,3,2,1,0
75,21,8,2,6,318.4
75,22,34,20,14,1261.4
75,52,3,2,1,0
75,53,17,8,9,632.4
75,54,4,2,2,0
75,55,2,1,1,0
75,59,1,1,0,0
75,68,246,128,118,10282.8
75,69,2069,986,1083,95794.7
75,70,699,350,349,25373.7
75,75,14,6,8,645.4
75,76,37,18,19,1505.9
75,77,25,15,10,1212.5
75,78,14,7,7,533.4
75,79,56,30,26,2217.6
75,81,91,44,47,3621.8
75,82,116,59,57,2888.4
75,86,15,8,7,561
75,87,5,2,3,114
75,90,6,5,1,340.8
75,91,9,2,7,286.2
75,92,15,7,8,511.5
75,93,24,14,10,861.6
75,94,92,49,43,3312
75,95,184,91,93,9604.8
75,96,42,20,22,1747.2
75,97,6,5,1,310.2
76,22,95,46,49,3448.5
76,23,24,12,12,636
76,52,10,5,5,315
76,53,64,41,23,2860.8
76,54,4,1,3,0
76,58,3,2,1,0
76,68,45,27,18,2065.5
76,69,687,331,356,26724.3
76,70,741,350,391,27491.1
76,74,20,12,8,734
76,75,60,29,31,2298
76,76,27,14,13,1117.8
76,77,34,18,16,1543.6
76,78,22,11,11,1271.6
76,79,49,23,26,1857.1
76,80,25,13,12,1017.5
76,81,52,29,23,2308.8
76,86,3,1,2,0
76,87,6,3,3,277.8
76,88,2,1,1,0
76,89,2,2,0,0
76,90,7,3,4,406
76,91,23,16,7,874
76,92,31,13,18,1199.7
76,93,25,12,13,1332.5
76,96,13,8,5,521.3
77,22,35,19,16,1417.5
77,52,8,5,3,320.8
77,53,61,31,30,3068.3
77,58,10,7,3,357
77,60,2,1,1,0
77,61,8,4,4,348
77,67,8,3,5,272.8
77,69,411,207,204,14508.3
77,70,12,7,5,579.6
77,74,39,21,18,1610.7
77,75,45,22,23,1953
77,76,264,134,130,10507.2
77,77,196,99,97,6879.6
77,78,39,22,17,1536.6
77,79,338,167,171,13182
77,80,42,21,21,1251.6
77,81,15,7,8,637.5
77,87,19,11,8,834.1
77,88,6,3,3,234
77,89,3,2,1,0
77,90,24,14,10,859.2
77,91,5,3,2,102
77,96,25,11,14,1120
78,10,69,34,35,3270.6
78,11,20,9,11,1010
78,22,17,11,6,525.3
78,23,20,11,9,758
78,41,8,5,3,360.8
78,42,4,1,3,0
78,52,31,18,13,1655.4
78,53,106,57,49,3540.4
78,58,14,9,5,709.8
78,60,16,7,9,852.8
78,61,3,1,2,0
78,66,84,40,44,2847.6
78,67,21,14,7,926.1
78,69,757,393,364,23769.8
78,70,304,150,154,8360
78,71,5,2,3,116
78,74,6,3,3,210
78,78,19,12,7,520.6
78,80,12,6,6,393.6
78,81,13,8,5,521.3
78,87,4,4,0,0
78,88,6,4,2,309
78,89,4,3,1,0
78,96,45,26,19,1867.5
78,97,14,9,5,785.4
79,8,2,1,1,0
79,41,2,1,1,0
79,42,24,15,9,1156.8
79,51,16,10,6,694.4
79,52,8,5,3,350.4
79,57,12,6,6,510
79,58,54,28,26,2052
79,66,250,124,126,7800
79,67,25,12,13,885
79,69,60,29,31,2418
79,70,23,10,13,517.5
79,78,13,5,8,559
79,80,14,6,8,582.4
79,81,12,7,5,524.4
79,95,20,12,8,970
79,96,24,14,10,1231.2
79,97,15,9,6,594
80,22,3,2,1,0
80,23,27,9,18,772.2
80,42,17,7,10,535.5
80,43,14,4,10,653.8
80,49,6,2,4,177
80,50,11,7,4,520.3
80,58,6,3,3,322.2
80,59,6,4,2,238.8
80,66,67,36,31,2271.3
80,67,30,18,12,1185
80,69,152,75,77,5228.8
80,70,77,43,34,2040.5
80,78,13,7,6,470.6
80,88,5,3,2,114
80,91,2,1,1,0
80,95,15,7,8,426
80,96,7,4,3,221.2
81,7,4,2,2,0
81,22,9,4,5,388.8
81,43,60,29,31,2214
81,58,15,6,9,616.5
81,62,5,3,2,319
81,63,2,1,1,0
81,66,6,4,2,223.8
81,69,52,32,20,2043.6
81,70,9,4,5,441
81,73,2,1,1,0
81,74,8,5,3,360.8
81,87,4,2,2,0
81,88,20,8,12,784
81,90,5,3,2,111
81,96,10,5,5,397
81,97,140,65,75,5334
82,21,11,5,6,423.5
82,22,7,4,3,422.8
82,43,217,114,103,8311.1
82,44,29,17,12,794.6
82,47,1,1,0,0
82,58,10,6,4,535
82,62,30,16,14,1509
82,63,14,7,7,607.6
82,67,4,1,3,0
82,69,65,38,27,2749.5
82,70,55,29,26,2766.5
82,87,1,0,1,0
82,88,17,11,6,613.7
82,89,37,19,18,1258
82,92,1,1,0,0
82,93,61,32,29,1933.7
82,94,18,12,6,743.4
82,95,41,22,19,1385.8
82,96,57,33,24,2861.4
82,97,106,54,52,3688.8
83,43,97,51,46,4510.5
83,44,180,91,89,8622
83,45,4,1,3,0
83,62,12,6,6,676.8
83,66,20,9,11,968
83,67,14,7,7,704.2
83,69,8,4,4,320.8
83,70,31,18,13,1181.1
83,83,6,2,4,220.2
83,84,6,4,2,139.2
83,87,9,3,6,217.8
83,88,2,1,1,0
83,89,29,20,9,1012.1
83,90,26,16,10,876.2
83,93,25,15,10,1160
83,94,10,3,7,405
83,95,23,13,10,966
83,96,15,8,7,736.5
83,97,7,3,4,338.8
84,21,4,3,1,0
84,44,15,7,8,711
84,62,331,153,178,13537.9
84,65,132,70,62,4184.4
84,66,25,14,11,1165
84,67,16,10,6,809.6
84,70,40,19,21,1460
84,83,1,1,0,0
84,84,19,11,8,862.6
84,85,12,5,7,502.8
84,87,44,23,21,1729.2
84,88,5,3,2,266
84,89,4,2,2,0
84,90,18,9,9,743.4
84,91,40,23,17,1480
84,92,39,21,18,1388.4
84,93,20,12,8,858
85,34,14,6,8,596.4
85,35,2,1,1,0
85,43,3,2,1,0
85,44,12,7,5,610.8
85,50,8,2,6,304
85,53,2,1,1,0
85,54,3,2,1,0
85,61,23,12,11,809.6
85,62,253,131,122,9234.5
85,64,106,63,43,4377.8
85,65,307,153,154,10591.5
85,66,147,73,74,5571.3
85,70,34,16,18,1319.2
85,72,1,0,1,0
85,83,10,6,4,502
85,84,75,42,33,2850
85,85,8,6,2,326.4
85,87,12,7,5,439.2
85,91,13,7,6,562.9
85,92,152,79,73,6049.6
85,93,4,3,1,0
85,94,3,2,1,0
85,95,2,1,1,0
86,22,6,5,1,213
86,43,7,3,4,279.3
86,44,25,16,9,1005
86,49,3,2,1,0
86,50,34,16,18,1241
86,53,5,3,2,361
86,54,18,10,8,721.8
86,55,10,6,4,615
86,61,74,37,37,3056.2
86,62,32,14,18,1062.4
86,65,2,2,0,0
86,68,12,5,7,502.8
86,70,25,13,12,797.5
86,83,31,17,14,1116
86,84,183,96,87,6844.2
86,86,6,2,4,300
86,87,4,3,1,0
86,91,43,23,20,2115.6
86,92,3,3,0,0
86,93,11,7,4,390.5
86,94,1,1,0,0
86,95,5,3,2,285
86,96,7,3,4,219.8
87,21,5,3,2,247
87,24,2,1,1,0
87,37,2,1,1,0
87,43,19,10,9,581.4
87,44,18,9,9,905.4
87,49,46,22,24,1545.6
87,50,36,21,15,1695.6
87,51,5,3,2,217
87,53,8,3,5,296.8
87,54,42,21,21,2003.4
87,55,48,23,25,1896
87,61,25,12,13,975
87,62,16,11,5,481.6
87,70,55,27,28,2304.5
87,71,7,3,4,226.1
87,78,1,1,0,0
87,82,2,0,2,0
87,83,2,1,1,0
87,84,15,9,6,694.5
87,85,27,14,13,1242
87,86,34,18,16,1428
87,87,26,10,16,933.4
87,90,19,8,11,634.6
87,91,89,44,45,3515.5
87,93,12,4,8,386.4
87,95,15,9,6,714
87,96,66,32,34,2409
87,98,5,2,3,131
88,37,21,14,7,747.6
88,38,8,4,4,360.8
88,39,18,12,6,615.6
88,40,12,7,5,518.4
88,41,3,1,2,0
88,49,10,4,6,282
88,50,7,4,3,487.2
88,54,5,2,3,296
88,55,8,4,4,358.4
88,56,26,15,11,1294.8
88,57,29,13,16,1087.5
88,58,156,74,82,6146.4
88,61,20,10,10,598
88,70,15,11,4,514.5
88,71,38,23,15,1850.6
88,82,36,20,16,1105.2
88,83,14,8,6,695.8
88,84,13,8,5,540.8
88,85,22,13,9,701.8
88,86,560,276,284,26040
88,87,490,231,259,18081
88,88,17,8,9,734.4
88,89,68,36,32,2849.2
88,90,35,18,17,1130.5
88,92,10,6,4,454
88,93,30,19,11,1398
88,96,185,95,90,7104
88,97,13,8,5,451.1
88,99,6,3,3,322.8
88,100,15,7,8,514.5
88,101,70,37,33,3010
89,38,10,7,3,450
89,39,205,107,98,8774
89,40,72,43,29,2520
89,41,3,1,2,0
89,46,8,5,3,434.4
89,47,2,1,1,0
89,48,8,4,4,383.2
89,49,28,15,13,1341.2
89,50,8,5,3,308
89,52,9,5,4,339.3
89,53,9,7,2,561.6
89,54,30,16,14,1479
89,58,5,3,2,358
89,67,6,1,5,193.2
89,68,9,6,3,377.1
89,69,3,2,1,0
89,71,134,68,66,5587.8
89,83,6,3,3,243
89,84,11,6,5,561
89,86,60,30,30,3444
89,87,225,107,118,8190
89,88,30,14,16,1023
89,92,41,22,19,1672.8
89,93,13,8,5,743.6
89,96,14,8,6,530.6
89,97,200,104,96,8100
89,99,49,26,23,2141.3
89,101,22,11,11,1003.2
90,39,1,1,0,0
90,40,24,13,11,916.8
90,46,41,22,19,1717.9
90,47,1,1,0,0
90,48,26,12,14,910
90,49,4,2,2,0
90,51,3,2,1,0
90,52,9,5,4,489.6
90,53,4,3,1,0
90,58,5,2,3,257
90,59,14,8,6,348.6
90,61,4,2,2,0
90,68,86,37,49,3526
90,69,46,27,19,1426
90,71,179,98,81,7518
90,72,98,60,38,4449.2
90,83,10,6,4,522
90,84,29,16,13,1046.9
90,85,2,1,1,0
90,91,24,13,11,1272
90,92,2,1,1,0
90,95,13,9,4,598
90,96,45,26,19,1741.5
90,97,211,115,96,8376.7
90,98,10,7,3,345
90,99,6,2,4,267
90,100,4,1,3,0
90,102,42,20,22,1701
91,46,13,5,8,494
91,47,56,32,24,2004.8
91,48,1,1,0,0
91,59,9,5,4,339.3
91,62,3,1,2,0
91,68,3,1,2,0
91,69,20,9,11,900
91,70,15,8,7,751.5
91,71,517,276,241,21041.9
91,72,30,15,15,1146
91,89,2,1,1,0
91,90,12,7,5,480
91,91,35,24,11,1610
91,95,29,15,14,1394.9
91,96,32,18,14,1552
91,97,49,25,24,1886.5
91,102,17,11,6,744.6
92,47,5,1,4,133
92,59,20,14,6,746
92,62,9,5,4,335.7
92,70,8,6,2,368
92,71,128,71,57,3724.8
92,73,52,28,24,1970.8
92,85,44,21,23,1412.4
92,88,7,3,4,350
92,89,25,14,11,852.5
92,90,8,5,3,218.4
92,91,57,26,31,2565
92,100,5,3,2,191
92,101,17,10,7,856.8
92,102,24,12,12,1164
92,103,11,6,5,416.9
93,47,2,1,1,0
93,59,4,2,2,0
93,62,9,4,5,302.4
93,70,11,8,3,441.1
93,71,23,8,15,903.9
93,73,28,15,13,1274
93,85,63,35,28,2400.3
93,86,1,0,1,0
93,89,31,14,17,1159.4
93,90,10,6,4,494
93,91,2,1,1,0
93,96,5,3,2,67
93,97,21,12,9,1008
93,98,7,3,4,263.2
93,100,2,1,1,0
93,101,110,57,53,4741
93,102,185,92,93,8491.5
93,103,117,62,55,4738.5
94,47,9,6,3,370.8
94,59,8,4,4,264.8
94,60,8,4,4,472.8
94,63,2,1,1,0
94,70,20,11,9,782
94,71,7,4,3,305.2
94,73,18,8,10,820.8
94,78,10,6,4,406
94,79,21,11,10,709.8
94,85,12,6,6,417.6
94,86,4,1,3,0
94,89,30,14,16,1401
94,90,24,11,13,902.4
94,96,28,11,17,1176
94,97,27,13,14,1020.6
94,98,3,3,0,0
94,99,1,1,0,0
94,100,19,9,10,687.8
94,101,9,5,4,534.6
94,102,27,20,7,955.8
94,103,70,36,34,3227
94,104,10,6,4,325
95,41,8,5,3,555.2
95,44,30,11,19,1311
95,45,267,131,136,11080.5
95,46,19,10,9,984.2
95,47,10,6,4,434
95,60,6,2,4,163.8
95,63,9,5,4,293.4
95,70,62,36,26,2597.8
95,71,21,12,9,621.6
95,72,16,8,8,556.8
95,76,1,1,0,0
95,78,4,2,2,0
95,79,23,13,10,1007.4
95,80,3,1,2,0
95,86,25,10,15,840
95,87,1,1,0,0
95,89,3,2,1,0
95,90,61,29,32,2165.5
95,96,31,17,14,1367.1
95,97,3,3,0,0
95,98,11,7,4,535.7
95,99,50,26,24,1680
95,100,15,7,8,583.5
96,40,2,1,1,0
96,41,11,4,7,462
96,42,104,51,53,4357.6
96,43,132,72,60,5253.6
96,44,7,5,2,300.3
96,45,322,162,160,12300.4
96,46,982,486,496,44288.2
96,47,5,2,3,219
96,48,12,5,7,476.4
96,61,7,3,4,373.8
96,70,55,31,24,2326.5
96,72,200,103,97,8760
96,79,3,2,1,0
96,80,8,4,4,232
96,86,7,4,3,322
96,87,16,9,7,649.6
96,90,31,16,15,1435.3
96,94,4,3,1,0
96,95,54,26,28,2251.8
96,96,76,38,38,3275.6
96,97,29,15,14,1302.1
96,98,12,6,6,439.2
96,100,10,5,5,393
96,104,4,4,0,0
97,42,21,9,12,1037.4
97,43,5,3,2,312
97,44,70,34,36,3367
97,45,590,303,287,24662
97,46,127,67,60,4711.7
97,48,25,13,12,1077.5
97,61,1,1,0,0
97,70,21,11,10,924
97,72,236,112,124,10714.4
97,74,1,0,1,0
97,79,1,1,0,0
97,80,8,3,5,308
97,81,16,10,6,654.4
97,87,37,22,15,1628
97,88,16,8,8,644.8
97,90,1,0,1,0
97,91,45,21,24,1804.5
97,94,12,8,4,434.4
97,95,13,10,3,522.6
97,96,147,67,80,5865.3
97,97,13,8,5,487.5
97,98,10,6,4,426
97,100,31,18,13,1041.6
97,101,32,13,19,1027.2
97,104,9,7,2,432.9
97,106,8,3,5,320.8
98,42,45,24,21,2173.5
98,43,80,43,37,3240
98,44,28,14,14,1215.2
98,46,6,4,2,295.2
98,48,8,5,3,472.8
98,60,12,6,6,766.8
98,61,17,10,7,1026.8
98,72,68,37,31,2828.8
98,80,10,5,5,580
98,81,20,9,11,902
98,82,30,13,17,1188
98,88,12,6,6,614.4
98,89,13,6,7,353.6
98,91,38,21,17,1808.8
98,92,11,8,3,374
98,94,14,10,4,532
98,95,25,13,12,882.5
98,97,7,4,3,132.3
98,98,21,10,11,1008
98,99,2,1,1,0
98,100,25,14,11,942.5
98,101,3,2,1,0
98,102,76,38,38,2812
98,103,63,30,33,2690.1
98,104,48,26,22,1814.4
98,106,133,69,64,5120.5
98,107,20,10,10,940
99,38,2,2,0,0
99,39,5,2,3,185
99,40,16,9,7,731.2
99,41,20,12,8,736
99,47,3,2,1,0
99,48,35,22,13,1067.5
99,59,2,1,1,0
99,60,36,19,17,1335.6
99,61,22,11,11,1067
99,62,4,4,0,0
99,64,4,2,2,0
99,71,2,1,1,0
99,72,1,1,0,0
99,73,14,9,5,546
99,81,44,21,23,1540
99,82,46,21,25,1688.2
99,83,118,66,52,4059.2
99,84,25,15,10,1010
99,89,20,14,6,832
99,92,34,19,15,1390.6
99,93,3,2,1,0
99,94,16,7,9,849.6
99,100,45,25,20,1831.5
99,101,134,63,71,5654.8
99,103,31,11,20,1298.9
99,106,131,59,72,5030.4
99,107,77,40,37,3141.6
100,35,6,2,4,268.2
100,39,5,3,2,205
100,40,14,7,7,687.4
100,47,111,62,49,4340.1
100,48,14,10,4,446.6
100,58,13,7,6,448.5
100,59,19,10,9,767.6
100,62,2,1,1,0
100,64,1,0,1,0
100,70,5,3,2,211
100,71,13,5,8,664.3
100,73,52,27,25,2069.6
100,82,260,119,141,12324
100,83,145,82,63,6336.5
100,84,21,11,10,1230.6
100,89,3,1,2,0
100,90,15,7,8,826.5
100,92,33,15,18,1920.6
100,99,46,27,19,2014.8
100,100,127,71,56,5003.8
100,101,209,106,103,6667.1
100,102,57,32,25,2091.9
100,103,23,11,12,1046.5
100,104,14,5,9,625.8
100,105,3,2,1,0
100,107,82,36,46,2796.2
101,34,5,4,1,191
101,35,4,2,2,0
101,46,6,3,3,405
101,47,386,182,204,15903.2
101,62,7,2,5,317.1
101,64,3,1,2,0
101,65,7,3,4,158.9
101,71,10,4,6,479
101,72,1,1,0,0
101,73,64,33,31,2412.8
101,83,50,26,24,1870
101,84,17,7,10,693.6
101,85,14,8,6,831.6
101,90,19,11,8,655.5
101,92,24,10,14,972
101,93,21,11,10,940.8
101,96,2,1,1,0
101,97,25,12,13,1285
101,98,11,7,4,524.7
101,99,44,21,23,2068
101,100,38,21,17,1352.8
101,101,71,31,40,2193.9
101,102,189,96,93,8032.5
101,103,307,151,156,14122
101,104,133,49,84,7660.8
101,105,58,30,28,2354.8
101,106,34,18,16,1584.4
101,107,43,22,21,1530.8
102,32,21,11,10,1209.6
102,33,8,2,6,251.2
102,34,4,2,2,0
102,46,36,18,18,1306.8
102,47,715,350,365,29815.5
102,48,3,1,2,0
102,63,9,5,4,381.6
102,65,40,21,19,1516
102,72,9,5,4,441.9
102,73,30,16,14,1128
102,74,27,18,9,1306.8
102,84,5,2,3,362
102,85,3,2,1,0
102,86,31,14,17,1147
102,90,13,6,7,601.9
102,93,32,19,13,1392
102,94,2,1,1,0
102,96,38,21,17,1873.4
102,102,8,4,4,392.8
102,103,3,1,2,0
102,104,76,39,37,3176.8
102,105,82,41,41,3230.8
103,31,9,4,5,444.6
103,32,5,2,3,302
103,44,10,5,5,630
103,45,15,9,6,567
103,46,52,25,27,2199.6
103,47,120,63,57,4968
103,65,28,14,14,1134
103,66,4,3,1,0
103,72,8,3,5,406.4
103,73,13,7,6,413.4
103,74,21,13,8,798
103,84,9,6,3,344.7
103,85,2,1,1,0
103,86,6,4,2,336
103,87,8,4,4,328
103,90,3,3,0,0
103,91,2,1,1,0
103,93,7,4,3,242.2
103,94,67,33,34,3417
103,95,21,13,8,609
103,96,25,13,12,1002.5
103,98,1,1,0,0
103,99,25,15,10,967.5
103,100,8,4,4,366.4
103,101,35,19,16,1452.5
104,30,7,3,4,412.3
104,44,14,6,8,515.2
104,45,6,3,3,253.2
104,46,26,10,16,1167.4
104,47,56,30,26,2424.8
104,66,1,1,0,0
104,72,3,1,2,0
104,73,9,4,5,333.9
104,74,10,5,5,449
104,75,7,5,2,242.9
104,84,8,3,5,291.2
104,85,59,28,31,2147.6
104,87,26,12,14,915.2
104,88,24,13,11,799.2
104,90,8,4,4,136
104,94,7,3,4,198.8
104,95,2,1,1,0
104,98,35,21,14,1207.5
104,99,106,52,54,4335.4
104,100,31,16,15,1212.1
104,101,18,9,9,966.6
104,102,63,38,25,2772
104,103,7,4,3,291.9
104,106,29,16,13,1650.1
104,107,697,343,354,30598.3
104,108,882,440,442,40042.8
105,44,14,7,7,606.2
105,45,15,6,9,766.5
105,46,33,17,16,1402.5
105,47,38,23,15,1713.8
105,63,2,1,1,0
105,71,2,1,1,0
105,73,5,1,4,136
105,75,6,4,2,325.8
105,83,24,14,10,931.2
105,84,12,5,7,375.6
105,85,16,8,8,414.4
105,86,3,2,1,0
105,88,8,4,4,454.4
105,90,17,8,9,756.5
105,96,21,10,11,884.1
105,97,80,39,41,3776
105,98,23,11,12,618.7
105,103,15,8,7,496.5
105,105,742,379,363,30273.6
105,106,2745,1390,1355,125995.5
105,107,2814,1413,1401,117625.2
105,108,1684,808,876,71064.8
106,42,9,5,4,509.4
106,43,16,12,4,564.8
106,46,5,3,2,196
106,47,11,5,6,522.5
106,63,1,1,0,0
106,71,3,2,1,0
106,72,7,5,2,252.7
106,73,5,2,3,296
106,75,8,3,5,452.8
106,76,3,2,1,0
106,82,12,7,5,574.8
106,86,14,6,8,509.6
106,89,17,10,7,664.7
106,90,2,1,1,0
106,96,99,59,40,4148.1
106,97,87,41,46,3923.7
106,103,13,6,7,620.1
106,104,8,4,4,228.8
106,105,112,63,49,5174.4
106,106,1825,908,917,81395
106,107,1846,949,897,81224
106,108,59,30,29,2873.3
107,29,4,2,2,0
107,30,6,4,2,396
107,42,13,8,5,503.1
107,46,1,0,1,0
107,64,12,7,5,399.6
107,70,2,1,1,0
107,72,43,20,23,1784.5
107,73,3,2,1,0
107,86,2,1,1,0
107,87,5,3,2,284
107,90,13,4,9,534.3
107,91,65,33,32,2145
107,92,8,2,6,354.4
107,96,34,17,17,1632
107,97,269,128,141,9119.1
107,98,379,190,189,15576.9
107,99,6,2,4,106.8
107,102,36,19,17,1771.2
107,103,101,54,47,4292.5
107,104,1,1,0,0
107,106,1422,721,701,58728.6
107,107,515,267,248,22557
107,108,90,46,44,3906
108,29,2,1,1,0
108,47,3,2,1,0
108,64,2,1,1,0
108,70,10,5,5,375
108,71,2,1,1,0
108,76,3,1,2,0
108,77,12,7,5,463.2
108,87,22,11,11,759
108,90,22,12,10,783.2
108,96,46,25,21,1495
108,97,39,22,17,1934.4
108,103,195,92,103,7195.5
108,104,9,4,5,370.8
108,106,229,116,113,9572.2
108,107,764,403,361,30025.2
109,29,1,1,0,0
109,67,16,10,6,908.8
109,78,34,17,17,1441.6
109,79,9,5,4,396
109,85,8,3,5,183.2
109,86,19,8,11,630.8
109,87,74,37,37,2752.8
109,88,4,3,1,0
109,90,2,1,1,0
109,91,6,1,5,124.2
109,93,3,3,0,0
109,96,2,1,1,0
109,97,66,35,31,2923.8
109,98,16,7,9,640
109,103,185,98,87,7437
109,104,967,471,496,35198.8
109,105,81,44,37,3491.1
109,106,2,0,2,0
109,107,1199,607,592,39207.3
109,108,306,153,153,8109
110,47,5,3,2,215
110,61,11,6,5,452.1
110,62,20,11,9,946
110,63,3,3,0,0
110,67,3,2,1,0
110,78,40,18,22,1680
110,79,25,11,14,1180
110,85,2,1,1,0
110,86,4,3,1,0
110,87,191,93,98,7983.8
110,88,2,1,1,0
110,90,11,7,4,473
110,91,12,8,4,714
110,92,19,11,8,839.8
110,93,6,3,3,430.2
110,98,22,14,8,1073.6
110,103,16,8,8,700.8
110,104,325,156,169,13325
110,105,112,67,45,4928
110,106,19,13,6,621.3
110,107,64,33,31,2009.6
110,108,264,144,120,6996
111,59,2,0,2,0
111,60,24,14,10,1116
111,61,19,10,9,687.8
111,62,47,21,26,2265.4
111,63,4,2,2,0
111,77,18,8,10,628.2
111,78,3,2,1,0
111,79,1,0,1,0
111,80,3,1,2,0
111,82,9,5,4,320.4
111,83,7,2,5,350.7
111,84,3,1,2,0
111,87,2,2,0,0
111,88,14,8,6,792.4
111,91,2,1,1,0
111,98,44,29,15,1826
111,99,137,76,61,5274.5
111,100,12,6,6,313.2
111,101,20,10,10,752
111,103,13,7,6,548.6
111,104,561,306,255,16212.9
111,105,107,51,56,4643.8
111,106,23,13,10,1087.9
111,107,16,9,7,686.4
111,108,2,1,1,0
112,11,3,2,1,0
112,19,4,2,2,0
112,20,7,4,3,394.1
112,22,3,2,1,0
112,23,4,1,3,0
112,59,20,9,11,868
112,67,23,16,7,1087.9
112,79,2,2,0,0
112,80,12,5,7,472.8
112,92,12,6,6,423.6
112,93,20,7,13,516
112,94,5,2,3,168
112,95,5,3,2,273
112,96,10,6,4,359
112,99,18,9,9,750.6
112,100,209,103,106,7544.9
112,101,112,54,58,4256
112,102,129,62,67,4734.3
112,103,249,128,121,8565.6
112,104,184,97,87,7268
112,105,33,18,15,1247.4
112,106,2,1,1,0
113,18,6,3,3,453
113,19,27,12,15,1663.2
113,20,1,1,0,0
113,56,2,1,1,0
113,58,26,14,12,1242.8
113,59,5,2,3,167
113,67,80,41,39,3112
113,80,1,0,1,0
113,89,19,8,11,744.8
113,92,7,3,4,186.9
113,93,3,1,2,0
113,94,21,8,13,903
113,95,49,27,22,2263.8
113,96,7,3,4,282.1
113,97,4,2,2,0
113,100,21,10,11,896.7
113,101,46,27,19,1932
113,102,203,103,100,9358.3
113,103,152,80,72,5760.8
113,104,71,37,34,2598.6
114,15,9,4,5,482.4
114,16,2,1,1,0
114,56,2,1,1,0
114,57,16,8,8,769.6
114,58,4,2,2,0
114,67,83,46,37,3917.6
114,76,1,1,0,0
114,78,7,3,4,422.1
114,79,2,0,2,0
114,80,5,3,2,189
114,88,4,3,1,0
114,93,21,13,8,770.7
114,95,3,2,1,0
114,97,1,1,0,0
114,111,17,8,9,623.9
115,15,8,4,4,416.8
115,67,42,20,22,1835.4
115,68,4,2,2,0
115,77,1,1,0,0
115,79,11,7,4,361.9
115,80,16,11,5,580.8
115,89,5,3,2,311
115,93,16,7,9,708.8
115,95,19,8,11,801.8
115,111,11,6,5,631.4
116,7,5,3,2,312
116,12,2,1,1,0
116,64,1,1,0,0
116,65,7,7,0,319.2
116,67,145,68,77,6467
116,81,3,2,1,0
116,89,13,7,6,806
116,93,1,1,0,0
116,94,85,41,44,3272.5
116,95,7,3,4,203.7
116,96,3,2,1,0
116,97,24,9,15,900
116,110,11,6,5,512.6
116,111,11,6,5,633.6
116,112,37,22,15,1613.2
117,7,8,2,6,415.2
117,11,6,3,3,226.2
117,12,2,1,1,0
117,63,14,6,8,589.4
117,66,12,6,6,572.4
117,67,337,168,169,13581.1
117,68,18,11,7,864
117,80,8,5,3,432.8
117,82,5,2,3,378
117,83,2,1,1,0
117,89,5,1,4,226
117,93,4,1,3,0
117,94,31,12,19,1819.7
117,95,9,4,5,438.3
117,97,28,15,13,1215.2
117,98,2,1,1,0
117,100,32,16,16,1321.6
117,101,16,9,7,617.6
117,103,6,4,2,181.2
117,109,9,4,5,389.7
117,110,146,71,75,5825.4
117,111,23,15,8,1136.2
117,112,4,2,2,0
117,113,7,3,4,296.8
118,7,15,8,7,549
118,10,11,6,5,447.7
118,52,13,6,7,591.5
118,63,12,7,5,630
118,66,29,12,17,1070.1
118,67,246,126,120,11635.8
118,68,78,38,40,3603.6
118,80,9,5,4,534.6
118,81,4,2,2,0
118,83,14,8,6,631.4
118,87,13,7,6,534.3
118,88,2,1,1,0
118,92,8,6,2,316.8
118,93,17,7,10,759.9
118,94,30,18,12,1089
118,95,18,9,9,921.6
118,96,17,7,10,819.4
118,97,11,5,6,347.6
118,99,15,9,6,729
118,100,97,48,49,4578.4
118,101,10,4,6,507
118,102,13,6,7,599.3
118,103,3,2,1,0
118,109,17,10,7,761.6
118,110,16,9,7,888
118,115,2,1,1,0
119,7,3,1,2,0
119,9,13,8,5,522.6
119,10,17,9,8,795.6
119,49,1,0,1,0
119,51,36,19,17,1562.4
119,52,12,4,8,620.4
119,53,10,6,4,449
119,54,22,12,10,1159.4
119,55,16,10,6,758.4
119,56,34,17,17,1383.8
119,57,26,11,15,1159.6
119,63,33,21,12,1544.4
119,67,149,77,72,5393.8
119,68,101,49,52,4484.4
119,69,11,4,7,410.3
119,80,8,6,2,360
119,81,8,4,4,227.2
119,87,4,3,1,0
119,88,8,5,3,330.4
119,91,6,2,4,265.8
119,92,32,17,15,947.2
119,93,6,3,3,193.2
119,95,2,1,1,0
119,96,11,6,5,689.7
119,98,24,15,9,1056
119,99,16,6,10,859.2
119,100,2,1,1,0
119,103,22,12,10,1293.6
119,108,4,2,2,0
119,109,19,13,6,725.8
119,114,28,16,12,1030.4
119,115,10,6,4,253
120,7,3,2,1,0
120,8,5,3,2,207
120,9,28,13,15,994
120,10,13,7,6,504.4
120,33,10,5,5,583
120,53,18,11,7,826.2
120,54,18,9,9,948.6
120,55,53,27,26,2443.3
120,56,31,18,13,1382.6
120,57,32,18,14,1075.2
120,62,2,1,1,0
120,63,8,6,2,192.8
120,68,50,27,23,2125
120,69,13,7,6,638.3
120,80,31,16,15,1187.3
120,81,53,27,26,1923.9
120,84,3,1,2,0
120,85,86,49,37,3689.4
120,86,3,3,0,0
120,89,2,1,1,0
120,96,37,20,17,1483.7
120,97,47,23,24,2058.6
120,98,13,7,6,659.1
120,99,33,23,10,1386
120,103,11,5,6,301.4
120,104,2,0,2,0
120,108,2,1,1,0
120,114,39,21,18,1840.8
120,115,1,1,0,0
121,7,5,2,3,238
121,9,1,1,0,0
121,32,19,11,8,908.2
121,33,16,7,9,580.8
121,34,2,2,0,0
121,41,1,1,0,0
121,42,2,0,2,0
121,44,13,8,5,478.4
121,68,21,9,12,1073.1
121,69,38,22,16,1930.4
121,72,38,20,18,1637.8
121,73,86,46,40,3397
121,76,12,7,5,475.2
121,77,6,6,0,273
121,80,37,21,16,1513.3
121,81,78,44,34,3307.2
121,83,5,3,2,305
121,84,13,7,6,531.7
121,85,19,11,8,763.8
121,96,2,1,1,0
121,97,16,8,8,590.4
121,108,8,5,3,451.2
121,112,2,1,1,0
121,114,29,10,19,1171.6
121,115,76,36,40,3298.4
122,6,7,5,2,433.3
122,7,1,0,1,0
122,68,2,1,1,0
122,69,51,30,21,2223.6
122,71,11,6,5,599.5
122,72,18,11,7,646.2
122,73,123,62,61,5571.9
122,74,24,14,10,1015.2
122,82,7,5,2,343
122,83,2,0,2,0
122,84,5,2,3,338
122,97,14,7,7,609
122,114,16,11,5,600
122,115,97,51,46,5014.9
122,127,2,1,1,0
123,6,13,5,8,744.9
123,7,1,0,1,0
123,69,73,41,32,2197.3
123,70,3,2,1,0
123,86,1,0,1,0
123,87,27,16,11,1136.7
123,95,17,9,8,527
123,97,5,2,3,117
123,98,7,4,3,413
123,104,5,2,3,309
123,108,14,8,6,603.4
123,109,3,2,1,0
123,116,14,7,7,582.4
123,127,22,10,12,1053.8
124,6,7,4,3,455.7
124,56,1,1,0,0
124,69,36,17,19,1879.2
124,70,9,2,7,250.2
124,75,1,0,1,0
124,77,2,1,1,0
124,78,6,4,2,192
124,79,9,4,5,296.1
124,83,2,1,1,0
124,85,22,12,10,935
124,86,35,18,17,1655.5
124,87,22,14,8,1078
124,95,8,4,4,206.4
124,96,11,8,3,508.2
124,97,11,5,6,409.2
124,98,19,10,9,1221.7
124,102,18,10,8,752.4
124,103,8,3,5,407.2
124,108,5,3,2,312
124,116,10,4,6,280
125,6,8,6,2,240.8
125,7,2,1,1,0
125,29,6,4,2,246
125,68,4,1,3,0
125,69,9,3,6,428.4
125,80,8,4,4,548
125,82,3,2,1,0
125,83,10,6,4,323
125,84,2,1,1,0
125,85,4,1,3,0
125,95,11,7,4,467.5
125,99,2,1,1,0
125,100,12,7,5,645.6
125,101,6,4,2,325.2
125,102,1,1,0,0
125,118,2,2,0,0
125,125,2,1,1,0
125,126,4,3,1,0
126,5,17,8,9,831.3
126,6,4,2,2,0
126,68,52,24,28,2454.4
126,76,6,4,2,193.2
126,78,5,3,2,182
126,79,1,1,0,0
126,80,144,75,69,6033.6
126,81,188,96,92,7181.6
126,82,304,141,163,14227.2
126,86,1,1,0,0
126,117,4,2,2,0
126,118,3,2,1,0
126,126,1,0,1,0
127,5,100,54,46,4620
127,6,17,9,8,749.7
127,26,11,4,7,376.2
127,67,6,3,3,184.8
127,68,10,3,7,581
127,72,9,3,6,318.6
127,78,10,3,7,513
127,79,14,8,6,467.6
127,81,144,70,74,7084.8
127,82,216,103,113,9676.8
127,83,27,16,11,1217.7
127,86,2,2,0,0
127,103,2,1,1,0
127,105,4,2,2,0
127,114,6,3,3,336
127,115,21,12,9,930.3
127,116,10,7,3,533
127,117,7,4,3,415.1
127,123,10,7,3,475