x,y,p,m,f,ta
47,1,10,3,7,381
48,0,10,4,6,339
48,1,126,73,53,5356.3
48,2,292,151,141,13013.699999999999
48,3,1,1,0,0
49,0,11,5,6,0
49,1,22,12,10,761.2
49,2,66,31,35,2396.6
49,4,139,66,73,6562.3
50,0,176,84,92,8529.4
50,1,15,9,6,354.4
50,2,116,58,58,4107.200000000001
50,3,276,138,138,11376.1
50,4,187,89,98,8596.5
51,0,144,83,61,5182.700000000001
51,1,57,31,26,2100.7000000000003
51,2,241,125,116,10317.9
51,3,135,63,72,5542.8
52,0,2,0,2,0
52,1,21,9,12,1125.5
53,2,10,4,6,436.8
53,3,14,7,7,539.1
53,7,100,57,43,4329.2
54,0,13,8,5,443.3
54,2,26,15,11,848.8
54,3,8,4,4,144
54,4,176,96,80,7831.5
54,7,70,40,30,2196.4
55,0,24,12,12,1010
55,1,8,4,4,334.4
55,2,6,3,3,0
55,4,53,27,26,2140
55,5,6,4,2,253.8
55,6,1,0,1,0
55,7,80,38,42,3338.8999999999996
55,8,28,15,13,997.5
55,11,75,40,35,4666.3
56,0,189,90,99,7479.1
56,2,14,7,7,666
56,4,2,1,1,0
56,5,69,41,28,2346.9
56,7,144,82,62,5946.2
56,8,273,141,132,10557.599999999999
56,11,24,13,11,1032
57,0,29,16,13,895.3
57,1,102,52,50,3715.6000000000004
57,2,26,12,14,949.8
57,4,39,20,19,1511.3
57,5,36,19,17,1244.1
57,6,242,127,115,9382.5
57,7,27,15,12,946.5
57,8,249,133,116,9604.699999999999
57,9,336,169,167,13684.3
57,10,40,21,19,1297.6
57,11,246,127,119,11466.4
58,1,37,20,17,1370.4
58,2,10,4,6,0
58,4,29,17,12,1306.4
58,5,7,4,3,165
58,6,481,255,226,18898.1
58,7,642,329,313,22910.6
58,9,331,174,157,12379.300000000001
59,0,160,82,78,6085.099999999999
59,1,32,19,13,1009.5
59,2,8,3,5,226.4
59,3,12,5,7,645.7
59,4,1,0,1,0
59,5,162,79,83,5682.000000000001
59,6,137,80,57,5159.8
59,7,237,112,125,10114
59,8,979,464,515,39132.700000000004
59,9,384,195,189,15375.7
60,0,58,27,31,1925.1000000000001
60,1,76,36,40,2475.6
60,2,6,3,3,220.8
60,3,145,71,74,5932.999999999999
60,4,36,18,18,1441.6999999999998
60,5,938,457,481,39382.6
60,6,202,105,97,7594.700000000001
60,12,7,4,3,478.1
61,0,47,26,21,1591.8
61,1,56,27,29,1930
61,2,106,59,47,4160.6
61,3,348,178,170,14608.3
61,4,116,58,58,4398.8
61,5,66,37,29,2310
61,6,516,290,226,19900.600000000002
61,13,4,3,1,0
62,0,19,11,8,639
62,1,21,12,9,659.2
62,2,87,45,42,3777.9
62,3,15,6,9,630
62,4,312,170,142,11899.1
62,5,34,18,16,1525.2
62,6,31,20,11,925.5
62,13,42,22,20,1349.5
63,0,1,0,1,0
63,1,34,20,14,1152.3
63,2,6,4,2,0
63,3,50,31,19,1708.5
63,4,17,10,7,738.2
63,5,28,14,14,1066.8
63,6,9,4,5,297
63,13,2,1,1,0
64,0,5,3,2,195
64,1,35,18,17,1102.6
64,2,18,13,5,703.2
64,3,14,4,10,317
64,4,8,4,4,299
64,6,137,69,68,5568.900000000001
65,0,259,140,119,10175.2
65,1,11,6,5,229.8
65,2,7,3,4,311
65,3,12,7,5,392
65,4,33,17,16,881.2
65,5,159,82,77,6866.2
65,6,5,3,2,175
65,9,19,10,9,652.5
66,0,18,10,8,725.4000000000001
66,3,8,4,4,277.9
66,4,72,35,37,2611.4
66,5,189,88,101,8046.799999999999
66,6,274,145,129,10807.8
66,7,614,316,298,24765
66,8,140,75,65,5952.799999999999
66,9,1,1,0,0
67,1,53,26,27,1993.1
67,2,15,7,8,637.4
67,3,5,1,4,113
67,4,140,74,66,5625.6
67,5,166,89,77,6619.2
67,6,2015,982,1033,78482.3
67,7,1521,786,735,58962.90000000001
67,8,233,124,109,8553.1
67,9,345,175,170,14157.9
67,10,29,16,13,1368.2
68,1,71,41,30,2735
68,2,841,415,426,35484.7
68,3,55,29,26,3044.4
68,4,26,15,11,1134.4
68,5,260,129,131,11103.699999999999
68,6,224,115,109,9201.800000000001
68,7,415,217,198,15524.8
68,8,1582,736,846,68744.40000000001
68,9,24,15,9,403.2
68,10,554,280,274,22454.6
69,0,99,52,47,3507.1
69,1,132,67,65,5355.5
69,2,207,109,98,7250.7
69,3,645,351,294,24294.6
69,4,946,460,486,40217.1
69,5,73,41,32,2822.3
69,6,306,158,148,12834.1
69,7,219,105,114,8478.199999999999
69,8,120,68,52,3999.7000000000003
69,9,64,38,26,2442.3
69,10,532,266,266,22183.3
69,11,21,11,10,599.4
69,14,1,0,1,0
70,0,26,15,11,782.4
70,1,25,12,13,862.5
70,2,1239,629,610,47452.5
70,3,153,78,75,4933.5
70,4,852,418,434,34275.8
70,6,45,22,23,1951.8
70,7,90,48,42,3397.3
70,8,55,29,26,2378.7
70,10,95,53,42,3507.7
70,11,60,34,26,2608.2000000000003
70,12,35,17,18,1522.2
70,13,53,24,29,2600.2
70,14,72,47,25,3138.7999999999997
71,0,874,456,418,33132.600000000006
71,2,195,97,98,6352.4
71,3,154,83,71,5513.599999999999
71,4,132,74,58,5025.699999999999
71,5,155,76,79,6152.8
71,6,8,3,5,78
71,7,429,221,208,17859.5
71,8,142,65,77,6092.8
71,9,17,8,9,543.4
71,11,80,44,36,3403
71,12,119,59,60,5094
71,13,167,98,69,6631.7
71,14,319,167,152,15035.1
71,15,21,13,8,848.4
71,17,3,2,1,0
72,0,210,107,103,8432.3
72,2,4,2,2,0
72,3,902,431,471,35853.3
72,4,59,34,25,2310.2
72,5,116,67,49,4163.799999999999
72,6,28,16,12,791.1
72,7,226,130,96,9562.4
72,8,26,12,14,1084.8
72,9,12,6,6,486
72,11,45,21,24,2176.5
72,12,619,311,308,24014.100000000002
72,13,6,3,3,304.2
72,14,21,13,8,638
72,15,22,10,12,890.2
72,16,80,42,38,2921.6
72,17,5,2,3,120
73,0,13126,6624,6502,502720.10000000003
73,3,36,20,16,1156.9
73,5,41,21,20,1284
73,6,114,55,59,4344.699999999999
73,7,2,1,1,0
73,8,11,7,4,326.2
73,9,5,4,1,0
73,11,50,24,26,1362
73,12,815,396,419,35092.8
73,13,66,33,33,2465.7999999999997
73,15,32,19,13,1164.5
73,16,207,104,103,9426.5
73,17,159,77,82,6826.7
73,18,1,1,0,0
74,0,43754,22102,21652,1649812.4000000001
74,3,210,106,104,8238.400000000001
74,6,24,14,10,936
74,7,69,37,32,2279.4
74,11,29,19,10,1149.5
74,12,133,78,55,4825.1
74,13,26,12,14,1139.6
74,15,4,2,2,0
74,16,23,11,12,858.6
74,17,58,31,27,2329.6
74,18,177,87,90,7642.099999999999
74,19,23,16,7,1190.2
75,0,10283,5133,5150,370684.30000000005
75,4,18,8,10,631.8
75,5,12,5,7,541.2
75,6,5,3,2,289
75,7,33,17,16,1603.6
75,8,2,1,1,0
75,9,3,2,1,0
75,11,80,40,40,2914.8999999999996
75,12,249,135,114,9207.100000000002
75,13,13,7,6,353.8
75,14,16,11,5,348
75,16,48,23,25,1932.5
75,17,74,37,37,3472.2
75,18,26,12,14,1346.8
75,19,36,22,14,1446.4
75,20,7,4,3,0
76,0,6227,3154,3073,229728.2
76,2,103,56,47,4072
76,3,54,22,32,2152.8999999999996
76,4,22,14,8,798.6
76,5,1648,807,841,69873.4
76,6,234,131,103,8677.9
76,7,32,16,16,1111.2
76,8,36,22,14,1366.5
76,11,17,7,10,707
76,13,64,34,30,2987
76,14,12,6,6,428.8
76,15,64,35,29,2460.2
76,16,23,12,11,767.6
76,19,326,156,170,14470.7
76,20,363,191,172,15247.200000000003
76,21,80,37,43,3341.5
77,0,1402,715,687,46084.799999999996
77,1,68,41,27,2383.1
77,2,124,57,67,5092.299999999999
77,3,1327,642,685,54511.399999999994
77,4,87,41,46,3494.2
77,5,118,65,53,4393.700000000001
77,6,126,62,64,4494.9
77,7,9,4,5,293.3
77,8,4,2,2,0
77,9,32,17,15,1058.2
77,11,3,1,2,0
77,14,2,1,1,0
77,18,150,86,64,6285.799999999999
77,19,24,11,13,910.1
77,21,6,2,4,0
77,22,36,19,17,1508.2
78,0,592,298,294,20315.5
78,1,2038,1020,1018,71446.8
78,2,482,252,230,17515.4
78,3,418,208,210,15674.599999999997
78,4,413,218,195,15271.600000000002
78,6,36,17,19,1080.8999999999999
78,8,11,8,3,439.2
78,9,22,13,9,657
78,12,5,3,2,0
78,13,1,1,0,0
78,18,21,12,9,1264.2
78,20,1,0,1,0
78,22,12,6,6,301.7
78,23,67,35,32,3534.7999999999997
79,0,8017,3954,4063,324106.80000000005
79,1,5982,2994,2988,222093.8
79,2,75,38,37,2575.5
79,3,300,157,143,11810.199999999999
79,4,88,49,39,3259.2000000000003
79,5,7,4,3,196.2
79,6,7,4,3,205.2
79,7,1,1,0,0
79,9,3,2,1,0
79,10,91,49,42,3991.9000000000005
79,12,28,14,14,1070
79,13,3,2,1,0
79,19,3,3,0,0
79,20,21,13,8,977.5
79,21,2,1,1,0
79,22,110,56,54,4299.900000000001
79,23,130,75,55,5113.900000000001
79,24,15,6,9,265
79,29,1,0,1,0
79,32,8,3,5,253.8
80,0,705,362,343,25738.399999999998
80,1,327,176,151,11312.800000000001
80,2,144,76,68,5436.099999999999
80,3,964,475,489,37638.3
80,4,89,43,46,3102.1
80,5,294,142,152,10755.099999999999
80,6,177,83,94,6239.3
80,7,84,45,39,3967.6
80,8,492,243,249,19954.2
80,9,54,31,23,2480.1
80,10,115,63,52,4553.4
80,11,19,6,13,545.6
80,12,4,3,1,0
80,19,6,2,4,244.2
80,20,17,9,8,835.5
80,22,21,10,11,797.6
80,23,504,255,249,21081.9
80,24,4,3,1,0
80,25,3,2,1,0
80,26,6,3,3,325.2
80,31,16,9,7,354.2
80,32,85,46,39,3448.9
80,33,18,9,9,572.7
81,0,1194,612,582,43105.8
81,1,669,322,347,24552.6
81,2,25,14,11,558.4000000000001
81,3,92,46,46,3150.7
81,4,281,149,132,10587.200000000003
81,5,523,272,251,18577
81,6,31,18,13,1089
81,7,306,144,162,12295.499999999998
81,8,71,39,32,2627.9
81,9,271,145,126,10942.4
81,10,46,22,24,1711.3
81,12,375,186,189,16497.6
81,13,25,16,9,1105.4
81,17,4,3,1,0
81,22,25,14,11,822.6
81,23,8,4,4,0
81,24,19,11,8,551
81,25,76,38,38,2661.1
81,31,2,0,2,0
81,32,83,45,38,3125.3
81,33,88,43,45,3075.7999999999997
81,34,31,15,16,934
82,0,185,97,88,6348.400000000001
82,1,56,31,25,2234.9
82,3,23,13,10,763.6
82,4,339,170,169,12462.1
82,5,2120,1061,1059,82894.09999999999
82,6,1277,620,657,46044.4
82,7,46,22,24,1887
82,8,93,44,49,4205.400000000001
82,9,577,298,279,21665.699999999997
82,10,433,211,222,15915.1
82,11,2,1,1,0
82,12,119,57,62,4384.8
82,13,110,63,47,4100.6
82,14,65,30,35,2411.8
82,15,3,1,2,0
82,17,1,0,1,0
82,18,26,14,12,856.2
82,22,33,17,16,1538.1
82,23,102,46,56,4017.2
82,24,12,7,5,384.3
82,25,10,6,4,330
82,26,49,24,25,2039.8
82,31,9,6,3,312
82,32,24,18,6,621.6
82,33,73,35,38,2628
83,0,157,83,74,6338.8
83,1,161,89,72,5332.2
83,3,56,28,28,2100.3999999999996
83,4,232,122,110,8174.400000000001
83,5,58,29,29,1976.6
83,6,8584,4198,4386,335397.4
83,7,995,491,504,40128.5
83,8,27,14,13,907.2
83,9,1865,904,961,78202.3
83,10,414,214,200,15198.599999999999
83,11,530,253,277,18325.2
83,12,8,5,3,360.8
83,13,690,354,336,30158.899999999998
83,14,1122,604,518,47935.8
83,15,215,113,102,7846
83,16,353,183,170,13035.099999999999
83,17,580,293,287,25509.1
83,18,131,68,63,5409.099999999999
83,19,167,93,74,5935.8
83,20,24,13,11,799.9
83,21,33,17,16,838.4
83,22,54,28,26,2305.2
83,23,110,50,60,5560.3
83,25,92,52,40,3432.4999999999995
83,26,65,33,32,2417.2
83,27,42,20,22,1550.8
83,28,154,71,83,5869.500000000001
83,31,157,78,79,5522.8
83,32,70,39,31,2291.9
83,33,66,38,28,2329.2999999999997
83,34,16,9,7,572.4
84,0,95,51,44,2895.0000000000005
84,1,46,25,21,1375.9
84,4,2,1,1,0
84,5,47,29,18,1837.1
84,6,931,486,445,33734.1
84,7,486,250,236,17023.3
84,8,1020,510,510,36268.1
84,9,811,405,406,30520.600000000002
84,10,491,257,234,20494.9
84,11,875,439,436,34545.09999999999
84,12,17,10,7,505.4
84,13,326,163,163,12019.199999999999
84,14,702,362,340,27825.399999999994
84,15,253,131,122,9468.2
84,16,4,3,1,0
84,17,22,12,10,766
84,18,19,12,7,567.3
84,20,79,42,37,3247.2000000000003
84,21,3,1,2,0
84,22,3,1,2,0
84,23,146,66,80,6379.5
84,24,309,151,158,12119.2
84,25,80,49,31,2960.1
84,26,191,99,92,7321.5
84,27,150,68,82,7423.7
84,29,73,42,31,3078.5000000000005
84,30,89,47,42,3423.6000000000004
84,31,3397,1703,1694,129608
84,32,333,168,165,12162.6
84,33,13,8,5,299
85,0,9,4,5,345.6
85,5,44,24,20,1152.4
85,6,325,161,164,12022.8
85,7,8014,3940,4074,323341.9000000001
85,8,1272,643,629,46802.6
85,9,62,36,26,2326.9
85,10,1015,482,533,39855.9
85,11,496,240,256,18936.6
85,12,9763,4677,5086,423855
85,13,1393,701,692,52085.6
85,14,387,202,185,13283.599999999999
85,15,129,68,61,3960.7000000000003
85,16,1,1,0,0
85,17,6,4,2,268.8
85,18,3,1,2,0
85,20,248,128,120,8921.6
85,21,794,404,390,29920.399999999998
85,22,731,371,360,21249
85,23,84,43,41,2856.3
85,24,26,10,16,1350.4
85,25,45,25,20,1523.5
85,26,69,34,35,2589.3
85,27,13,6,7,378
85,28,4,2,2,0
85,29,98,52,46,3082.9000000000005
85,30,306,162,144,10534.500000000002
85,31,143,77,66,5034
85,32,130,71,59,4796.8
85,33,32,17,15,956.3
86,0,2,1,1,0
86,6,373,199,174,13741.4
86,7,840,424,416,32956.1
86,8,822,435,387,27798.6
86,9,85,47,38,2738
86,10,316,181,135,12365.199999999999
86,11,360,179,181,13281.7
86,12,943,498,445,34418.100000000006
86,13,562,301,261,20701.599999999995
86,14,339,188,151,12177.799999999997
86,15,80,42,38,2123.8
86,19,79,40,39,2677
86,20,134,71,63,4887.9
86,21,340,175,165,12429
86,22,8334,4042,4292,328847.2
86,23,993,485,508,34761.1
86,24,144,68,76,4795.9
86,25,5,1,4,186
86,27,40,23,17,1728.1
86,28,54,28,26,2112.2
86,29,3,1,2,0
86,30,231,111,120,9270.5
86,31,98,59,39,2977
86,32,22,14,8,167.2
86,33,164,88,76,6619
87,6,233,113,120,8442.7
87,7,621,324,297,23799.7
87,8,417,230,187,15294.2
87,9,2,1,1,0
87,11,95,48,47,3476.3
87,12,412,218,194,15028.800000000001
87,13,215,118,97,7724.099999999999
87,14,576,310,266,22945.6
87,15,242,130,112,8931.3
87,16,1,1,0,0
87,18,1,1,0,0
87,22,99,52,47,4047.1
87,23,75,43,32,2548.5
87,24,43,19,24,1541.2
87,25,52,26,26,1987.7
87,28,6,3,3,248
87,29,57,30,27,2589.8
87,30,151,79,72,5747.8
87,31,1690,796,894,68465.70000000001
87,32,73,38,35,2365.5999999999995
87,35,39,24,15,1837.9
87,36,34,17,17,1056.6999999999998
88,5,2,1,1,0
88,6,223,126,97,7942.8
88,7,324,175,149,12017.999999999998
88,11,4,3,1,0
88,12,78,40,38,3128.2000000000003
88,13,75,40,35,3279
88,14,330,166,164,11041.800000000001
88,15,174,93,81,7889.900000000001
88,16,16,8,8,324
88,22,778,391,387,28204.199999999997
88,23,33,18,15,1279.9
88,25,13,5,8,98
88,29,3,2,1,0
88,30,19,11,8,773.2
88,31,43,26,17,1168.6
88,32,21,12,9,438.1
88,33,47,27,20,1411.6
88,34,63,33,30,2338.5000000000005
88,35,89,44,45,3934.3
88,36,107,50,57,4045.3999999999996
89,2,13,6,7,225
89,5,5,3,2,221
89,7,70,41,29,2928.7999999999997
89,8,161,88,73,6106.400000000001
89,11,82,43,39,2196.2
89,12,193,104,89,7297.400000000001
89,14,2,1,1,0
89,15,26,14,12,935.2
89,16,135,73,62,5178.3
89,21,33,18,15,1399.5
89,22,391,197,194,15515.5
89,23,78,40,38,3141.4
89,25,1,1,0,0
89,29,38,16,22,2143.2
89,30,52,25,27,2749.7
89,32,39,21,18,1310
89,33,43,22,21,1138
89,34,109,61,48,4472.8
89,35,1,1,0,0
89,36,248,120,128,10619.199999999999
90,4,49,30,19,1855.8
90,7,15,6,9,430.5
90,8,103,48,55,3661.9
90,15,14,8,6,289.8
90,16,51,28,23,2197.8
90,21,36,19,17,1511.6999999999998
90,22,348,169,179,13852.599999999999
90,23,961,479,482,39882
90,28,1,1,0,0
90,29,101,58,43,3911.4
90,30,30,17,13,1286.6
90,32,49,27,22,1816.6
90,33,25,13,12,1065.5
90,34,14,7,7,431.9
90,35,46,24,22,1519.3
90,36,63,27,36,3232.2
90,37,9,3,6,249
90,48,40,22,18,1542.7
90,49,13,7,6,489
91,7,15,7,8,423
91,8,4,1,3,0
91,11,19,11,8,521
91,12,2,1,1,0
91,15,13,7,6,456.8
91,16,23,13,10,1042
91,22,333,184,149,11916.9
91,23,459,246,213,16290.8
91,33,74,34,40,3377.2999999999997
91,35,17,9,8,341.1
91,36,151,74,77,6995.2
91,37,7,4,3,0
91,39,2,1,1,0
91,47,4,2,2,0
91,48,106,56,50,4158.3
91,49,254,127,127,9799.8
91,50,208,106,102,8926.4
92,4,8,5,3,217
92,7,4,2,2,0
92,15,11,6,5,124.8
92,16,32,17,15,968.5999999999999
92,17,16,9,7,199
92,21,5,3,2,142
92,22,204,100,104,7832.199999999999
92,23,49,26,23,1580.3000000000002
92,24,62,33,29,2696.4
92,33,50,24,26,1779.2
92,35,7,5,2,0
92,36,48,28,20,1710.8000000000002
92,37,28,18,10,816.9
92,38,2,1,1,0
92,39,89,52,37,3678.2
92,43,77,43,34,3054.2999999999997
92,48,66,30,36,2420.1
92,49,377,190,187,16486.899999999998
92,50,12,5,7,355.3
92,54,23,11,12,1181.9
92,57,1,0,1,0
93,7,8,4,4,0
93,15,9,5,4,179.2
93,16,369,189,180,14822.000000000004
93,17,80,43,37,3082
93,18,11,6,5,324.1
93,21,5,2,3,328
93,22,421,218,203,17043.3
93,24,50,29,21,1772.3
93,25,223,116,107,8724.3
93,32,10,5,5,309
93,33,193,104,89,7497.799999999999
93,34,4,2,2,0
93,35,22,11,11,560
93,36,4,2,2,0
93,37,152,69,83,6905.5
93,38,78,44,34,2677.5
93,39,56,28,28,1959.3
93,40,223,105,118,8676.900000000001
93,41,600,279,321,25130
93,42,610,310,300,23927.399999999998
93,43,153,75,78,5490.7
93,44,1095,569,526,38332.6
93,45,9,5,4,235.2
93,47,1,1,0,0
93,48,25,13,12,1492.8
93,49,78,39,39,3738.2
93,54,56,32,24,2796.3
93,58,1,1,0,0
93,67,1,1,0,0
93,88,1,0,1,0
94,7,13,7,6,587.6
94,16,130,62,68,4640.6
94,17,950,482,468,42803.100000000006
94,18,3,2,1,0
94,19,4,1,3,0
94,20,30,14,16,1280.1999999999998
94,21,255,138,117,9807.2
94,22,909,428,481,38419.7
94,23,45,23,22,1627
94,25,418,204,214,16975.6
94,26,227,115,112,9201.300000000001
94,27,54,32,22,1826.8999999999999
94,28,94,45,49,2846.7999999999997
94,29,19,9,10,705.9
94,32,16,9,7,878.5
94,33,10,7,3,149
94,35,4,2,2,0
94,36,35,19,16,1593.4
94,37,169,92,77,6397.9
94,38,47,26,21,2084.7
94,39,18,11,7,587.3
94,40,38,20,18,1238
94,41,133,68,65,4374.7
94,42,339,176,163,13778.5
94,43,100,52,48,3177.1
94,44,2628,1221,1407,112830.4
94,45,2003,985,1018,68785.59999999999
94,46,47,24,23,2089.5
94,47,3,1,2,0
94,48,4,3,1,0
94,52,11,6,5,667.7
94,53,55,29,26,2309.1000000000004
94,54,72,30,42,3410.4
94,55,46,25,21,1573.3
94,56,142,75,67,5435.1
94,57,98,48,50,4080.9
94,67,420,215,205,15219.7
94,68,1,0,1,0
94,89,1,0,1,0
94,90,34,17,17,1461.6
95,15,28,16,12,899.6
95,16,10,5,5,252
95,17,284,146,138,11430.699999999999
95,18,25,14,11,931.5
95,19,1,1,0,0
95,21,14,6,8,574
95,23,104,54,50,4509.6
95,24,183,90,93,7950.1
95,25,6,2,4,223.8
95,29,3,2,1,0
95,30,32,14,18,1288
95,31,87,45,42,3702.7
95,32,3,2,1,0
95,35,16,9,7,518.4
95,36,588,284,304,26589.8
95,37,3,2,1,0
95,38,1,1,0,0
95,39,8,5,3,261.8
95,40,12,7,5,495.6
95,41,15,6,9,411.2
95,42,31,18,13,1050.1
95,43,3,2,1,0
95,44,315,170,145,10792.699999999999
95,45,261,130,131,8470.3
95,46,31,16,15,1200.2
95,47,31,18,13,1315.1
95,48,41,26,15,1425.3
95,49,10,7,3,0
95,53,22,12,10,943
95,54,34,18,16,1646
95,55,309,157,152,12151.5
95,56,872,447,425,35779.700000000004
95,57,48,25,23,1973.4
95,59,14,7,7,426.8
95,60,5,2,3,244
95,69,63,36,27,3096.1
95,90,568,287,281,22515.7
96,17,57,24,33,2389.5
96,18,104,57,47,4020.2
96,19,6,2,4,201
96,21,6,3,3,0
96,24,131,64,67,5148.1
96,25,38,20,18,1541.2
96,31,2,1,1,0
96,34,20,8,12,768
96,35,81,43,38,2830.9
96,36,83,44,39,3302.2
96,41,20,10,10,372.8
96,42,14,8,6,332
96,43,73,40,33,3107.2
96,44,11,6,5,414.9
96,45,13,6,7,343.2
96,48,3,2,1,0
96,49,287,130,157,12082.5
96,50,65,38,27,2402.2
96,51,69,32,37,2827.7
96,52,224,114,110,10192.3
96,53,29,13,16,1660.1
96,54,290,145,145,11037.800000000001
96,55,81,45,36,3233.4
96,56,23,14,9,915.4
96,57,23,15,8,745.2
96,58,76,32,44,2994.1
96,59,3,1,2,0
96,60,12,6,6,573
96,64,419,221,198,12880.5
97,12,2,1,1,0
97,21,2,1,1,0
97,24,2,1,1,0
97,25,10,6,4,357
97,26,13,7,6,190.8
97,39,1,1,0,0
97,40,2,1,1,0
97,41,7,3,4,0
97,42,40,23,17,1682.1
97,43,374,178,196,14919.5
97,44,5,3,2,0
97,45,2,2,0,0
97,49,5,3,2,323
97,50,60,35,25,2092.3
97,51,46,22,24,1664.7
97,52,5,1,4,0
97,53,26,15,11,690.4000000000001
97,54,69,39,30,2179.2
97,55,166,81,85,6589.7
97,56,1243,614,629,43460.700000000004
97,57,25,14,11,1180.2
97,58,304,150,154,10907.099999999999
97,59,97,51,46,3585.8
97,60,113,54,59,4615.099999999999
97,61,2,1,1,0
97,73,24,15,9,1040.7
98,27,44,23,21,1657.1000000000001
98,28,6,3,3,214.2
98,29,4,3,1,0
98,39,9,4,5,0
98,40,45,23,22,1640.5
98,41,103,50,53,3404.1000000000004
98,42,25,14,11,439.8
98,50,7,3,4,266
98,52,3,3,0,0
98,53,7,4,3,339
98,55,8,3,5,86
98,56,4858,2401,2457,194272.49999999997
98,57,13,4,9,178
98,58,166,89,77,5863
98,59,100,51,49,3837.8999999999996
98,60,204,105,99,7064.700000000001
98,61,99,51,48,4621.1
98,64,353,170,183,15182.1
98,69,19,8,11,733
99,26,9,3,6,443.7
99,27,16,10,6,463.2
99,28,133,63,70,5996.3
99,29,6,3,3,193.2
99,31,9,5,4,288.9
99,39,12,6,6,549.9
99,48,5,4,1,0
99,54,20,11,9,340
99,55,35,17,18,1445
99,57,405,215,190,15598.500000000002
99,58,35,18,17,1255.4
99,59,87,45,42,3001.6000000000004
99,60,34,22,12,1308.4
99,61,52,25,27,1955.2
99,62,11,6,5,470.4
99,68,3,1,2,0
99,69,99,55,44,3931.1
100,26,6,3,3,0
100,28,2,1,1,0
100,29,2,2,0,0
100,41,16,9,7,501.3
100,54,12,5,7,558
100,55,22,15,7,537.6
100,56,41,22,19,1810.5
100,57,198,111,87,7677.200000000001
100,58,4,3,1,0
100,59,37,16,21,1876.5
100,60,6,4,2,0
100,61,36,16,20,938.6
100,62,4,3,1,0
100,65,354,182,172,14601.4
100,66,9,4,5,152
100,67,4,2,2,0
100,68,38,20,18,1066.6
100,93,681,321,360,27798.7
100,94,41,22,19,1793.4
101,14,3,2,1,0
101,25,13,6,7,492.7
101,26,26,13,13,1120.6
101,30,152,76,76,5937.8
101,31,29,14,15,946.6
101,32,13,7,6,406.2
101,41,9,4,5,527.4
101,54,12,6,6,373.2
101,55,1,1,0,0
101,56,103,51,52,3774.5000000000005
101,57,840,418,422,33759.600000000006
101,58,35,20,15,1297.1
101,59,8,5,3,312.8
101,60,74,33,41,2645.7999999999997
101,61,23,14,9,601
101,62,3,2,1,0
101,65,40,20,20,1758.9
101,66,1,1,0,0
101,67,74,37,37,2770.8
101,68,5,1,4,0
101,69,6,4,2,0
102,25,5,3,2,324
102,26,38,18,20,1167.6
102,30,2,1,1,0
102,31,66,35,31,2493.7000000000003
102,32,289,144,145,12048.099999999999
102,47,2,1,1,0
102,53,4,4,0,0
102,54,15,9,6,510.6
102,55,25,13,12,768
102,57,60,33,27,2319.2
102,58,123,60,63,4473.5
102,59,85,47,38,3569.1
102,60,1417,710,707,54847.600000000006
102,61,54,29,25,1728.2
102,62,15,8,7,798.3
102,63,51,24,27,2441.3
102,64,27,13,14,985.6
102,65,6,5,1,0
102,67,129,69,60,6297
102,68,24,13,11,777.1
102,69,50,28,22,1629.3
102,70,94,51,43,4085
102,71,50,26,24,2370
102,98,6,4,2,0
103,22,7,3,4,268.1
103,28,3,2,1,0
103,33,11,8,3,226.1
103,34,50,28,22,1581.4
103,47,10,7,3,438
103,48,3,1,2,0
103,49,22,14,8,754.8
103,50,141,73,68,4781.9
103,51,180,92,88,7121.299999999999
103,52,7035,3437,3598,302583.30000000005
103,53,2964,1531,1433,107186.30000000002
103,54,262,148,114,11499.999999999998
103,55,525,271,254,19878.999999999996
103,56,2,1,1,0
103,59,8,4,4,392
103,60,8,5,3,335.3
103,61,65,34,31,2655
103,62,40,23,17,1403
103,63,22,12,10,463.3
103,64,78,41,37,3844.7
103,65,86,49,37,3777.3999999999996
103,66,54,31,23,2141.2000000000003
103,67,145,74,71,5963.9
103,68,7,3,4,196
103,70,20,8,12,718
103,71,61,31,30,2049.6
103,98,607,324,283,26661.199999999997
103,99,337,183,154,15489
103,100,6,3,3,0
104,22,40,23,17,1430.2
104,27,6,4,2,343.2
104,28,4,2,2,0
104,29,18,10,8,624.6
104,30,15,10,5,639
104,35,36,15,21,1781.2
104,36,11,7,4,319
104,37,59,29,30,2432.2
104,38,1,0,1,0
104,41,4,2,2,0
104,42,1,0,1,0
104,43,3,2,1,0
104,45,2,1,1,0
104,46,4,3,1,0
104,47,39,24,15,1536.8
104,48,15,9,6,507.6
104,49,20,11,9,703.2
104,50,45,25,20,1438.5
104,51,74,39,35,2353.8999999999996
104,52,465,250,215,17401.4
104,53,155,92,63,5865.200000000001
104,54,237,129,108,9269.3
104,55,37,20,17,963.3
104,56,85,44,41,2990.2
104,57,19,9,10,754.4
104,60,15,9,6,629.9000000000001
104,62,2,1,1,0
104,66,44,24,20,2399.4
104,67,126,65,61,4168
104,69,43,27,16,1188.2
104,70,124,65,59,4378.1
104,71,90,47,43,3202.9
104,72,91,46,45,2988.7
104,74,109,61,48,5058.6
104,99,154,78,76,6086
104,100,38,19,19,1796.1999999999998
104,101,98,48,50,3472.3
104,102,199,96,103,8243.5
104,103,3,2,1,0
105,21,30,15,15,978
105,22,46,21,25,1810.6000000000001
105,23,8,3,5,247
105,26,10,5,5,0
105,27,4,2,2,0
105,28,15,6,9,553.5
105,30,3,1,2,0
105,31,3,2,1,0
105,35,1,1,0,0
105,37,4,2,2,0
105,39,9,6,3,139.8
105,43,97,48,49,3801.5
105,44,43,25,18,1883.1
105,45,836,439,397,35006.799999999996
105,46,121,59,62,5187.599999999999
105,47,46,22,24,1611.2
105,52,65,32,33,2061.8
105,53,146,67,79,4887.900000000001
105,54,114,61,53,4599.8
105,55,61,30,31,2122.9
105,56,55,28,27,1917.7
105,57,126,65,61,5152.099999999999
105,60,91,49,42,3753.1000000000004
105,61,20,11,9,1007.5999999999999
105,62,3,2,1,0
105,63,30,15,15,1384.1
105,66,1,1,0,0
105,67,2,0,2,0
105,70,38,15,23,1388.5
105,71,92,53,39,3824.3
105,72,38,20,18,1055.8
105,73,42,26,16,1367.2
105,74,86,40,46,3751.7000000000003
105,100,61,31,30,2526
105,101,70,44,26,3147.2
105,102,254,119,135,11357.999999999998
105,103,92,44,48,4521.7
106,16,37,21,16,1359.6
106,17,16,7,9,691.6
106,18,26,15,11,954
106,19,1,1,0,0
106,21,285,139,146,13298.5
106,22,19,10,9,754.3
106,23,19,11,8,495
106,25,10,5,5,413
106,26,1,1,0,0
106,27,3,2,1,0
106,29,12,8,4,252
106,30,11,3,8,208.8
106,31,238,116,122,9749.2
106,32,6,3,3,0
106,33,30,17,13,1266
106,40,8,6,2,135
106,41,6,3,3,146
106,42,1,1,0,0
106,45,48,22,26,1219.4
106,51,5,4,1,244
106,52,14,9,5,457.4
106,53,34,17,17,918.9
106,56,40,22,18,1439.3
106,57,69,35,34,3061.9
106,58,79,41,38,3399.2
106,60,8,4,4,0
106,61,6,2,4,0
106,62,162,85,77,6195.799999999999
106,63,80,40,40,2891.6000000000004
106,70,4,2,2,0
106,71,175,89,86,6986.1
106,72,155,76,79,6938.599999999999
106,73,277,137,140,10251.2
106,74,128,67,61,5355.6
106,76,31,18,13,1538.3
106,101,30,16,14,1247.4
106,102,22,11,11,649.9000000000001
106,103,279,141,138,10963.6
106,104,27,15,12,1164.4
107,15,21,12,9,507
107,16,13,5,8,442
107,17,104,55,49,3753.5
107,20,9,6,3,368
107,21,59,34,25,2382.7
107,22,16,8,8,445.3
107,23,38,19,19,1552.1
107,25,43,21,22,1699
107,26,21,10,11,497
107,27,2,2,0,0
107,28,8,4,4,201
107,29,25,13,12,983.7
107,31,31,14,17,1557
107,41,5,4,1,125
107,42,6,4,2,0
107,43,35,21,14,1054.3
107,44,39,21,18,1039.3
107,45,19,11,8,516.9
107,46,2,1,1,0
107,56,16,11,5,508.2
107,57,17,8,9,307.2
107,58,9,2,7,190
107,59,6,3,3,466.8
107,60,64,32,32,2755.9
107,61,1321,648,673,55834.5
107,62,359,177,182,13762.700000000003
107,63,11,7,4,555.5
107,67,2,1,1,0
107,70,11,7,4,293
107,71,15,5,10,541.5
107,72,584,294,290,21745.9
107,73,347,173,174,13649.1
107,74,95,47,48,3968.6
107,75,3,2,1,0
107,76,320,166,154,11598
107,77,10,5,5,328
107,102,1032,523,509,37652.600000000006
107,103,1903,950,953,72847.90000000001
107,104,61,26,35,2441.3
107,105,32,15,17,1243.9
108,15,104,52,52,4691
108,16,188,96,92,7396.1
108,17,1,0,1,0
108,21,5,3,2,0
108,22,37,19,18,1255.6
108,27,9,6,3,279
108,31,25,12,13,856
108,44,2,1,1,0
108,45,5,1,4,0
108,46,2,1,1,0
108,48,4,2,2,0
108,53,24,16,8,924.8
108,55,4,3,1,0
108,57,3,1,2,0
108,59,1,0,1,0
108,60,49,27,22,1639.6
108,61,36,19,17,1282.6999999999998
108,62,128,65,63,5349.4
108,67,7,4,3,252.7
108,71,6,4,2,0
108,72,62,36,26,2169.1
108,73,44,20,24,1923.1
108,74,221,115,106,9013.6
108,75,1813,905,908,73559.7
108,76,357,177,180,13981.3
108,77,96,50,46,3411.6
108,102,56,29,27,2232.7
108,103,2513,1216,1297,102559.8
108,104,1673,845,828,59935.700000000004
108,105,86,48,38,2905.4000000000005
108,106,191,95,96,6939.1
109,13,7,4,3,0
109,14,20,12,8,446
109,15,39,18,21,1620
109,22,15,9,6,546.8
109,31,14,9,5,522.5
109,46,25,12,13,765
109,47,30,18,12,980
109,48,17,8,9,519.8
109,49,15,6,9,276
109,52,8,3,5,208
109,53,106,59,47,4133.8
109,54,228,124,104,9641.3
109,55,2,2,0,0
109,56,125,71,54,5077.7
109,57,1100,559,541,45951.600000000006
109,58,172,87,85,6904.299999999999
109,59,660,339,321,24650
109,60,404,210,194,14668.099999999999
109,61,8,4,4,0
109,62,63,31,32,2199.5
109,65,3,3,0,0
109,66,5,3,2,0
109,72,65,37,28,1794.1999999999998
109,73,8,3,5,310.8
109,74,522,275,247,20743.2
109,75,74,35,39,2317.4
109,76,9,3,6,350.1
109,77,90,47,43,4347
109,81,2,2,0,0
109,82,23,14,9,748.8
109,85,17,8,9,649.4
109,102,18,9,9,712.2
109,103,248,117,131,11352.5
109,104,175,97,78,7044.700000000001
109,105,444,239,205,17141.5
109,106,513,250,263,20701.6
109,107,83,47,36,4018.5
110,12,2,1,1,0
110,13,36,21,15,1272.3
110,14,30,13,17,1020.5999999999999
110,15,5,2,3,131
110,22,5,3,2,232
110,31,4,2,2,0
110,42,71,34,37,2559.1
110,43,40,21,19,825
110,44,23,13,10,995.2
110,45,17,10,7,282.1
110,46,301,153,148,12324.8
110,47,398,185,213,17975.2
110,49,15,9,6,755.3
110,50,1,1,0,0
110,51,16,8,8,559.2
110,53,53,31,22,2048.8
110,56,18,11,7,815.9000000000001
110,57,53,23,30,1707.2
110,59,45,23,22,1828.1999999999998
110,61,496,264,232,19100
110,62,181,98,83,7091.099999999999
110,63,90,45,45,3108.3
110,64,2,0,2,0
110,65,15,10,5,567.6
110,66,1,1,0,0
110,72,5,4,1,0
110,74,1061,540,521,40901.5
110,77,17,8,9,638.4
110,78,9,4,5,282.1
110,81,31,17,14,1038.2
110,87,86,43,43,3249.2
110,103,1084,526,558,44958.6
110,104,59,32,27,1837.3000000000002
110,105,57,34,23,2206.2000000000003
110,106,140,65,75,5709.2
110,107,96,52,44,3874.7
110,108,2,2,0,0
111,14,6,3,3,0
111,41,34,19,15,1050.4
111,42,6,4,2,0
111,43,21,10,11,706.4
111,44,11,6,5,450.8
111,45,26,14,12,573.8
111,46,39,20,19,1315.5
111,47,112,64,48,3668.5
111,48,20,15,5,463.2
111,50,8,2,6,172.8
111,52,1,0,1,0
111,53,8,5,3,0
111,57,53,25,28,1955.2
111,59,10,4,6,151.2
111,61,239,128,111,9899.6
111,62,2253,1152,1101,83359.00000000001
111,63,1498,769,729,53580.399999999994
111,64,24,15,9,235.2
111,65,10,6,4,331.8
111,74,132,67,65,4295.5
111,77,61,33,28,2725.6
111,78,183,92,91,7330.5
111,79,554,262,292,23371
111,80,101,48,53,4017.2999999999993
111,81,277,143,134,11582.800000000001
111,84,2,2,0,0
111,87,3,2,1,0
111,88,7,5,2,420.7
111,104,31,16,15,1288.8000000000002
111,105,52,26,26,2124.2
111,106,146,67,79,6876.4
111,107,66,26,40,3282.6000000000004
111,108,23,15,8,1216.5
112,41,32,16,16,1235.7
112,43,9,4,5,186
112,44,4,2,2,0
112,45,21,13,8,834.2
112,46,22,13,9,864
112,48,28,13,15,942.2
112,49,8,4,4,288
112,51,10,5,5,228
112,52,38,19,19,1434.6999999999998
112,53,15,9,6,924.7
112,61,1,1,0,0
112,62,2970,1438,1532,139424.6
112,63,11870,5816,6054,471735.6000000001
112,64,15,10,5,279.4
112,65,4,2,2,0
112,77,18,10,8,916.8
112,78,9,6,3,436
112,79,15,7,8,564.3
112,81,124,54,70,5815.6
112,105,59,29,30,2158.2
112,106,60,30,30,3005.3
112,107,22,13,9,532.7
112,108,22,12,10,667
113,41,10,7,3,208.8
113,44,10,8,2,470
113,46,5,3,2,0
113,48,6,4,2,244.8
113,53,1,1,0,0
113,54,2,2,0,0
113,62,706,371,335,26362.2
113,63,1948,981,967,77105.8
113,64,131,64,67,4601.4
113,65,35,24,11,810.2
113,66,33,19,14,1088.2
113,78,15,7,8,369
113,79,71,32,39,2704.9
113,80,131,69,62,5554.6
113,81,12,3,9,446.4
113,82,12,6,6,684
113,86,37,20,17,1676.5
113,103,124,58,66,4950
113,104,326,164,162,12643.2
113,105,43,25,18,1717.3
113,106,20,9,11,722.4
113,107,114,61,53,3963.5
113,108,29,13,16,930.9
114,41,4,3,1,0
114,44,1,0,1,0
114,51,14,9,5,460
114,53,6,2,4,0
114,54,2,1,1,0
114,62,67,37,30,2257.1000000000004
114,63,457,244,213,17097.799999999996
114,64,258,133,125,8713.2
114,79,27,12,15,1269.6
114,80,98,51,47,3918.8
114,81,48,24,24,2059.2
114,82,60,32,28,2416.7
114,83,24,12,12,740.8
114,84,14780,7194,7586,606293.9
114,85,188,92,96,6990.4
114,87,13,6,7,480
114,104,41,22,19,1309.5
114,105,364,194,170,13534.8
114,106,109,58,51,4299.1
114,107,183,93,90,7242.3
115,43,4,2,2,0
115,51,3,2,1,0
115,62,3,1,2,0
115,63,75,45,30,2399
115,64,283,145,138,10822.7
115,65,479,238,241,17046.9
115,78,8,4,4,374.4
115,82,85,42,43,3375
115,83,28,13,15,1115.4
115,84,15513,7781,7732,554252.6
115,85,2361,1207,1154,79829.7
115,105,2109,1044,1065,82003.70000000001
115,107,2,1,1,0
115,108,35,20,15,1496
115,109,346,178,168,14517.1
115,114,943,463,480,40836.9
115,115,608,279,329,28580
115,116,87,41,46,3069
115,117,76,40,36,3798
116,50,3,1,2,0
116,59,4,2,2,0
116,61,8,4,4,260.8
116,63,46,26,20,1408.2
116,64,119,61,58,3367.4999999999995
116,65,19,11,8,651.1
116,72,11,5,6,338.8
116,73,58,34,24,1764.1999999999998
116,74,2,1,1,0
116,75,15,9,6,298.2
116,78,284,144,140,12072.3
116,79,24,15,9,1166.2
116,82,70,35,35,2783.2
116,83,585,306,279,22624.399999999998
116,84,7823,3970,3853,263588.2
116,85,111,59,52,4593
116,86,464,243,221,16395.9
116,87,117,59,58,4325.2
116,105,3337,1642,1695,136995.40000000002
116,106,1039,530,509,39961.8
116,107,5,3,2,0
116,109,25,11,14,926.3
116,110,18,11,7,726.4
116,113,3,2,1,0
116,114,190,104,86,8389.8
116,115,128,62,66,6130.1
116,116,276,148,128,11307.2
116,117,129,66,63,6114
116,118,28,12,16,1440.3
117,62,10,4,6,519
117,63,36,21,15,1046.9
117,64,39,27,12,1456.8
117,65,6,2,4,153
117,74,24,16,8,975.4
117,75,43,25,18,1465
117,76,90,40,50,3858.3999999999996
117,77,15,5,10,651
117,78,175,85,90,8138
117,82,61,30,31,2427.7
117,83,105,53,52,3868.8999999999996
117,84,3215,1597,1618,112656.5
117,85,390,211,179,12981.199999999999
117,86,7,3,4,242.9
117,87,65,32,33,2348.4
117,88,15,7,8,543
117,89,127,61,66,5012.9
117,96,2,1,1,0
117,104,206,104,102,9095.6
117,105,4,0,4,0
117,106,39,24,15,1442.2
117,107,44,27,17,2029.9
117,108,199,111,88,8758.4
117,109,5,3,2,0
117,110,92,54,38,4151
117,111,43,24,19,1340.5
117,112,90,55,35,3517.2
117,113,117,59,58,5396.9
117,114,9,3,6,108
117,115,117,59,58,4979.2
117,116,63,31,32,2838.2
117,117,118,55,63,5398.900000000001
117,118,2,2,0,0
118,62,21,12,9,868.5
118,63,17,12,5,325.8
118,65,34,19,15,1368
118,66,25,16,9,990.5999999999999
118,75,11,4,7,232.8
118,76,105,58,47,4735.000000000001
118,77,143,70,73,5639.799999999999
118,78,66,32,34,2473.8
118,82,5,3,2,0
118,83,11,6,5,465.2
118,84,136,75,61,4930.4
118,86,19,13,6,645
118,87,53,29,24,2226
118,88,19,12,7,557.6
118,89,142,65,77,7091.6
118,90,42,23,19,2157.2
118,93,1,0,1,0
118,94,365,167,198,15446
118,95,6,3,3,166
118,96,108,62,46,4948.799999999999
118,97,7,2,5,0
118,105,23,14,9,541.8
118,107,10,5,5,415
118,108,10,7,3,223.8
118,109,7,3,4,0
118,110,52,28,24,1775.1
118,111,2218,1113,1105,89180.1
118,113,580,289,291,20372.800000000003
118,114,157,78,79,5967.6
118,115,12,6,6,270
118,118,3,3,0,0
118,119,1,0,1,0
119,66,1,1,0,0
119,67,60,27,33,2468.8
119,75,1,1,0,0
119,79,44,23,21,2264.3
119,80,121,59,62,4663.200000000001
119,81,53,26,27,1679.9
119,82,101,53,48,4273.8
119,83,74,42,32,2558.3999999999996
119,84,19,9,10,588.2
119,85,8,5,3,392.8
119,89,5,2,3,0
119,91,1,1,0,0
119,93,16,7,9,610.5
119,94,80,44,36,3230.7999999999997
119,95,25,15,10,1159.3
119,96,5,2,3,105
119,97,47,25,22,1307.4
119,98,35,20,15,1194.2
119,99,75,32,43,2621.7
119,106,15,8,7,957
119,107,66,30,36,2583.8
119,110,12,6,6,502.8
119,111,87,43,44,4265.8
119,112,494,255,239,19785.8
119,113,2966,1484,1482,122153.90000000001
119,114,3,2,1,0
119,115,54,27,27,2321.3
119,117,4,2,2,0
119,118,17,5,12,563.4
119,119,1,1,0,0
119,120,25,13,12,1436.8
120,65,1,1,0,0
120,66,13,7,6,422.1
120,79,32,19,13,1207.3
120,80,197,87,110,9528.1
120,81,33,16,17,1452
120,83,149,75,74,5774.900000000001
120,84,23,9,14,926.1
120,85,11,5,6,0
120,89,5,3,2,0
120,90,3,2,1,0
120,93,68,35,33,3027.1
120,94,50,28,22,2449.1
120,95,408,197,211,17749.7
120,96,10,4,6,288.9
120,97,21,11,10,231
120,98,224,123,101,8179.299999999999
120,99,83,37,46,3289
120,100,9,6,3,135.8
120,106,18,8,10,714.6
120,107,60,33,27,2738
120,108,3,2,1,0
120,109,7,2,5,259.7
120,110,6,3,3,227
120,113,80,42,38,3005.3
120,114,131,68,63,5261.200000000001
120,115,15,7,8,293.4
120,116,38,20,18,1545.9
120,117,63,33,30,2477.3
120,118,92,41,51,3198.3
120,119,49,27,22,1658.3
120,120,1372,676,696,55921.200000000004
120,121,1067,539,528,42352.799999999996
120,122,21,11,10,518.4
120,123,24,13,11,1226.4
121,65,8,4,4,195
121,78,1,1,0,0
121,79,1,0,1,0
121,82,119,65,54,5107.2
121,83,29,12,17,1191.6
121,84,570,306,264,23293.000000000004
121,85,412,209,203,14501.2
121,86,20,11,9,718
121,88,9,4,5,271.8
121,90,3,2,1,0
121,91,1,1,0,0
121,94,51,29,22,2435.6
121,95,208,108,100,7089.200000000001
121,96,10,5,5,274
121,97,33,17,16,794.4
121,98,315,157,158,12799.8
121,99,76,37,39,2303.4
121,100,7,5,2,139.3
121,106,4,2,2,0
121,107,3,1,2,0
121,109,20,12,8,832
121,110,22,16,6,609.2
121,111,19,8,11,724.2
121,112,180,93,87,8706.2
121,113,41,17,24,1811.3999999999999
121,114,260,128,132,10671.3
121,115,11,5,6,161
121,116,544,286,258,20301.600000000002
121,117,224,118,106,8046.900000000001
121,118,112,60,52,4160.9
121,119,28,13,15,1157
121,120,307,153,154,11567.899999999998
121,121,244,116,128,9445
121,122,134,68,66,5780.099999999999
121,123,142,79,63,5638.299999999999
122,74,4,3,1,0
122,75,38,18,20,1717.8
122,76,151,72,79,6339.9
122,77,418,225,193,17730.9
122,78,389,203,186,16254.2
122,79,5,4,1,186
122,80,5,1,4,0
122,82,1,1,0,0
122,83,62,34,28,2210.7
122,84,146,76,70,5738.1
122,85,203,109,94,7755.2
122,86,147,90,57,4923.3
122,87,12,5,7,363
122,93,2,2,0,0
122,94,1,0,1,0
122,95,114,61,53,6015
122,96,13,6,7,446.4
122,97,5,3,2,0
122,98,62,27,35,2286.9
122,99,29,15,14,1328.4
122,100,165,79,86,7009
122,101,42,24,18,1853.8
122,108,6,2,4,0
122,109,9,4,5,368
122,111,2,1,1,0
122,112,82,47,35,3842.6
122,113,45,21,24,2049.8
122,114,192,102,90,6805.8
122,115,382,197,185,14094.7
122,116,33,16,17,1246.6
122,117,275,131,144,10407.2
122,118,42,20,22,1582.9
122,119,42,22,20,1739.7
122,120,600,288,312,23973.799999999996
122,121,119,58,61,4813.400000000001
123,70,1,1,0,0
123,74,18,12,6,620.4
123,76,20,10,10,578.6
123,77,64,30,34,2877.8
123,78,62,33,29,2239.9
123,79,402,209,193,17084.8
123,80,2679,1312,1367,108572
123,81,124,64,60,5378.7
123,82,2,2,0,0
123,83,1378,692,686,54846
123,84,5252,2554,2698,218471.30000000002
123,85,94,50,44,3579.7000000000003
123,86,11,7,4,452.1
123,88,82,49,33,3342.9
123,89,47,21,26,1973.4
123,90,2,1,1,0
123,93,1,1,0,0
123,96,6,5,1,0
123,98,10,5,5,380.1
123,99,7,4,3,490.7
123,100,32,15,17,1546.3999999999999
123,101,77,31,46,2994.7999999999997
123,102,30,16,14,1289.3
123,103,27,16,11,697.6
123,108,71,34,37,3116
123,109,9,4,5,0
123,113,44,22,22,2310
123,114,46,25,21,2442.5
123,115,2380,1180,1200,90723.40000000001
123,116,3755,1847,1908,145571.3
123,117,207,109,98,7359.3
123,118,27,15,12,647.4000000000001
123,119,2,1,1,0
123,120,16,6,10,576.8
123,122,22,12,10,879.7
124,72,12,6,6,369
124,74,18,9,9,393.8
124,76,14,9,5,313.5
124,77,8,5,3,299
124,78,16,9,7,536.9
124,80,52,28,24,2199.4
124,81,50,26,24,2245
124,82,31,20,11,795
124,83,175,83,92,6718.4
124,84,10,4,6,429
124,85,170,97,73,6012.200000000001
124,86,161,88,73,7009.2
124,87,55,26,29,1865.4
124,88,252,131,121,10496.199999999999
124,89,76,44,32,3670.9
124,90,7,2,5,0
124,98,6,3,3,268.8
124,99,9,3,6,370
124,100,36,19,17,1061.5
124,102,105,53,52,3512.1
124,103,23,15,8,867.8
124,107,16,11,5,626.5
124,108,95,45,50,4874.7
124,114,373,195,178,14817
124,115,452,238,214,16308.699999999999
124,116,154,79,75,4874.1
124,117,292,148,144,10760.199999999999
124,118,22,10,12,237
124,119,71,38,33,3083.3
124,120,46,23,23,2041.8
124,121,23,9,14,846
124,122,10,5,5,300.3
124,123,67,35,32,2521.2
124,124,40,22,18,1760.6
125,73,21,10,11,837
125,74,11,7,4,665.5
125,83,13,6,7,494
125,85,313,153,160,11831.4
125,86,560,290,270,21400.4
125,87,124,62,62,5650.1
125,89,4,2,2,0
125,90,3,1,2,0
125,92,2,2,0,0
125,100,17,6,11,608.2
125,102,508,268,240,20667.6
125,103,47,26,21,1860.6
125,104,99,49,50,3796.3
125,107,69,37,32,2731.9
125,108,36,21,15,1850.7
125,109,11,7,4,471
125,114,24,12,12,965.3
125,115,4,2,2,0
125,117,62,34,28,1981.6999999999998
125,119,55,29,26,2242.8
125,121,73,39,34,2917.2
125,122,292,142,150,11703.699999999999
125,123,11,4,7,0
125,124,3,1,2,0
125,125,125,67,58,5304.4
126,72,7,4,3,0
126,73,24,10,14,895.4
126,82,3,2,1,0
126,87,9,5,4,547.2
126,88,26,11,15,1000
126,91,40,15,25,1980.2
126,92,3,1,2,0
126,93,27,12,15,1012.2
126,100,10,6,4,421.2
126,101,5,3,2,0
126,103,6,3,3,0
126,108,17,6,11,938
126,109,20,8,12,483.2
126,110,1,0,1,0
126,112,11,6,5,262.2
126,113,71,36,35,3254.3999999999996
126,114,30,17,13,1521.6
126,115,11,6,5,400.8
126,117,18,10,8,422.1
126,121,1,1,0,0
126,123,310,151,159,13651.1
126,124,25,15,10,712
126,125,2,2,0,0
126,126,4,3,1,0
126,127,36,19,17,1572.4
127,87,2,1,1,0
127,91,88,40,48,4174.2
127,92,16,9,7,638.3
127,93,49,28,21,2014.6
127,94,55,27,28,2060
127,97,7,5,2,0
127,98,25,12,13,627.2
127,99,176,84,92,7670.000000000001
127,100,13,9,4,508
127,101,6,3,3,103.8
127,102,30,18,12,586.2
127,103,260,128,132,10782.7
127,104,12,7,5,271.8
127,106,1,0,1,0
127,109,386,194,192,15443.5
127,110,9,5,4,258
127,111,3,1,2,0
127,115,98,52,46,4413.4
127,116,26,16,10,943
127,117,22,13,9,1228
127,118,27,16,11,936.5
127,124,58,27,31,2376.5
127,125,265,133,132,12127.6
127,126,2,1,1,0
127,127,3,2,1,0