x,y,p,m,f,ta
0,6,4,2,2,0
0,7,29,14,15,1142.6
0,8,83,43,40,3286.8
0,9,42,18,24,1860.6
0,11,10,5,5,441
0,12,7,4,3,438.9
0,13,52,30,22,2272.4
0,14,27,12,15,1206.9
0,15,1,1,0,0
0,22,2,1,1,0
0,23,113,59,54,4395.7
0,27,7,5,2,420.7
0,33,919,466,453,33635.4
0,34,106,58,48,3572.2
0,39,34,18,16,1387.2
0,40,104,53,51,4076.8
0,41,5,3,2,194
1,5,10,5,5,572
1,11,6,4,2,231
1,12,88,39,49,3660.8
1,13,72,33,39,3304.8
1,19,21,13,8,888.3
1,23,21,11,10,1075.2
1,24,25,13,12,955
1,27,9,6,3,287.1
1,28,33,17,16,1316.7
1,30,4,4,0,0
1,33,429,222,207,14457.3
1,41,19,10,9,777.1
2,9,12,7,5,391.2
2,10,14,5,9,422.8
2,18,72,34,38,2750.4
2,19,46,25,21,1863
2,28,5,3,2,185
2,30,3,2,1,0
3,8,3,1,2,0
3,17,18,8,10,612
3,18,41,23,18,1779.4
3,20,13,6,7,419.9
3,22,3,2,1,0
3,34,35,21,14,1505
4,7,138,65,73,6499.8
4,8,53,26,27,2294.9
4,9,7,5,2,315.7
4,13,26,14,12,1068.6
4,14,9,5,4,405
4,17,12,7,5,642
4,18,1,1,0,0
4,20,1,0,1,0
4,22,67,39,28,2706.8
4,34,244,125,119,8418
5,0,7,5,2,371
5,1,14,5,9,684.6
5,6,9,4,5,353.7
5,7,36,19,17,2008.8
5,8,16,11,5,702.4
5,12,55,28,27,2260.5
5,13,134,73,61,5185.8
5,14,45,26,19,2025
5,17,4,3,1,0
5,18,11,5,6,817.3
5,20,22,12,10,1005.4
5,21,123,64,59,5067.6
5,22,24,10,14,1221.6
5,24,2,1,1,0
5,28,4,3,1,0
5,29,11,4,7,583
5,30,34,19,15,1414.4
5,31,43,21,22,1186.8
5,32,50,23,27,2395
5,33,65,32,33,2522
5,34,242,125,117,10478.6
6,0,16,7,9,552
6,1,38,20,18,1531.4
6,2,8,4,4,400
6,6,5,4,1,323
6,11,166,75,91,6540.4
6,12,166,83,83,6507.2
6,13,157,84,73,5385.1
6,14,25,14,11,935
6,16,6,3,3,265.2
6,18,33,14,19,1755.6
6,25,5,4,1,275
6,28,11,5,6,347.6
6,30,14,8,6,561.4
6,32,50,30,20,2030
6,33,42,24,18,1654.8
6,34,33,17,16,1425.6
6,35,308,160,148,12381.6
7,2,7,5,2,468.3
7,4,26,14,12,1084.2
7,5,2,1,1,0
7,8,4,1,3,0
7,9,185,94,91,7381.5
7,10,1280,632,648,52864
7,11,1009,503,506,38543.8
7,13,4,3,1,0
7,14,38,21,17,1516.2
7,15,22,11,11,963.6
7,16,56,35,21,2329.6
7,18,24,14,10,974.4
7,22,1,1,0,0
7,25,4,2,2,0
7,29,14,8,6,422.8
7,30,4,3,1,0
7,35,173,88,85,6383.7
7,36,7,3,4,350.7
7,38,26,14,12,1024.4
7,39,3,3,0,0
7,46,24,13,11,938.4
7,48,53,28,25,2215.4
7,49,109,53,56,4883.2
8,2,13,7,6,461.5
8,7,10,5,5,537
8,9,107,51,56,3894.8
8,10,1189,581,608,43636.3
8,11,530,276,254,20193
8,14,327,158,169,11379.6
8,15,282,147,135,11308.2
8,17,36,19,17,1749.6
8,18,2,1,1,0
8,26,1,1,0,0
8,30,6,3,3,262.8
8,31,41,21,20,1619.5
8,32,1,0,1,0
8,34,135,72,63,4765.5
8,35,876,454,422,33112.8
8,36,640,301,339,27520
8,38,160,87,73,5504
8,39,166,87,79,6606.8
8,40,12,8,4,565.2
8,46,175,78,97,6527.5
8,48,23,12,11,1044.2
9,5,4,2,2,0
9,6,6,3,3,247.2
9,10,959,476,483,34332.2
9,11,167,78,89,8016
9,14,505,270,235,20200
9,15,2,1,1,0
9,16,12,8,4,381.6
9,17,220,118,102,7524
9,27,3,2,1,0
9,31,22,12,10,913
9,32,102,53,49,4294.2
9,34,301,162,139,11137
9,35,136,61,75,6120
9,36,397,206,191,16356.4
9,37,1,1,0,0
9,46,60,33,27,2286
9,47,19,11,8,891.1
10,4,5,3,2,154
10,5,24,12,12,1008
10,8,2,1,1,0
10,9,38,25,13,1531.4
10,10,750,372,378,26400
10,14,492,254,238,18450
10,15,38,17,21,1542.8
10,16,627,323,304,25895.1
10,17,32,16,16,1443.2
10,26,42,22,20,2205
10,27,165,82,83,6897
10,31,1,1,0,0
10,32,161,81,80,5779.9
10,33,360,194,166,13284
10,34,54,25,29,2149.2
10,46,115,51,64,4818.5
10,47,400,196,204,15160
11,4,23,11,12,846.4
11,5,10,5,5,383
11,10,52,25,27,2173.6
11,14,238,106,132,8972.6
11,15,433,216,217,18489.1
11,16,1668,812,856,70389.6
11,17,106,51,55,3975
11,26,36,18,18,1504.8
11,27,197,100,97,7860.3
11,28,32,18,14,1622.4
11,32,28,11,17,1072.4
11,33,157,74,83,5526.4
11,34,2,1,1,0
11,46,11,7,4,563.2
11,47,134,68,66,4743.6
11,48,8,4,4,374.4
11,49,42,19,23,1558.2
11,50,418,226,192,14880.8
11,54,35,16,19,1333.5
11,55,3,2,1,0
12,2,7,6,1,336
12,4,42,20,22,1965.6
12,10,14,9,5,512.4
12,13,16,9,7,644.8
12,14,69,35,34,2877.3
12,15,1032,536,496,33127.2
12,16,981,481,500,39141.9
12,25,8,5,3,488.8
12,26,20,13,7,916
12,32,6,4,2,367.8
12,33,1,0,1,0
12,49,65,35,30,2834
12,50,252,114,138,9702
12,51,11,6,5,360.8
12,54,76,43,33,2287.6
12,55,255,136,119,8823
12,56,61,33,28,2793.8
13,0,10,5,5,372
13,1,29,16,13,1128.1
13,12,12,6,6,381.6
13,13,19,10,9,737.2
13,14,35,14,21,1281
13,15,55,34,21,1435.5
13,16,63,32,31,2179.8
13,17,2,1,1,0
13,24,10,6,4,403
13,25,42,23,19,1843.8
13,29,86,38,48,4635.4
13,44,92,49,43,3450
13,50,35,17,18,1942.5
13,54,46,25,21,1955
13,55,75,36,39,3120
13,56,64,31,33,2624
14,1,22,12,10,1016.4
14,3,4,3,1,0
14,10,3,1,2,0
14,12,13,7,6,796.9
14,13,105,56,49,4000.5
14,14,28,13,15,1162
14,24,8,4,4,427.2
14,28,15,9,6,550.5
14,29,85,45,40,3910
14,37,16,8,8,766.4
14,44,630,310,320,24318
14,45,1152,570,582,47692.8
14,46,212,115,97,8946.4
14,49,447,222,225,15600.3
14,50,104,54,50,3848
14,55,52,32,20,1856.4
14,56,155,73,82,7006
14,57,22,12,10,541.2
14,58,17,7,10,734.4
15,3,2,1,1,0
15,10,43,25,18,1887.7
15,11,85,46,39,4003.5
15,12,76,42,34,3199.6
15,13,57,29,28,1732.8
15,14,27,13,14,788.4
15,37,19,10,9,839.8
15,38,1,1,0,0
15,44,530,262,268,18762
15,45,961,517,444,37575.1
15,46,419,203,216,17514.2
15,48,241,123,118,7977.1
15,49,963,469,494,39097.8
15,50,423,211,212,15397.2
15,52,81,41,40,3369.6
15,56,83,49,34,2855.2
15,58,165,86,79,7062
16,0,12,6,6,614.4
16,8,3,2,1,0
16,9,58,28,30,2894.2
16,10,3,2,1,0
16,11,55,27,28,1776.5
16,13,5,2,3,280
16,14,49,26,23,2126.6
16,15,20,7,13,498
16,18,2,1,1,0
16,37,11,6,5,544.5
16,42,76,38,38,2690.4
16,44,909,464,445,31996.8
16,45,1027,566,461,44263.7
16,46,1320,725,595,51348
16,48,18,7,11,412.2
16,49,343,179,164,13068.3
16,50,871,439,432,27436.5
16,51,557,280,277,19662.1
16,52,15,10,5,646.5
16,53,43,24,19,1879.1
16,54,5,3,2,281
16,55,47,24,23,1786
16,56,51,27,24,2366.4
16,57,72,40,32,3096
16,58,496,255,241,18699.2
16,59,67,29,38,1768.8
17,0,13,9,4,635.7
17,1,2,1,1,0
17,2,1,1,0,0
17,8,45,25,20,1737
17,9,30,18,12,1332
17,14,24,17,7,984
17,15,34,21,13,1431.4
17,16,11,8,3,480.7
17,17,11,5,6,328.9
17,30,2,0,2,0
17,31,28,14,14,1226.4
17,41,503,268,235,18661.3
17,42,197,99,98,8136.1
17,44,340,184,156,12852
17,45,1593,895,698,61330.5
17,46,1526,842,684,59056.2
17,58,160,86,74,6048
18,1,3,2,1,0
18,2,8,6,2,220
18,3,1,1,0,0
18,8,24,15,9,1267.2
18,16,9,5,4,480.6
18,17,30,19,11,1413
18,18,7,2,5,160.3
18,32,2,1,1,0
18,37,2,1,1,0
18,41,610,312,298,21472
18,42,1119,550,569,49795.5
18,45,1897,939,958,84606.2
18,46,304,143,161,10822.4
18,47,6,1,5,115.8
19,7,40,22,18,1360
19,8,8,3,5,232
19,9,1,1,0,0
19,17,7,3,4,119
19,18,22,12,10,932.8
19,37,5,2,3,170
19,41,196,105,91,7291.2
19,42,1076,539,537,39812
19,43,112,57,55,4054.4
19,45,1201,575,626,53204.3
19,46,10,6,4,254
19,47,105,53,52,3412.5
19,48,435,221,214,14572.5
19,61,15,8,7,865.5
20,8,3,1,2,0
20,9,15,8,7,481.5
20,10,11,4,7,467.5
20,18,2,2,0,0
20,20,2,1,1,0
20,30,1,1,0,0
20,31,14,8,6,772.8
20,32,108,56,52,4806
20,37,19,11,8,898.7
20,38,46,24,22,1798.6
20,41,207,108,99,8838.9
20,42,559,284,275,19788.6
20,44,40,17,23,2156
20,45,1238,625,613,49643.8
20,48,254,120,134,7823.2
20,51,10,5,5,531
20,60,7,3,4,431.2
20,63,7,2,5,445.2
20,66,2,1,1,0
21,9,6,4,2,226.2
21,10,35,14,21,1151.5
21,30,5,3,2,96
21,31,28,17,11,1223.6
21,32,84,44,40,3696
21,37,12,7,5,523.2
21,38,187,103,84,5853.1
21,39,151,85,66,6009.8
21,41,217,116,101,8962.1
21,43,294,129,165,12318.6
21,44,621,328,293,22356
21,45,1503,740,763,62675.1
21,46,56,32,24,1708
21,48,35,20,15,1410.5
21,49,30,12,18,825
21,60,98,59,39,5007.8
21,61,59,29,30,2985.4
21,62,16,6,10,566.4
21,63,13,6,7,708.5
21,66,27,14,13,1212.3
21,68,9,4,5,322.2
22,9,5,3,2,288
22,10,35,20,15,1477
22,11,9,6,3,532.8
22,19,1,1,0,0
22,39,261,137,124,9604.8
22,40,756,400,356,26460
22,41,569,309,260,21792.7
22,42,29,14,15,1226.7
22,43,779,360,419,34977.1
22,44,1266,653,613,42917.4
22,45,361,192,169,12996
22,47,143,71,72,5562.7
22,48,12,6,6,412.8
22,49,69,33,36,2670.3
22,55,4,1,3,0
22,60,6,5,1,283.2
22,61,83,43,40,4033.8
22,62,8,6,2,447.2
22,65,35,21,14,1820
22,68,19,8,11,834.1
23,11,15,10,5,583.5
23,12,27,16,11,936.9
23,39,413,194,219,13298.6
23,40,107,52,55,3809.2
23,41,109,60,49,3847.7
23,42,27,8,19,1166.4
23,43,957,478,479,36461.7
23,44,753,400,353,26882.1
23,47,70,42,28,2905
23,49,2,2,0,0
23,51,32,17,15,1526.4
23,52,8,5,3,360
23,54,245,143,102,7448
23,55,1,0,1,0
23,64,21,13,8,1012.2
23,65,12,6,6,645.6
24,11,5,4,1,270
24,12,29,15,14,1180.3
24,13,5,3,2,87
24,38,233,120,113,8574.4
24,39,390,196,194,12636
24,40,205,108,97,7400.5
24,41,69,37,32,2470.2
24,42,2,1,1,0
24,43,431,228,203,16852.1
24,44,1450,735,715,53650
24,45,2,1,1,0
24,46,2,1,1,0
24,47,225,116,109,8865
24,49,6,3,3,225
24,51,73,38,35,3343.4
24,52,6,3,3,366
24,53,396,204,192,15483.6
24,54,182,87,95,7079.8
24,55,83,47,36,3502.6
24,56,24,15,9,1089.6
24,57,17,9,8,1021.7
24,62,22,12,10,987.8
24,63,11,4,7,444.4
24,64,55,26,29,2167
24,65,17,9,8,586.5
24,66,5,3,2,198
24,68,24,14,10,1233.6
24,69,20,12,8,908
25,12,21,11,10,982.8
25,13,11,6,5,423.5
25,30,1,0,1,0
25,31,2,2,0,0
25,32,1,1,0,0
25,38,228,113,115,8641.2
25,39,261,138,123,9578.7
25,40,72,38,34,2268
25,41,77,36,41,2833.6
25,43,791,395,396,31877.3
25,44,1513,755,758,60973.9
25,47,56,27,29,2268
25,48,8,5,3,327.2
25,49,60,32,28,2604
25,51,15,7,8,703.5
25,52,18,11,7,1170
25,53,82,43,39,3608
25,57,9,5,4,342
25,58,42,22,20,1936.2
25,62,6,3,3,241.8
25,63,262,134,128,12235.4
25,64,67,38,29,2720.2
25,66,31,18,13,1150.1
25,67,116,60,56,4326.8
25,68,138,74,64,5892.6
26,12,9,5,4,383.4
26,13,57,27,30,2844.3
26,14,6,2,4,229.2
26,28,4,1,3,0
26,29,5,1,4,84
26,38,35,14,21,1428
26,39,108,65,43,4071.6
26,40,1049,526,523,36295.4
26,41,257,134,123,8609.5
26,42,597,284,313,19581.6
26,43,1048,516,532,43177.6
26,44,822,395,427,34852.8
26,45,7,3,4,125.3
26,47,105,55,50,4725
26,48,2,1,1,0
26,51,25,15,10,1245
26,58,52,28,24,2147.6
26,59,3,2,1,0
26,65,10,6,4,475
26,66,76,40,36,3701.2
26,67,11,5,6,421.3
27,13,15,7,8,508.5
27,14,36,19,17,1062
27,20,19,12,7,879.7
27,21,6,3,3,343.8
27,23,4,2,2,0
27,24,3,1,2,0
27,25,1,1,0,0
27,27,2,1,1,0
27,39,86,40,46,2881
27,40,1088,564,524,40364.8
27,41,1210,594,616,46464
27,42,1168,576,592,40412.8
27,43,1815,855,960,82038
27,44,1230,587,643,57564
27,47,178,97,81,5660.4
27,51,114,62,52,4525.8
27,59,81,43,38,3790.8
27,65,5,3,2,343
28,13,13,6,7,669.5
28,14,25,14,11,1192.5
28,31,16,6,10,608
28,32,19,9,10,910.1
28,33,2,1,1,0
28,34,58,27,31,2441.8
28,38,48,25,23,1473.6
28,39,842,422,420,25765.2
28,40,588,300,288,21932.4
28,41,210,106,104,8148
28,43,979,518,461,36418.8
28,44,576,291,285,21888
28,45,585,309,276,18310.5
28,47,102,51,51,3661.8
28,51,34,14,20,1383.8
28,58,20,10,10,884
28,59,125,63,62,4812.5
28,60,7,5,2,252.7
28,65,25,11,14,965
28,66,11,4,7,500.5
29,0,8,3,5,318.4
29,14,175,83,92,9205
29,15,4,2,2,0
29,32,55,30,25,2282.5
29,33,201,101,100,7617.9
29,34,12,6,6,692.4
29,38,2,1,1,0
29,39,1177,620,557,42018.9
29,40,79,38,41,2883.5
29,43,14,12,2,505.4
29,44,177,93,84,6637.5
29,45,11,7,4,398.2
29,46,1,0,1,0
29,47,225,116,109,8887.5
29,51,57,24,33,2490.9
29,58,3,1,2,0
29,59,79,38,41,3436.5
29,65,14,9,5,554.4
29,66,19,8,11,1096.3
30,0,1,1,0,0
30,1,9,4,5,395.1
30,14,6,3,3,199.2
30,15,55,29,26,2398
30,21,1,1,0,0
30,33,1,0,1,0
30,34,15,7,8,708
30,35,51,22,29,1958.4
30,39,355,189,166,14910
30,40,59,33,26,2442.6
30,43,5,4,1,311
30,44,27,16,11,839.7
30,45,5,2,3,337
30,46,10,6,4,257
30,47,124,71,53,4538.4
30,48,5,3,2,315
30,51,28,17,11,1288
30,58,41,24,17,1279.2
30,59,12,6,6,676.8
30,69,1,1,0,0
30,70,7,4,3,497.7
31,1,6,3,3,283.8
31,2,3,1,2,0
31,4,7,3,4,256.9
31,18,1,0,1,0
31,19,2,2,0,0
31,20,5,3,2,200
31,34,74,37,37,2767.6
31,35,49,28,21,1822.8
31,39,702,372,330,23657.4
31,40,130,71,59,5772
31,44,35,24,11,1211
31,46,10,6,4,309
31,47,43,30,13,1221.2
31,48,239,124,115,7767.5
31,50,50,26,24,1435
31,51,21,12,9,1144.5
31,58,9,4,5,397.8
31,59,25,14,11,1402.5
31,68,4,3,1,0
31,69,24,13,11,1353.6
31,70,24,10,14,1536
32,2,28,12,16,1590.4
32,4,2,1,1,0
32,11,2,1,1,0
32,13,9,5,4,568.8
32,35,31,14,17,1295.8
32,39,318,155,163,10176
32,40,47,25,22,2011.6
32,44,24,12,12,1092
32,46,9,8,1,347.4
32,48,20,11,9,808
32,50,38,15,23,1694.8
32,57,35,18,17,1305.5
32,59,48,20,28,1833.6
32,68,18,9,9,887.4
32,70,7,3,4,303.8
33,4,9,4,5,527.4
33,35,37,15,22,1443
33,39,73,40,33,2803.2
33,44,2,1,1,0
33,45,46,26,20,1490.4
33,46,3,1,2,0
33,47,21,11,10,846.3
33,48,11,7,4,476.3
33,50,27,13,14,1053
33,53,11,5,6,357.5
33,55,120,63,57,4944
33,56,494,263,231,18574.4
33,57,764,392,372,31629.6
33,58,605,300,305,28556
33,59,407,217,190,11721.6
33,68,2,1,1,0
33,69,3,2,1,0
33,70,38,20,18,2238.2
34,3,7,3,4,261.8
34,14,50,24,26,2565
34,39,23,12,11,1016.6
34,44,9,5,4,315.9
34,45,29,17,12,1133.9
34,47,10,6,4,393
34,50,13,7,6,549.9
34,51,37,16,21,1687.2
34,52,25,14,11,1280
34,53,4,3,1,0
34,54,23,13,10,1159.2
34,56,4,2,2,0
34,57,67,37,30,2994.9
34,58,3,2,1,0
34,59,29,18,11,1493.5
34,68,1,0,1,0
34,69,2,1,1,0
34,70,2,1,1,0
34,76,66,40,26,2857.8
35,5,2,1,1,0
35,6,11,7,4,706.2
35,13,3,3,0,0
35,31,14,6,8,491.4
35,32,110,63,47,4675
35,33,401,197,204,15077.6
35,34,218,119,99,8654.6
35,39,18,10,8,529.2
35,44,30,16,14,1188
35,45,7,4,3,296.1
35,46,55,29,26,1875.5
35,47,14,7,7,568.4
35,48,13,8,5,647.4
35,51,19,8,11,699.2
35,58,124,64,60,4749.2
35,59,9,4,5,492.3
35,72,93,44,49,4510.5
35,73,36,19,17,1616.4
35,74,55,28,27,1853.5
35,75,4,2,2,0
35,76,26,13,13,962
35,77,41,23,18,1615.4
36,6,1,1,0,0
36,13,1,0,1,0
36,27,6,3,3,250.2
36,28,51,26,25,2208.3
36,29,38,20,18,1512.4
36,30,37,23,14,2083.1
36,31,46,25,21,1692.8
36,32,55,29,26,2436.5
36,33,73,38,35,2701
36,34,58,27,31,2163.4
36,36,328,161,167,13808.8
36,44,32,18,14,1184
36,45,20,10,10,610
36,46,23,13,10,991.3
36,51,68,33,35,2339.2
36,72,99,52,47,4029.3
36,73,6,3,3,256.8
36,75,30,15,15,1083
36,76,2,2,0,0
36,77,17,9,8,783.7
37,26,7,4,3,207.9
37,27,283,152,131,11970.9
37,28,243,127,116,9379.8
37,29,41,25,16,2037.7
37,30,34,17,17,1441.6
37,31,78,32,46,2776.8
37,32,761,385,376,29679
37,33,604,296,308,25126.4
37,34,561,255,306,29172
37,35,464,233,231,17910.4
37,36,4,1,3,0
37,44,2,1,1,0
37,48,13,6,7,663
37,51,25,12,13,1107.5
37,73,1,0,1,0
37,74,2,1,1,0
37,75,17,9,8,574.6
37,76,72,38,34,3067.2
37,77,139,68,71,6672
37,78,353,183,170,15073.1
38,11,34,16,18,1635.4
38,22,2,1,1,0
38,23,44,21,23,1936
38,24,60,33,27,2688
38,32,207,103,104,7431.3
38,33,223,113,110,8094.9
38,34,588,286,302,21050.4
38,35,494,240,254,18129.8
38,40,5,3,2,309
38,41,4,2,2,0
38,45,9,3,6,385.2
38,46,16,9,7,494.4
38,49,1,0,1,0
38,51,32,17,15,1625.6
38,59,7,3,4,189.7
38,79,12,6,6,278.4
39,10,10,5,5,409
39,22,47,26,21,1823.6
39,33,6,3,3,373.2
39,34,113,61,52,4339.2
39,35,39,22,17,1524.9
39,41,28,16,12,1428
39,42,2,1,1,0
39,45,9,4,5,401.4
39,46,2,1,1,0
39,48,26,14,12,858
39,49,2,1,1,0
39,50,551,274,277,17466.7
39,51,186,91,95,7328.4
39,55,3,1,2,0
39,56,4,2,2,0
39,59,3,1,2,0
39,62,7,4,3,300.3
39,63,1,1,0,0
39,79,113,63,50,4418.3
39,80,11,6,5,557.7
40,10,8,6,2,387.2
40,22,122,61,61,4721.4
40,33,28,17,11,985.6
40,34,75,39,36,3315
40,35,6,4,2,184.2
40,41,48,28,20,1824
40,42,75,38,37,3060
40,45,3,1,2,0
40,48,45,22,23,1521
40,49,43,22,21,1801.7
40,50,349,180,169,11691.5
40,51,232,125,107,9419.2
40,55,4,1,3,0
40,56,3,1,2,0
40,59,1,0,1,0
40,62,8,7,1,376.8
40,63,17,9,8,776.9
41,1,10,3,7,320
41,21,2,1,1,0
41,22,45,25,20,1908
41,23,20,11,9,834
41,34,53,26,27,1717.2
41,35,12,6,6,608.4
41,41,5,3,2,279
41,43,10,5,5,206
41,44,29,19,10,1577.6
41,45,10,5,5,449
41,46,24,14,10,996
41,48,327,163,164,9744.6
41,49,32,15,17,1264
41,50,15,6,9,448.5
41,51,73,38,35,2920
41,52,296,139,157,13083.2
41,53,4,2,2,0
41,54,6,3,3,144
41,63,24,11,13,1080
41,64,33,21,12,1366.2
42,0,18,10,8,696.6
42,1,10,6,4,396
42,23,90,45,45,3690
42,41,45,24,21,1831.5
42,42,7,5,2,244.3
42,43,140,65,75,5362
42,46,173,80,93,5830.1
42,48,18,8,10,684
42,49,7,3,4,324.1
42,51,12,6,6,512.4
42,52,376,191,185,15228
42,53,10,8,2,386
42,54,15,8,7,565.5
42,55,2,1,1,0
42,57,2,1,1,0
42,58,2,1,1,0
42,60,1,0,1,0
42,63,46,26,20,1913.6
42,64,38,17,21,1208.4
42,86,18,10,8,1164.6
43,23,8,6,2,456.8
43,24,14,5,9,443.8
43,42,55,29,26,1853.5
43,43,393,202,191,13086.9
43,46,198,101,97,6435
43,48,7,4,3,487.9
43,49,36,19,17,1519.2
43,50,13,8,5,595.4
43,51,5,4,1,277
43,52,70,33,37,2464
43,56,45,20,25,1759.5
43,57,74,38,36,2486.4
43,58,2,1,1,0
43,63,45,23,22,1705.5
43,81,19,10,9,1172.3
44,24,14,10,4,597.8
44,36,14,7,7,534.8
44,37,5,1,4,178
44,43,30,18,12,981
44,44,5,4,1,223
44,45,189,99,90,6974.1
44,46,639,301,338,28052.1
44,48,8,4,4,200.8
44,49,63,35,28,2872.8
44,50,32,17,15,1232
44,52,4,3,1,0
44,58,3,3,0,0
44,59,6,3,3,142.2
44,64,21,12,9,707.7
44,65,29,13,16,907.7
44,66,34,19,15,1417.8
44,67,22,16,6,972.4
44,80,1,1,0,0
44,81,18,8,10,1038.6
45,37,12,6,6,498
45,42,31,15,16,1267.9
45,43,9,3,6,189
45,44,9,7,2,417.6
45,45,655,324,331,22925
45,46,87,50,37,3149.4
45,49,48,29,19,1670.4
45,50,12,8,4,578.4
45,56,32,14,18,1558.4
45,57,24,12,12,1140
45,58,14,7,7,754.6
45,59,29,15,14,1336.9
45,63,33,16,17,1445.4
45,64,64,30,34,2515.2
45,67,10,5,5,406
45,69,2,2,0,0
46,37,42,21,21,1810.2
46,43,6,3,3,250.8
46,44,16,8,8,657.6
46,45,525,257,268,18952.5
46,47,32,17,15,1484.8
46,48,8,2,6,291.2
46,49,39,20,19,1294.8
46,64,254,116,138,12039.6
46,65,271,129,142,11002.6
46,66,44,24,20,1324.4
46,69,12,8,4,622.8
46,77,1,1,0,0
47,37,12,5,7,505.2
47,42,43,24,19,1466.3
47,44,16,6,10,590.4
47,45,3,1,2,0
47,47,23,13,10,1060.3
47,48,4,3,1,0
47,49,2,1,1,0
47,52,26,14,12,998.4
47,66,42,24,18,1663.2
47,67,79,40,39,2970.4
47,68,59,32,27,1445.5
47,76,2,1,1,0
47,77,8,2,6,266.4
48,34,23,14,9,1012
48,35,54,33,21,2073.6
48,36,39,22,17,1794
48,37,17,9,8,593.3
48,42,49,24,25,2121.7
48,47,3,2,1,0
48,49,7,6,1,345.1
48,52,6,5,1,277.8
48,61,19,13,6,708.7
48,64,7,4,3,401.8
48,67,118,62,56,4165.4
48,68,22,10,12,1045
48,71,15,9,6,595.5
49,18,11,5,6,511.5
49,21,1,1,0,0
49,36,2,2,0,0
49,40,6,4,2,310.8
49,42,160,78,82,5584
49,61,20,10,10,952
49,64,14,9,5,666.4
49,68,42,19,23,2011.8
49,69,85,43,42,3425.5
49,70,50,24,26,2335
49,71,36,21,15,1616.4
50,1,3,2,1,0
50,18,53,29,24,1653.6
50,19,27,13,14,1304.1
50,21,2,1,1,0
50,40,7,3,4,392.7
50,41,45,29,16,1908
50,42,483,261,222,19223.4
50,43,76,43,33,3100.8
50,44,20,10,10,890
50,61,53,33,20,2374.4
50,62,5,4,1,183
50,67,2,1,1,0
50,68,118,58,60,4979.6
50,69,20,8,12,674
50,70,28,19,9,879.2
51,1,5,3,2,266
51,13,10,6,4,423
51,14,2,1,1,0
51,15,2,1,1,0
51,16,44,23,21,1812.8
51,17,48,26,22,1785.6
51,18,61,30,31,2799.9
51,19,7,3,4,373.1
51,20,24,12,12,1164
51,28,2,1,1,0
51,40,67,35,32,3323.2
51,41,38,19,19,1056.4
51,42,413,201,212,18874.1
51,43,175,89,86,6860
51,44,15,9,6,760.5
51,45,3,2,1,0
51,61,40,21,19,2056
51,65,75,38,37,2715
51,67,2,0,2,0
51,69,12,5,7,399.6
52,8,2,1,1,0
52,9,1,1,0,0
52,11,6,2,4,249
52,12,3,1,2,0
52,13,30,19,11,1341
52,14,5,2,3,203
52,15,20,9,11,896
52,16,24,8,16,1000.8
52,20,25,13,12,1510
52,21,56,28,28,2346.4
52,22,219,108,111,8519.1
52,28,8,5,3,214.4
52,40,114,61,53,4423.2
52,41,24,11,13,1084.8
52,42,166,86,80,6374.4
52,43,7,3,4,182
52,61,11,7,4,507.1
52,65,29,16,13,1244.1
52,70,4,2,2,0
53,21,5,3,2,260
53,22,691,356,335,27018.1
53,23,323,172,151,12338.6
53,39,38,21,17,1508.6
53,40,35,18,17,1452.5
53,41,18,9,9,448.2
53,42,69,30,39,2628.9
53,56,40,20,20,1532
53,57,10,7,3,416
53,60,16,9,7,668.8
53,65,5,3,2,349
53,70,7,3,4,263.2
53,83,20,9,11,1010
54,21,130,65,65,4784
54,22,614,285,329,27875.6
54,23,158,78,80,6746.6
54,38,25,15,10,1185
54,39,33,20,13,1102.2
54,56,21,11,10,693
54,57,206,108,98,8240
54,58,20,9,11,1080
54,65,28,15,13,1005.2
54,78,9,4,5,352.8
54,79,7,3,4,205.1
54,82,13,6,7,613.6
55,19,4,2,2,0
55,20,130,68,62,6084
55,21,245,133,112,10094
55,22,398,201,197,16716
55,23,90,44,46,3708
55,38,9,6,3,568.8
55,39,76,46,30,3404.8
55,56,29,15,14,1403.6
55,57,18,9,9,835.2
55,65,22,12,10,1067
55,70,26,13,13,1297.4
55,71,2,1,1,0
55,78,65,34,31,2476.5
55,79,197,97,100,8274
55,81,31,16,15,1522.1
56,19,60,34,26,3042
56,20,5,3,2,169
56,34,31,16,15,1081.9
56,35,32,15,17,1318.4
56,38,3,1,2,0
56,39,40,20,20,1824
56,46,4,2,2,0
56,52,13,7,6,698.1
56,55,31,16,15,1159.4
56,56,10,5,5,489
56,65,3,2,1,0
56,70,20,10,10,840
56,71,4,2,2,0
56,77,17,10,7,821.1
56,78,56,29,27,2424.8
56,79,75,35,40,3135
56,80,65,35,30,1982.5
56,81,4,2,2,0
57,17,7,5,2,308
57,30,31,17,14,1388.8
57,34,9,6,3,388.8
57,35,30,16,14,1110
57,38,4,2,2,0
57,52,84,49,35,3343.2
57,53,99,77,22,4158
57,55,7,3,4,245
57,65,5,3,2,318
57,66,8,5,3,312.8
57,70,3,1,2,0
57,75,2,1,1,0
57,76,24,10,14,1068
57,77,5,3,2,118
57,78,20,10,10,1040
57,79,5,4,1,133
57,80,2,2,0,0
57,81,10,7,3,361
57,82,38,21,17,1516.2
58,29,3,0,3,0
58,30,497,243,254,19383
58,52,137,78,59,6315.7
58,53,137,70,67,5617
58,54,277,154,123,10775.3
58,55,290,154,136,11745
58,56,113,61,52,4011.5
58,58,39,22,17,1392.3
58,59,109,50,59,3509.8
58,60,34,16,18,1581
58,66,30,16,14,1518
58,74,2,1,1,0
58,75,42,22,20,1848
58,76,12,9,3,414
58,77,29,15,14,1302.1
58,78,5,3,2,372
58,79,18,10,8,606.6
58,80,19,12,7,851.2
58,81,28,13,15,1016.4
59,30,130,61,69,6942
59,31,7,3,4,275.1
59,37,1,1,0,0
59,48,2,1,1,0
59,55,52,29,23,1830.4
59,56,181,94,87,7312.4
59,57,18,11,7,730.8
59,58,20,9,11,540
59,59,59,29,30,2206.6
59,60,17,9,8,654.5
59,66,13,9,4,314.6
59,71,2,1,1,0
59,74,81,40,41,3223.8
59,75,14,8,6,576.8
59,76,119,60,59,4343.5
59,77,178,78,100,9131.4
59,78,337,165,172,12704.9
59,79,110,49,61,3949
59,80,70,37,33,2849
59,81,87,42,45,4080.3
59,82,11,6,5,434.5
60,22,34,14,20,1666
60,30,124,58,66,4687.2
60,56,3,2,1,0
60,57,27,16,11,1301.4
60,58,9,5,4,531
60,60,4,3,1,0
60,67,7,4,3,340.9
60,68,14,6,8,575.4
60,69,2,1,1,0
60,74,21,12,9,913.5
60,75,221,114,107,7204.6
60,76,155,76,79,7269.5
60,77,2,1,1,0
60,78,37,19,18,1239.5
60,79,86,46,40,4403.2
60,80,10,6,4,463
60,81,9,5,4,591.3
60,82,41,25,16,2066.4
61,21,47,23,24,2119.7
61,22,66,34,32,3003
61,23,6,3,3,316.8
61,24,7,2,5,249.2
61,29,20,13,7,768
61,30,13,6,7,431.6
61,50,2,1,1,0
61,56,15,7,8,649.5
61,57,28,13,15,994
61,60,15,6,9,646.5
61,78,47,28,19,1630.9
61,79,19,10,9,541.5
61,80,22,14,8,862.4
61,81,9,5,4,262.8
61,82,15,7,8,718.5
61,88,92,37,55,4903.6
61,89,276,138,138,11067.6
62,21,54,27,27,2273.4
62,28,9,3,6,450.9
62,29,9,3,6,387
62,55,10,6,4,349
62,56,39,17,22,1571.7
62,57,20,11,9,700
62,60,4,2,2,0
62,79,51,23,28,1810.5
62,80,35,19,16,1893.5
62,81,10,3,7,600
62,88,231,111,120,9748.2
62,89,189,90,99,7352.1
63,9,9,5,4,547.2
63,10,10,7,3,358
63,12,3,0,3,0
63,20,2,1,1,0
63,21,4,2,2,0
63,25,10,5,5,361
63,27,8,3,5,368.8
63,28,25,13,12,1055
63,56,26,9,17,980.2
63,57,10,4,6,497
63,58,4,3,1,0
63,69,24,13,11,1281.6
63,70,6,2,4,232.2
63,71,115,57,58,4531
63,73,216,110,106,6307.2
63,74,313,162,151,10078.6
63,75,9,4,5,475.2
63,76,11,4,7,396
63,87,27,14,13,1387.8
63,88,43,21,22,1947.9
63,90,33,18,15,1465.2
63,91,6,3,3,184.8
64,0,7,4,3,389.9
64,1,1,0,1,0
64,6,5,4,1,254
64,7,21,11,10,588
64,8,28,17,11,1450.4
64,9,4,3,1,0
64,10,9,3,6,335.7
64,11,13,7,6,608.4
64,12,9,5,4,240.3
64,13,28,14,14,1198.4
64,15,2,1,1,0
64,28,8,5,3,463.2
64,54,1,0,1,0
64,55,6,3,3,304.8
64,56,3,1,2,0
64,57,46,25,21,1651.4
64,58,4,2,2,0
64,68,20,10,10,726
64,69,18,11,7,799.2
64,71,41,24,17,1353
64,72,38,20,18,2124.2
64,73,112,50,62,4188.8
64,74,160,81,79,4560
64,75,178,93,85,4895
64,76,49,25,24,1572.9
64,77,5,2,3,67
64,85,25,12,13,767.5
64,86,36,23,13,1623.6
64,87,94,48,46,3910.4
64,88,44,22,22,2028.4
64,89,13,6,7,396.5
64,90,121,68,53,4803.7
64,91,33,18,15,1448.7
65,13,10,6,4,463
65,14,30,16,14,1761
65,15,30,14,16,1386
65,28,2,1,1,0
65,50,14,9,5,785.4
65,55,3,1,2,0
65,57,358,193,165,12386.8
65,58,2,1,1,0
65,68,11,4,7,726
65,69,3,2,1,0
65,74,8,4,4,235.2
65,75,158,84,74,5909.2
65,80,54,28,26,1927.8
65,81,4,2,2,0
65,83,5,2,3,180
65,84,28,12,16,1136.8
65,85,78,40,38,2737.8
65,86,28,13,15,1290.8
65,87,25,14,11,1142.5
65,88,5,3,2,202
65,89,17,10,7,770.1
65,90,7,4,3,429.1
65,91,54,26,28,2629.8
66,14,6,3,3,205.8
66,15,109,56,53,4861.4
66,16,1,1,0,0
66,29,5,3,2,173
66,42,22,13,9,974.6
66,43,48,21,27,2241.6
66,45,47,24,23,1612.1
66,50,3,2,1,0
66,51,35,18,17,1354.5
66,54,3,2,1,0
66,55,650,315,335,24245
66,56,277,131,146,15068.8
66,57,349,181,168,13890.2
66,58,213,106,107,7625.4
66,59,10,4,6,414
66,68,188,91,97,7125.2
66,73,9,6,3,307.8
66,74,8,5,3,266.4
66,75,22,13,9,778.8
66,78,22,12,10,583
66,79,20,10,10,590
66,80,12,3,9,417.6
66,81,115,57,58,4347
66,82,21,9,12,879.9
66,83,43,22,21,1930.7
66,84,47,23,24,1673.2
66,85,7,4,3,338.1
66,90,2,1,1,0
66,91,6,3,3,177
66,92,4,3,1,0
67,14,3,2,1,0
67,29,1,0,1,0
67,42,41,21,20,1881.9
67,43,28,15,13,1033.2
67,44,60,31,29,2610
67,45,151,74,77,7051.7
67,46,25,13,12,1430
67,47,39,18,21,1306.5
67,48,14,8,6,838.6
67,49,20,10,10,894
67,50,29,15,14,1168.7
67,51,161,92,69,6729.8
67,52,31,17,14,1376.4
67,53,48,24,24,1737.6
67,54,44,22,22,2081.2
67,55,132,63,69,5095.2
67,56,274,123,151,14385
67,57,124,62,62,5406.4
67,58,15,9,6,547.5
67,68,46,24,22,2401.2
67,69,154,89,65,7007
67,73,28,13,15,739.2
67,74,37,17,20,1661.3
67,78,21,13,8,921.9
67,80,200,101,99,7680
67,81,83,38,45,3818
67,82,1,1,0,0
67,92,101,54,47,4474.3
67,93,9,5,4,537.3
68,13,1,0,1,0
68,14,3,3,0,0
68,18,5,1,4,252
68,29,3,1,2,0
68,40,6,3,3,238.8
68,41,32,18,14,902.4
68,42,25,13,12,1142.5
68,43,24,13,11,1267.2
68,44,18,11,7,730.8
68,45,7,3,4,223.3
68,47,11,6,5,755.7
68,48,13,8,5,626.6
68,49,19,11,8,767.6
68,52,3,2,1,0
68,53,18,11,7,813.6
68,54,20,10,10,736
68,68,511,236,275,21666.4
68,69,694,358,336,28315.2
68,74,19,10,9,720.1
68,75,8,5,3,400.8
68,76,12,5,7,393.6
68,78,71,35,36,2811.6
68,79,6,3,3,409.2
68,80,197,99,98,5988.8
68,82,10,5,5,595
68,84,1,1,0,0
68,85,9,6,3,290.7
68,92,7,3,4,385
68,93,34,21,13,1271.6
69,13,42,21,21,1423.8
69,14,74,34,40,3330
69,15,1,0,1,0
69,18,43,21,22,1689.9
69,19,10,5,5,524
69,29,3,2,1,0
69,30,1,1,0,0
69,40,25,12,13,912.5
69,47,15,7,8,574.5
69,48,59,30,29,2360
69,49,71,32,39,3514.5
69,50,46,25,21,1840
69,51,25,12,13,1105
69,52,9,3,6,325.8
69,53,23,10,13,568.1
69,54,82,47,35,3936
69,55,95,52,43,4294
69,56,9,6,3,344.7
69,68,393,200,193,17095.5
69,69,164,79,85,6150
69,76,28,12,16,907.2
69,77,146,70,76,5767
69,78,9,6,3,288
69,80,5,2,3,165
69,81,83,40,43,3386.4
69,82,27,16,11,1112.4
69,83,6,1,5,241.8
69,85,5,4,1,125
69,86,14,8,6,551.6
69,88,1,1,0,0
69,90,11,7,4,346.5
69,93,2,1,1,0
69,94,35,19,16,1494.5
70,12,12,4,8,729.6
70,13,14,5,9,798
70,19,176,77,99,6512
70,20,50,23,27,2320
70,28,3,2,1,0
70,31,4,2,2,0
70,55,76,38,38,3716.4
70,56,53,23,30,1759.6
70,68,718,341,377,31017.6
70,69,892,424,468,39158.8
70,77,71,37,34,3266
70,81,40,18,22,1792
70,87,19,10,9,1084.9
70,88,9,5,4,312.3
70,89,8,5,3,267.2
70,90,4,3,1,0
70,93,10,4,6,382
70,94,61,30,31,1799.5
71,17,6,4,2,213
71,19,157,71,86,8462.3
71,20,19,8,11,799.9
71,21,12,8,4,423.6
71,55,2,1,1,0
71,68,1317,668,649,57026.1
71,69,999,496,503,39960
71,77,29,17,12,974.4
71,81,177,99,78,7062.3
71,83,4,2,2,0
71,88,16,6,10,652.8
71,89,28,14,14,904.4
71,90,18,11,7,502.2
71,92,39,21,18,1376.7
71,93,98,56,42,3978.8
71,94,3,1,2,0
72,18,28,15,13,1310.4
72,19,6,4,2,280.8
72,20,13,9,4,734.5
72,21,19,7,12,674.5
72,54,3,2,1,0
72,55,2,1,1,0
72,68,1147,574,573,47829.9
72,69,2284,1128,1156,96613.2
72,74,7,3,4,205.1
72,75,3,1,2,0
72,76,86,46,40,3749.6
72,77,25,12,13,897.5
72,81,371,181,190,14914.2
72,82,38,20,18,1645.4
72,89,2,1,1,0
72,91,9,6,3,234
72,92,13,6,7,313.3
72,93,140,79,61,5362
72,94,66,35,31,2613.6
72,95,34,17,17,1329.4
72,96,9,6,3,317.7
73,18,11,7,4,401.5
73,19,11,7,4,608.3
73,20,26,13,13,1157
73,21,33,18,15,1293.6
73,54,17,6,11,807.5
73,68,482,250,232,21208
73,69,2069,1041,1028,79863.4
73,70,606,301,305,16665
73,75,40,21,19,1596
73,76,6,4,2,322.2
73,81,498,225,273,22410
73,82,2,1,1,0
73,83,7,3,4,272.3
73,84,6,3,3,330
73,85,2,1,1,0
73,86,1,1,0,0
73,91,6,3,3,133.2
73,92,24,13,11,756
73,93,12,7,5,297.6
73,95,7,4,3,389.9
74,18,75,36,39,3037.5
74,19,15,8,7,742.5
74,20,1,1,0,0
74,21,40,19,21,1820
74,52,9,6,3,344.7
74,53,22,10,12,1064.8
74,54,40,24,16,1532
74,59,1,1,0,0
74,68,434,231,203,17403.4
74,69,1760,886,874,74272
74,70,489,244,245,16381.5
74,75,28,14,14,1153.6
74,77,14,7,7,498.4
74,78,2,1,1,0
74,79,13,7,6,483.6
74,80,43,20,23,1264.2
74,81,267,132,135,11614.5
74,82,1060,523,537,39220
74,86,11,8,3,360.8
74,90,12,7,5,481.2
74,91,18,12,6,716.4
74,92,3,1,2,0
74,94,36,19,17,1371.6
74,95,28,12,16,1094.8
75,19,3,2,1,0
75,21,9,3,6,361.8
75,22,34,21,13,1251.2
75,52,3,2,1,0
75,53,17,8,9,598.4
75,54,4,2,2,0
75,55,1,1,0,0
75,68,242,126,116,9849.4
75,69,2070,976,1094,96048
75,70,724,360,364,25340
75,75,12,4,8,540
75,76,32,14,18,1440
75,77,33,20,13,1402.5
75,78,14,6,8,526.4
75,79,57,29,28,2188.8
75,81,89,44,45,3551.1
75,82,80,41,39,1968
75,86,15,8,7,531
75,87,5,2,3,104
75,90,7,5,2,401.8
75,91,9,2,7,268.2
75,92,9,5,4,383.4
75,93,25,16,9,1012.5
75,94,92,51,41,3385.6
75,95,191,91,100,10027.5
75,96,43,22,21,1818.9
75,97,6,5,1,298.2
76,22,108,54,54,3801.6
76,23,15,9,6,415.5
76,52,8,5,3,254.4
76,53,70,41,29,2793
76,54,7,3,4,342.3
76,58,3,2,1,0
76,68,51,30,21,2412.3
76,69,508,241,267,19913.6
76,70,726,355,371,26353.8
76,74,21,12,9,833.7
76,75,64,31,33,2220.8
76,76,21,10,11,913.5
76,77,31,17,14,1395
76,78,23,12,11,1248.9
76,79,52,23,29,1955.2
76,80,23,13,10,1025.8
76,81,51,26,25,2340.9
76,86,3,1,2,0
76,87,6,3,3,265.8
76,88,2,1,1,0
76,89,2,2,0,0
76,90,8,4,4,432.8
76,91,37,22,15,1206.2
76,92,31,12,19,1057.1
76,93,23,12,11,1246.6
76,96,11,7,4,474.1
77,22,39,20,19,1669.2
77,52,8,5,3,304.8
77,53,66,33,33,3088.8
77,58,11,8,3,390.5
77,60,2,1,1,0
77,61,9,4,5,386.1
77,67,5,2,3,257
77,69,417,215,202,14469.9
77,70,11,6,5,518.1
77,74,39,22,17,1657.5
77,75,42,21,21,1722
77,76,263,136,127,9941.4
77,77,191,96,95,6322.1
77,78,37,22,15,1472.6
77,79,329,167,162,12765.2
77,80,46,24,22,1389.2
77,81,18,10,8,743.4
77,87,19,12,7,813.2
77,88,8,4,4,292
77,89,3,2,1,0
77,90,28,17,11,1066.8
77,91,5,3,2,92
77,96,27,14,13,1169.1
78,10,65,34,31,3159
78,11,24,12,12,1240.8
78,22,17,11,6,669.8
78,23,23,14,9,770.5
78,41,11,6,5,482.9
78,42,6,2,4,283.2
78,52,32,19,13,1571.2
78,53,106,56,50,3625.2
78,58,6,4,2,394.2
78,60,20,9,11,1048
78,61,4,2,2,0
78,66,85,41,44,2890
78,67,20,13,7,874
78,69,744,388,356,23064
78,70,256,129,127,6348.8
78,71,7,3,4,209.3
78,74,5,2,3,232
78,78,15,8,7,426
78,80,10,5,5,319
78,81,13,6,7,465.4
78,87,3,3,0,0
78,88,7,4,3,366.1
78,89,4,3,1,0
78,96,56,31,25,2296
78,97,12,7,5,691.2
79,7,1,1,0,0
79,8,2,1,1,0
79,41,2,1,1,0
79,42,22,14,8,1091.2
79,51,16,10,6,662.4
79,52,5,3,2,271
79,57,12,6,6,486
79,58,66,35,31,2178
79,66,254,125,129,7442.2
79,67,25,14,11,932.5
79,69,57,31,26,2205.9
79,70,8,4,4,162.4
79,72,1,1,0,0
79,78,15,6,9,640.5
79,80,19,8,11,693.5
79,81,14,8,6,639.8
79,95,21,13,8,1031.1
79,96,27,16,11,1263.6
79,97,14,9,5,554.4
80,22,3,2,1,0
80,23,29,12,17,875.8
80,42,17,8,9,644.3
80,43,16,5,11,724.8
80,49,6,2,4,165
80,50,12,8,4,537.6
80,58,6,3,3,310.2
80,59,6,4,2,226.8
80,66,60,33,27,2028
80,67,34,21,13,1295.4
80,69,110,53,57,3960
80,70,58,31,27,1658.8
80,78,13,7,6,444.6
80,87,3,1,2,0
80,88,5,3,2,104
80,91,2,1,1,0
80,95,15,7,8,418.5
80,96,7,4,3,207.2
81,7,2,2,0,0
81,22,9,4,5,370.8
81,43,59,29,30,2129.9
81,58,11,5,6,536.8
81,62,5,3,2,339
81,63,2,1,1,0
81,66,6,4,2,211.8
81,69,54,30,24,2057.4
81,70,8,4,4,390.4
81,73,5,4,1,258
81,74,10,6,4,396
81,88,21,12,9,766.5
81,90,5,3,2,101
81,96,9,4,5,378
81,97,128,63,65,4800
82,21,8,3,5,338.4
82,22,7,4,3,408.8
82,43,209,108,101,8130.1
82,44,29,17,12,771.4
82,47,1,1,0,0
82,58,10,5,5,510
82,62,35,17,18,1550.5
82,63,14,7,7,590.8
82,67,4,1,3,0
82,69,71,42,29,2797.4
82,70,62,33,29,2858.2
82,87,1,0,1,0
82,88,17,12,5,550.8
82,89,45,19,26,1377
82,92,4,1,3,0
82,93,65,33,32,2132
82,94,20,13,7,764
82,95,39,20,19,1454.7
82,96,52,28,24,2662.4
82,97,106,56,50,3551
83,43,103,53,50,4738
83,44,184,91,93,8611.2
83,45,3,1,2,0
83,62,11,5,6,592.9
83,66,21,11,10,959.7
83,67,18,9,9,808.2
83,69,9,4,5,330.3
83,70,35,21,14,1298.5
83,83,7,2,5,231.7
83,84,7,5,2,175
83,87,6,2,4,147
83,88,3,2,1,0
83,89,25,17,8,1047.5
83,90,31,18,13,1016.8
83,93,29,17,12,1226.7
83,94,10,3,7,385
83,95,25,14,11,997.5
83,96,19,11,8,803.7
83,97,10,4,6,410
84,21,4,2,2,0
84,44,13,7,6,678.6
84,62,321,146,175,13000.5
84,65,142,77,65,4416.2
84,66,19,10,9,1060.2
84,67,22,14,8,1034
84,70,35,17,18,1270.5
84,83,1,1,0,0
84,84,20,10,10,758
84,85,15,7,8,579
84,87,41,24,17,1627.7
84,88,5,3,2,256
84,89,4,2,2,0
84,90,15,9,6,607.5
84,91,38,19,19,1542.8
84,92,40,23,17,1392
84,93,19,12,7,803.7
85,34,15,6,9,505.5
85,35,2,1,1,0
85,43,3,2,1,0
85,44,14,10,4,666.4
85,50,6,2,4,291
85,53,2,1,1,0
85,54,4,3,1,0
85,61,20,11,9,738
85,62,245,122,123,9089.5
85,64,106,62,44,4218.8
85,65,304,146,158,10275.2
85,66,140,71,69,5138
85,70,32,17,15,1292.8
85,83,14,7,7,541.8
85,84,88,47,41,3273.6
85,85,11,7,4,365.2
85,87,13,6,7,462.8
85,91,15,8,7,580.5
85,92,142,74,68,5594.8
85,93,6,4,2,223.8
85,94,4,2,2,0
85,95,4,3,1,0
86,22,6,5,1,201
86,43,7,3,4,265.3
86,44,24,15,9,943.2
86,49,5,3,2,275
86,50,34,16,18,1173
86,53,5,3,2,351
86,54,20,10,10,710
86,55,12,8,4,657.6
86,61,77,37,40,3080
86,62,31,15,16,1013.7
86,65,2,2,0,0
86,68,14,7,7,561.4
86,70,23,12,11,894.7
86,83,34,17,17,1230.8
86,84,189,99,90,6407.1
86,86,9,5,4,380.7
86,87,4,3,1,0
86,91,45,23,22,2070
86,92,6,4,2,288
86,93,9,5,4,295.2
86,94,1,1,0,0
86,95,6,4,2,364.8
86,96,7,3,4,205.8
87,21,5,3,2,237
87,24,2,1,1,0
87,37,3,2,1,0
87,43,16,8,8,601.6
87,44,18,10,8,912.6
87,49,46,23,23,1485.8
87,50,39,22,17,1731.6
87,51,5,3,2,207
87,53,7,3,4,219.1
87,54,42,23,19,2020.2
87,55,44,20,24,1658.8
87,61,25,13,12,940
87,62,17,12,5,555.9
87,70,61,31,30,2385.1
87,71,5,2,3,114
87,78,3,1,2,0
87,82,3,1,2,0
87,83,2,1,1,0
87,84,16,9,7,720
87,85,25,14,11,1200
87,86,32,16,16,1321.6
87,87,25,9,16,880
87,90,17,4,13,598.4
87,91,96,46,50,3782.4
87,93,12,4,8,342
87,95,14,8,6,632.8
87,96,68,34,34,2522.8
87,98,5,2,3,121
88,37,26,17,9,1081.6
88,38,7,3,4,303.8
88,39,19,10,9,792.3
88,40,12,7,5,494.4
88,41,2,1,1,0
88,49,7,2,5,300.3
88,50,5,4,1,289
88,54,6,3,3,309
88,55,8,4,4,342.4
88,56,26,14,12,1294.8
88,57,34,16,18,1091.4
88,58,147,70,77,5777.1
88,61,21,10,11,619.5
88,70,12,8,4,360
88,71,38,24,14,1793.6
88,82,35,19,16,1169
88,83,11,6,5,502.7
88,84,21,15,6,798
88,85,32,18,14,1033.6
88,86,567,287,280,26989.2
88,87,469,227,242,16884
88,88,16,7,9,644.8
88,89,70,38,32,2898
88,90,33,17,16,1161.6
88,92,10,7,3,402
88,93,33,19,14,1494.9
88,96,198,107,91,7326
88,97,11,6,5,462
88,99,6,3,3,307.8
88,100,11,7,4,424.6
88,101,69,37,32,3201.6
89,38,11,8,3,462
89,39,213,112,101,9031.2
89,40,73,41,32,2452.8
89,41,3,1,2,0
89,46,8,5,3,418.4
89,47,2,1,1,0
89,48,9,4,5,387
89,49,25,10,15,1175
89,50,9,6,3,339.3
89,52,8,4,4,299.2
89,53,12,8,4,615.6
89,54,31,17,14,1525.2
89,58,6,3,3,442.8
89,67,6,2,4,256.2
89,68,8,5,3,340.8
89,69,3,2,1,0
89,71,124,60,64,5406.4
89,83,6,3,3,231
89,84,11,6,5,539
89,86,59,27,32,3191.9
89,87,224,105,119,8131.2
89,88,26,13,13,988
89,92,41,19,22,1553.9
89,93,16,10,6,780.8
89,96,14,7,7,543.2
89,97,188,93,95,7557.6
89,99,47,24,23,2091.5
89,101,22,11,11,921.8
90,39,1,1,0,0
90,40,25,13,12,977.5
90,46,41,23,18,1681
90,47,1,1,0,0
90,48,28,13,15,977.2
90,49,6,2,4,114
90,51,3,2,1,0
90,52,12,5,7,699.6
90,53,4,3,1,0
90,58,5,2,3,247
90,59,14,6,8,372.4
90,61,2,1,1,0
90,68,82,33,49,3427.6
90,69,48,29,19,1435.2
90,71,175,98,77,7507.5
90,72,111,64,47,4728.6
90,83,10,6,4,520
90,84,21,12,9,768.6
90,85,2,1,1,0
90,91,29,14,15,1296.3
90,92,2,1,1,0
90,95,12,8,4,630
90,96,39,21,18,1692.6
90,97,199,109,90,8159
90,98,13,9,4,366.6
90,99,8,2,6,287.2
90,100,4,1,3,0
90,102,41,19,22,1619.5
91,46,15,5,10,541.5
91,47,54,30,24,1873.8
91,48,2,1,1,0
91,59,10,5,5,423
91,62,3,1,2,0
91,68,3,1,2,0
91,69,21,10,11,905.1
91,70,15,9,6,765
91,71,564,302,262,21714
91,72,30,16,14,1320
91,89,9,5,4,219.6
91,90,13,6,7,698.1
91,91,30,19,11,1431
91,95,30,15,15,1347
91,96,32,16,16,1513.6
91,97,57,30,27,1841.1
91,102,17,11,6,710.6
92,47,10,3,7,321
92,59,22,14,8,800.8
92,62,7,3,4,230.3
92,70,10,6,4,407
92,71,128,66,62,3468.8
92,73,53,26,27,2035.2
92,85,38,19,19,1314.8
92,88,7,3,4,336
92,89,21,12,9,756
92,90,9,5,4,233.1
92,91,50,22,28,2170
92,100,5,3,2,181
92,101,23,11,12,936.1
92,102,22,11,11,998.8
92,103,14,7,7,471.8
93,47,2,1,1,0
93,59,3,1,2,0
93,62,9,6,3,277.2
93,70,14,8,6,634.2
93,71,23,7,16,1012
93,73,30,17,13,1461
93,85,63,35,28,2564.1
93,86,1,0,1,0
93,89,32,14,18,1142.4
93,90,14,8,6,726.6
93,91,2,1,1,0
93,96,5,3,2,57
93,97,17,9,8,773.5
93,98,8,3,5,300.8
93,100,4,2,2,0
93,101,117,59,58,4656.6
93,102,197,102,95,8924.1
93,103,109,60,49,4403.6
94,47,10,7,3,428
94,57,2,2,0,0
94,59,8,4,4,248.8
94,60,6,4,2,345
94,63,2,1,1,0
94,70,24,14,10,878.4
94,71,12,7,5,429.6
94,73,18,10,8,820.8
94,78,10,6,4,386
94,79,23,12,11,869.4
94,85,14,6,8,467.6
94,86,4,1,3,0
94,89,33,17,16,1376.1
94,90,25,11,14,877.5
94,96,30,13,17,1347
94,97,23,12,11,1051.1
94,98,2,2,0,0
94,99,1,1,0,0
94,100,15,8,7,661.5
94,101,15,8,7,649.5
94,102,21,16,5,730.8
94,103,59,31,28,2778.9
94,104,8,6,2,291.2
95,41,8,5,3,539.2
95,44,35,11,24,1585.5
95,45,249,129,120,10258.8
95,46,20,10,10,1004
95,47,8,5,3,448
95,60,8,3,5,172
95,61,2,1,1,0
95,63,8,4,4,276
95,70,50,30,20,2215
95,71,18,11,7,466.2
95,72,9,5,4,416.7
95,78,4,2,2,0
95,79,27,14,13,1139.4
95,86,26,12,14,920.4
95,87,1,1,0,0
95,89,3,2,1,0
95,90,70,32,38,2520
95,96,42,21,21,1583.4
95,97,5,4,1,239
95,98,10,7,3,451
95,99,59,32,27,1899.8
95,100,15,7,8,553.5
96,40,2,1,1,0
96,41,12,3,9,506.4
96,42,119,61,58,4652.9
96,43,142,75,67,5694.2
96,44,7,5,2,286.3
96,45,319,164,155,11962.5
96,46,895,440,455,41438.5
96,47,4,1,3,0
96,48,12,6,6,526.8
96,61,8,3,5,374.4
96,70,60,33,27,2364
96,72,219,113,106,9395.1
96,79,5,3,2,271
96,80,7,4,3,287
96,86,8,5,3,394.4
96,87,15,9,6,598.5
96,90,31,15,16,1453.9
96,94,6,4,2,211.8
96,95,54,25,29,2181.6
96,96,81,40,41,3369.6
96,97,20,13,7,1188
96,98,8,4,4,382.4
96,100,10,5,5,373
96,104,9,8,1,384.3
97,42,22,12,10,1025.2
97,43,5,3,2,302
97,44,75,35,40,3465
97,45,597,310,287,24536.7
97,46,111,56,55,4606.5
97,48,28,14,14,1083.6
97,70,24,11,13,945.6
97,72,237,111,126,10593.9
97,79,1,1,0,0
97,80,12,5,7,566.4
97,81,18,11,7,585
97,87,35,20,15,1519
97,88,14,7,7,579.6
97,90,2,1,1,0
97,91,42,21,21,1856.4
97,94,17,10,7,518.5
97,95,14,11,3,513.8
97,96,148,68,80,5490.8
97,97,13,7,6,455
97,98,12,6,6,487.2
97,100,38,21,17,1204.6
97,101,29,10,19,893.2
97,104,10,7,3,363
97,106,10,4,6,439
98,42,41,25,16,2082.8
98,43,83,46,37,3403
98,44,27,14,13,1185.3
98,46,5,3,2,247
98,48,9,5,4,542.7
98,60,13,6,7,826.8
98,61,20,11,9,1086
98,71,2,2,0,0
98,72,70,35,35,2919
98,80,10,5,5,560
98,81,20,10,10,800
98,82,31,13,18,1224.5
98,88,15,6,9,780
98,89,11,4,7,333.3
98,91,42,23,19,1894.2
98,92,11,7,4,528
98,94,15,11,4,621
98,95,32,18,14,1033.6
98,97,5,2,3,118
98,98,19,8,11,932.9
98,100,23,12,11,897
98,101,3,2,1,0
98,102,68,37,31,2754
98,103,63,28,35,2702.7
98,104,51,28,23,1841.1
98,106,117,55,62,4410.9
98,107,14,8,6,775.6
99,38,3,3,0,0
99,39,5,2,3,175
99,40,16,9,7,742.4
99,41,15,9,6,678
99,47,3,2,1,0
99,48,40,24,16,1200
99,59,2,1,1,0
99,60,41,21,20,1422.7
99,61,23,11,12,1055.7
99,62,3,3,0,0
99,64,3,2,1,0
99,71,3,2,1,0
99,72,1,1,0,0
99,73,18,10,8,572.4
99,81,48,21,27,1766.4
99,82,48,24,24,1886.4
99,83,98,53,45,3557.4
99,84,24,15,9,1000.8
99,89,26,13,13,1107.6
99,92,29,14,15,1154.2
99,94,20,8,12,964
99,100,41,20,21,1635.9
99,101,136,65,71,5576
99,103,34,15,19,1346.4
99,106,127,61,66,4851.4
99,107,81,43,38,3005.1
100,35,6,2,4,256.2
100,39,8,5,3,252
100,40,14,8,6,690.2
100,47,108,56,52,4212
100,48,16,11,5,604.8
100,58,14,8,6,446.6
100,59,21,11,10,798
100,62,2,1,1,0
100,64,1,0,1,0
100,70,4,2,2,0
100,71,14,6,8,656.6
100,73,49,27,22,2038.4
100,82,242,111,131,11591.8
100,83,127,65,62,5461
100,84,21,10,11,1239
100,89,3,1,2,0
100,90,18,8,10,856.8
100,92,33,15,18,1874.4
100,99,48,27,21,1987.2
100,100,129,69,60,4889.1
100,101,153,83,70,5324.4
100,102,61,35,26,2305.8
100,103,26,15,11,1138.8
100,104,15,6,9,700.5
100,105,4,2,2,0
100,107,75,36,39,2647.5
101,34,4,3,1,0
101,35,5,2,3,246
101,46,8,4,4,460
101,47,371,169,202,15730.4
101,62,6,2,4,304.8
101,64,3,2,1,0
101,65,9,5,4,285.3
101,71,11,5,6,478.5
101,72,1,1,0,0
101,73,56,32,24,2256.8
101,83,51,23,28,1953.3
101,84,36,17,19,1036.8
101,85,17,8,9,921.4
101,90,18,8,10,736.2
101,92,17,6,11,841.5
101,93,27,14,13,1206.9
101,96,1,1,0,0
101,97,26,13,13,1391
101,98,12,7,5,590.4
101,99,42,19,23,1982.4
101,100,30,17,13,1176
101,101,62,30,32,1822.8
101,102,195,98,97,7800
101,103,307,154,153,13968.5
101,104,119,38,81,6997.2
101,105,62,33,29,2473.8
101,106,43,20,23,1707.1
101,107,40,19,21,1272
102,32,25,12,13,1262.5
102,33,3,2,1,0
102,34,4,1,3,0
102,46,28,13,15,1218
102,47,716,349,367,29857.2
102,48,2,1,1,0
102,63,4,2,2,0
102,65,42,21,21,1524.6
102,72,9,5,4,504
102,73,30,17,13,1203
102,74,31,18,13,1348.5
102,84,5,2,3,352
102,85,3,2,1,0
102,86,29,13,16,1128.1
102,90,10,5,5,517
102,93,33,22,11,1369.5
102,94,2,1,1,0
102,96,36,21,15,1760.4
102,102,7,4,3,343
102,103,5,2,3,165
102,104,86,42,44,3250.8
102,105,80,43,37,3072
102,106,1,1,0,0
103,31,12,6,6,486
103,32,4,2,2,0
103,44,11,6,5,652.3
103,45,15,7,8,546
103,46,54,24,30,2208.6
103,47,114,60,54,4639.8
103,63,5,3,2,90
103,65,26,15,11,990.6
103,66,1,0,1,0
103,72,8,3,5,390.4
103,73,13,7,6,387.4
103,74,14,8,6,614.6
103,84,7,4,3,265.3
103,85,2,1,1,0
103,86,7,4,3,408.8
103,87,7,4,3,221.9
103,90,3,3,0,0
103,91,4,2,2,0
103,93,7,4,3,228.2
103,94,71,33,38,3471.9
103,95,22,14,8,616
103,96,24,13,11,900
103,98,1,1,0,0
103,99,29,17,12,1139.7
103,100,19,9,10,651.7
103,101,33,19,14,1405.8
104,30,6,3,3,373.2
104,44,14,6,8,537.6
104,45,7,4,3,287.7
104,46,28,13,15,1338.4
104,47,61,32,29,2427.8
104,66,1,1,0,0
104,72,4,2,2,0
104,73,9,4,5,315.9
104,74,5,3,2,325
104,75,7,5,2,228.9
104,82,8,5,3,268.8
104,84,11,6,5,346.5
104,85,48,24,24,1876.8
104,87,18,10,8,669.6
104,88,22,11,11,743.6
104,90,6,3,3,151.8
104,94,7,3,4,184.8
104,95,2,1,1,0
104,98,35,21,14,1137.5
104,99,129,64,65,5018.1
104,100,28,16,12,1108.8
104,101,14,6,8,806.4
104,102,64,35,29,2700.8
104,103,7,4,3,277.9
104,106,31,18,13,1643
104,107,718,360,358,30658.6
104,108,896,442,454,39513.6
105,44,13,7,6,578.5
105,45,16,7,9,731.2
105,46,38,20,18,1634
105,47,42,24,18,1848
105,63,2,1,1,0
105,71,2,1,1,0
105,73,5,1,4,126
105,75,5,3,2,295
105,83,18,11,7,831.6
105,84,12,5,7,396
105,85,13,7,6,388.7
105,86,6,3,3,322.2
105,88,6,3,3,378
105,90,13,5,8,721.5
105,96,24,12,12,952.8
105,97,81,39,42,3790.8
105,98,18,10,8,473.4
105,103,15,8,7,466.5
105,105,715,371,344,29458
105,106,2710,1341,1369,123576
105,107,2878,1432,1446,118861.4
105,108,1661,796,865,69429.8
106,42,9,5,4,491.4
106,43,16,11,5,561.6
106,46,4,2,2,0
106,47,13,8,5,523.9
106,63,4,2,2,0
106,71,1,1,0,0
106,72,6,4,2,265.8
106,73,5,2,3,286
106,75,13,6,7,543.4
106,76,3,2,1,0
106,82,10,7,3,491
106,86,13,6,7,456.3
106,89,20,12,8,830
106,90,2,1,1,0
106,96,102,58,44,4161.6
106,97,90,44,46,4077
106,103,14,7,7,617.4
106,104,9,5,4,261.9
106,105,109,59,50,5101.2
106,106,1876,959,917,80480.4
106,107,1908,969,939,82234.8
106,108,66,32,34,3062.4
107,29,4,2,2,0
107,30,5,3,2,337
107,42,17,10,7,569.5
107,64,14,8,6,438.2
107,70,2,1,1,0
107,72,47,25,22,1875.3
107,73,3,2,1,0
107,87,5,3,2,274
107,90,14,3,11,554.4
107,91,57,30,27,1795.5
107,92,8,2,6,338.4
107,96,40,18,22,1796
107,97,296,147,149,9442.4
107,98,389,200,189,15793.4
107,99,5,2,3,83
107,102,37,20,17,1705.7
107,103,118,60,58,4507.6
107,104,1,1,0,0
107,106,1396,704,692,56538
107,107,527,269,258,22344.8
107,108,97,50,47,3918.8
108,29,2,1,1,0
108,47,11,8,3,390.5
108,64,4,3,1,0
108,70,7,4,3,294.7
108,71,2,1,1,0
108,76,2,0,2,0
108,77,13,7,6,492.7
108,87,25,12,13,837.5
108,90,26,14,12,795.6
108,96,42,23,19,1247.4
108,97,39,24,15,2063.1
108,102,5,3,2,162
108,103,213,96,117,7412.4
108,104,8,3,5,355.2
108,106,229,117,112,9595.1
108,107,784,411,373,29635.2
109,29,1,1,0,0
109,67,17,9,8,958.8
109,78,39,21,18,1532.7
109,79,10,6,4,405
109,85,7,3,4,168.7
109,86,18,11,7,750.6
109,87,70,37,33,2905
109,88,8,4,4,332.8
109,90,2,1,1,0
109,91,6,1,5,112.2
109,93,4,3,1,0
109,96,2,2,0,0
109,97,62,32,30,2703.2
109,98,17,7,10,627.3
109,103,199,101,98,7542.1
109,104,965,476,489,34257.5
109,105,86,48,38,3620.6
109,106,5,2,3,311
109,107,1247,641,606,38781.7
109,108,224,111,113,5980.8
110,46,5,2,3,117
110,47,5,3,2,205
110,61,10,5,5,432
110,62,20,11,9,964
110,63,3,3,0,0
110,67,3,2,1,0
110,78,41,19,22,1484.2
110,79,26,12,14,1211.6
110,85,4,2,2,0
110,86,4,3,1,0
110,87,198,99,99,7999.2
110,88,2,1,1,0
110,90,13,8,5,569.4
110,91,16,10,6,889.6
110,92,16,9,7,686.4
110,93,6,3,3,418.2
110,98,23,14,9,1184.5
110,103,17,9,8,749.7
110,104,344,164,180,13656.8
110,105,113,64,49,4859
110,106,23,14,9,706.1
110,107,61,32,29,2006.9
110,108,234,119,115,5920.2
111,59,2,0,2,0
111,60,23,13,10,1081
111,61,15,7,8,675
111,62,50,25,25,2100
111,63,2,1,1,0
111,77,12,4,8,511.2
111,78,1,1,0,0
111,79,1,0,1,0
111,80,3,1,2,0
111,82,11,6,5,419.1
111,83,5,1,4,220
111,87,3,3,0,0
111,88,14,8,6,764.4
111,91,2,1,1,0
111,98,43,28,15,1806
111,99,131,72,59,4951.8
111,100,11,7,4,303.6
111,101,21,10,11,714
111,103,13,7,6,522.6
111,104,542,293,249,15447
111,105,113,60,53,4802.5
111,106,21,13,8,1039.5
111,107,15,9,6,624
111,108,2,1,1,0
112,11,3,2,1,0
112,19,5,3,2,328
112,20,8,5,3,419.2
112,21,1,0,1,0
112,22,3,2,1,0
112,23,4,2,2,0
112,59,25,12,13,1132.5
112,67,21,13,8,1005.9
112,79,4,3,1,0
112,80,15,8,7,591
112,92,5,3,2,242
112,93,20,8,12,516
112,94,6,2,4,241.8
112,95,2,1,1,0
112,96,11,7,4,369.6
112,99,23,13,10,940.7
112,100,198,102,96,6949.8
112,101,110,57,53,4257
112,102,98,49,49,3988.6
112,103,247,123,124,8595.6
112,104,171,96,75,6891.3
112,105,29,16,13,1209.3
112,106,1,1,0,0
113,18,6,3,3,427.8
113,19,27,12,15,1652.4
113,20,1,1,0,0
113,56,2,1,1,0
113,58,30,17,13,1341
113,59,4,2,2,0
113,67,71,36,35,2932.3
113,80,2,0,2,0
113,89,23,10,13,878.6
113,92,6,2,4,175.2
113,93,3,1,2,0
113,94,24,9,15,955.2
113,95,51,28,23,2351.1
113,96,8,4,4,338.4
113,97,4,2,2,0
113,100,18,8,10,802.8
113,101,55,31,24,2057
113,102,213,108,105,10053.6
113,103,157,87,70,5777.6
113,104,86,47,39,2984.2
114,15,9,4,5,464.4
114,16,4,2,2,0
114,56,1,1,0,0
114,57,13,7,6,764.4
114,58,8,4,4,256.8
114,67,76,41,35,3693.6
114,76,1,1,0,0
114,78,5,2,3,374
114,79,2,0,2,0
114,80,3,2,1,0
114,88,4,3,1,0
114,93,16,10,6,633.6
114,95,4,2,2,0
114,97,1,1,0,0
114,111,16,6,10,608
115,15,4,2,2,0
115,67,44,20,24,1738
115,68,4,2,2,0
115,77,1,1,0,0
115,79,15,8,7,526.5
115,80,10,7,3,438
115,89,5,3,2,301
115,93,14,7,7,553
115,95,22,10,12,803
115,111,9,5,4,488.7
115,112,2,1,1,0
116,7,8,4,4,372
116,12,2,1,1,0
116,64,1,1,0,0
116,65,7,7,0,305.2
116,67,156,77,79,6692.4
116,72,2,2,0,0
116,81,3,2,1,0
116,89,13,8,5,659.1
116,93,1,1,0,0
116,94,82,39,43,2771.6
116,95,8,4,4,223.2
116,96,3,2,1,0
116,97,25,9,16,890
116,110,11,7,4,578.6
116,111,11,5,6,513.7
116,112,38,23,15,1520
117,7,8,2,6,399.2
117,11,6,3,3,214.2
117,12,3,1,2,0
117,63,10,4,6,287
117,66,12,6,6,548.4
117,67,315,153,162,12726
117,68,19,11,8,902.5
117,80,8,5,3,463.2
117,82,5,2,3,368
117,83,3,1,2,0
117,89,7,2,5,384.3
117,93,4,1,3,0
117,94,33,10,23,1940.4
117,95,9,4,5,420.3
117,97,29,16,13,1223.8
117,98,2,1,1,0
117,100,34,16,18,1336.2
117,101,14,7,7,575.4
117,103,6,4,2,169.2
117,109,9,4,5,371.7
117,110,140,70,70,5768
117,111,28,16,12,1332.8
117,112,2,1,1,0
117,113,7,3,4,284.9
118,7,18,9,9,784.8
118,10,11,6,5,425.7
118,52,21,10,11,873.6
118,63,21,10,11,938.7
118,66,30,13,17,1047
118,67,257,133,124,12130.4
118,68,76,37,39,3298.4
118,80,8,4,4,559.2
118,83,13,9,4,643.5
118,87,6,3,3,391.8
118,88,1,0,1,0
118,92,6,4,2,255
118,93,23,10,13,860.2
118,94,28,16,12,996.8
118,95,16,9,7,924.8
118,96,14,7,7,698.6
118,97,10,4,6,328
118,99,18,11,7,838.8
118,100,99,48,51,4583.7
118,101,10,4,6,487
118,102,10,4,6,515
118,103,3,2,1,0
118,109,12,8,4,624
118,110,18,9,9,984.6
118,115,3,1,2,0
119,7,2,1,1,0
119,9,18,7,11,486
119,10,18,9,9,968.4
119,49,1,0,1,0
119,51,35,20,15,1501.5
119,52,12,4,8,596.4
119,53,11,6,5,544.5
119,54,30,17,13,1317
119,55,19,13,6,972.8
119,56,30,12,18,1389
119,57,25,11,14,1110
119,62,2,1,1,0
119,63,35,23,12,1442
119,67,144,67,77,5198.4
119,68,100,45,55,4340
119,69,11,4,7,388.3
119,80,9,7,2,381.6
119,81,8,4,4,211.2
119,87,4,3,1,0
119,88,4,2,2,0
119,91,6,2,4,253.8
119,92,29,17,12,933.8
119,93,6,3,3,181.2
119,95,2,1,1,0
119,96,11,7,4,625.9
119,98,21,13,8,970.2
119,99,18,7,11,948.6
119,100,4,2,2,0
119,103,28,14,14,1450.4
119,108,5,2,3,242
119,109,16,10,6,652.8
119,114,25,17,8,1015
119,115,10,6,4,233
120,7,6,3,3,292.8
120,8,2,1,1,0
120,9,23,13,10,936.1
120,10,13,7,6,478.4
120,33,11,6,5,588.5
120,53,19,12,7,815.1
120,54,18,9,9,1011.6
120,55,55,29,26,2425.5
120,56,35,19,16,1438.5
120,57,40,20,20,1272
120,63,9,4,5,333
120,68,47,28,19,2147.9
120,69,12,7,5,579.6
120,80,36,20,16,1450.8
120,81,52,24,28,1866.8
120,84,3,1,2,0
120,85,89,53,36,3835.9
120,86,5,4,1,268
120,89,2,1,1,0
120,96,35,18,17,1477
120,97,44,22,22,1914
120,98,15,7,8,685.5
120,99,40,28,12,1556
120,103,11,4,7,361.9
120,104,2,0,2,0
120,108,1,1,0,0
120,114,46,22,24,2051.6
120,115,1,1,0,0
121,7,3,1,2,0
121,9,1,1,0,0
121,32,15,8,7,810
121,33,15,7,8,555
121,34,3,2,1,0
121,41,1,1,0,0
121,42,3,1,2,0
121,44,8,4,4,384.8
121,68,21,9,12,1026.9
121,69,41,24,17,1935.2
121,72,36,19,17,1447.2
121,73,83,47,36,3494.3
121,76,13,8,5,482.3
121,77,7,7,0,282.8
121,79,1,1,0,0
121,80,38,20,18,1645.4
121,81,76,41,35,3055.2
121,83,5,3,2,295
121,84,14,8,6,537.6
121,85,19,10,9,771.4
121,96,2,1,1,0
121,97,19,8,11,727.7
121,103,2,1,1,0
121,108,10,7,3,478
121,112,3,2,1,0
121,114,31,13,18,1128.4
121,115,81,42,39,3442.5
122,6,7,5,2,419.3
122,7,1,0,1,0
122,68,2,1,1,0
122,69,59,33,26,2466.2
122,71,12,6,6,597.6
122,72,14,8,6,656.6
122,73,128,65,63,5452.8
122,74,22,13,9,957
122,82,6,4,2,286.2
122,83,2,0,2,0
122,84,5,2,3,328
122,97,11,5,6,500.5
122,114,15,10,5,481.5
122,115,95,45,50,4997
122,116,1,1,0,0
122,127,2,1,1,0
123,6,15,6,9,802.5
123,66,1,0,1,0
123,69,72,43,29,2102.4
123,70,5,3,2,135
123,86,1,0,1,0
123,87,29,18,11,1061.4
123,91,3,1,2,0
123,95,15,8,7,447
123,97,5,2,3,107
123,98,7,4,3,399
123,104,9,4,5,457.2
123,108,11,6,5,522.5
123,109,3,2,1,0
123,116,11,6,5,503.8
123,127,23,10,13,1053.4
124,6,9,5,4,511.2
124,56,1,1,0,0
124,69,38,17,21,1945.6
124,70,5,1,4,146
124,75,1,0,1,0
124,77,2,1,1,0
124,78,7,4,3,219.8
124,79,10,5,5,302
124,83,1,0,1,0
124,85,22,11,11,943.8
124,86,33,17,16,1676.4
124,87,25,13,12,1095
124,95,3,1,2,0
124,96,11,8,3,486.2
124,97,12,5,7,436.8
124,98,21,11,10,1224.3
124,102,19,11,8,811.3
124,103,8,3,5,391.2
124,108,6,3,3,331.8
124,116,10,4,6,260
125,6,10,7,3,273
125,7,2,1,1,0
125,29,7,5,2,270.2
125,68,7,3,4,266.7
125,69,11,4,7,566.5
125,80,10,6,4,483
125,82,3,2,1,0
125,83,10,6,4,303
125,84,2,1,1,0
125,85,4,1,3,0
125,95,12,7,5,466.8
125,99,2,1,1,0
125,100,9,5,4,560.7
125,101,6,4,2,313.2
125,102,1,1,0,0
125,109,2,1,1,0
125,118,1,1,0,0
125,125,2,1,1,0
125,126,5,4,1,244
126,5,13,7,6,644.8
126,6,5,3,2,225
126,68,49,22,27,2307.9
126,76,6,4,2,181.2
126,78,5,3,2,172
126,79,1,1,0,0
126,80,141,71,70,6020.7
126,81,176,90,86,6934.4
126,82,309,151,158,14244.9
126,86,1,1,0,0
126,117,5,2,3,261
126,118,6,3,3,249
126,126,2,0,2,0
127,5,108,56,52,4795.2
127,6,19,10,9,845.5
127,26,15,7,8,451.5
127,67,5,4,1,238
127,68,11,4,7,580.8
127,72,8,3,5,278.4
127,78,11,3,8,588.5
127,79,15,9,6,489
127,81,162,77,85,7533
127,82,205,103,102,9143
127,83,25,15,10,1145
127,86,2,2,0,0
127,103,2,1,1,0
127,105,5,2,3,237
127,114,6,3,3,424.8
127,115,13,6,7,656.5
127,116,9,6,3,494.1
127,117,8,5,3,424.8
127,123,14,11,3,575.4