x,y,p,m,f,ta
0,5,11,7,4,464.2
0,6,4,3,1,0
0,67,3,1,2,0
0,70,7,4,3,268.1
0,71,7,3,4,170.8
0,75,11,5,6,589.6
0,82,21,11,10,942.9
0,83,3,1,2,0
0,87,8,5,3,472
0,100,3,2,1,0
0,101,8,4,4,352.8
0,103,10,4,6,575
0,106,1,0,1,0
0,109,22,13,9,873.4
0,110,6,2,4,244.2
0,111,5,4,1,231
0,113,4,3,1,0
0,114,25,13,12,955
0,115,23,13,10,1626.1
0,124,23,12,11,694.6
1,5,4,3,1,0
1,6,20,7,13,750
1,50,5,2,3,150
1,70,12,6,6,531.6
1,75,11,6,5,465.3
1,82,3,1,2,0
1,83,29,14,15,1325.3
1,87,6,3,3,360
1,88,43,21,22,2076.9
1,89,23,11,12,1212.1
1,99,31,18,13,1137.7
1,100,4,3,1,0
1,109,4,3,1,0
1,112,4,3,1,0
1,114,11,7,4,448.8
1,115,7,4,3,455
1,117,1,0,1,0
1,119,1,0,1,0
1,124,7,2,5,261.1
2,4,10,5,5,358
2,5,19,11,8,708.7
2,52,2,1,1,0
2,64,12,5,7,588
2,70,3,2,1,0
2,72,17,9,8,710.6
2,73,16,10,6,748.8
2,74,20,11,9,1094
2,75,45,25,20,1651.5
2,83,34,14,20,1207
2,88,38,22,16,1618.8
2,89,5,4,1,346
2,90,11,6,5,490.6
2,96,2,1,1,0
2,97,42,20,22,1869
2,98,17,7,10,589.9
2,99,84,40,44,3822
2,114,23,12,11,1094.8
2,115,7,4,3,221.2
2,117,8,5,3,151.2
2,125,6,3,3,423
3,3,9,4,5,275.4
3,52,7,5,2,315.7
3,53,13,4,9,495.3
3,63,1,1,0,0
3,64,11,4,7,487.3
3,65,20,11,9,782
3,72,36,20,16,1404
3,73,11,6,5,374
3,74,17,9,8,664.7
3,75,19,9,10,1001.3
3,76,61,34,27,3172
3,77,2,1,1,0
3,82,24,12,12,1020
3,83,15,10,5,714
3,84,11,6,5,386.1
3,99,43,23,20,1513.6
3,100,15,8,7,834
3,104,2,1,1,0
3,105,6,2,4,376.8
3,106,7,2,5,296.1
3,107,7,3,4,387.1
3,113,2,2,0,0
3,116,30,16,14,1338
3,117,2,1,1,0
4,2,19,9,10,693.5
4,3,13,7,6,539.5
4,53,12,5,7,555.6
4,54,8,4,4,324
4,64,2,1,1,0
4,71,2,1,1,0
4,72,2,0,2,0
4,75,3,3,0,0
4,76,10,6,4,203
4,77,21,8,13,648.9
4,78,1,0,1,0
4,80,3,1,2,0
4,81,3,2,1,0
4,84,15,8,7,844.5
4,85,33,17,16,1128.6
4,99,6,4,2,238.2
4,100,26,13,13,993.2
4,101,13,5,8,634.4
4,102,18,6,12,739.8
4,103,28,15,13,1509.2
4,104,3,1,2,0
4,105,29,16,13,1154.2
4,106,12,6,6,429.6
4,114,7,3,4,191.8
4,126,1,0,1,0
4,127,6,3,3,396
5,1,16,8,8,622.4
5,2,15,8,7,676.5
5,3,6,4,2,330
5,53,1,0,1,0
5,54,9,6,3,461.7
5,71,6,3,3,373.8
5,76,15,7,8,646.5
5,77,1,0,1,0
5,78,7,2,5,300.3
5,79,4,2,2,0
5,80,6,4,2,322.8
5,81,5,1,4,80
5,85,7,4,3,426.3
5,86,1,1,0,0
5,92,21,12,9,814.8
5,99,5,3,2,201
5,101,12,7,5,660
5,104,27,11,16,1196.1
5,107,7,3,4,317.1
5,113,11,7,4,470.8
5,116,4,3,1,0
6,0,1,1,0,0
6,1,5,2,3,116
6,54,14,9,5,530.6
6,63,8,5,3,460
6,72,2,1,1,0
6,77,13,6,7,393.9
6,90,7,4,3,287.7
6,92,21,9,12,852.6
6,93,8,4,4,248
6,99,4,3,1,0
6,104,122,58,64,5721.8
6,107,9,5,4,491.4
6,116,6,3,3,280.8
6,119,4,3,1,0
6,120,10,5,5,307
7,0,16,8,8,737.6
7,1,9,5,4,423
7,55,32,16,16,1446.4
7,56,59,29,30,1994.2
7,57,27,17,10,899.1
7,58,6,3,3,229.8
7,59,42,20,22,2116.8
7,60,3,2,1,0
7,78,7,4,3,291.2
7,91,38,21,17,1580.8
7,93,14,6,8,971.6
7,99,2,1,1,0
7,100,9,5,4,433.8
7,101,5,3,2,289
7,103,2,1,1,0
7,104,102,51,51,4763.4
7,118,11,6,5,524.7
7,121,6,3,3,231
8,0,42,17,25,1953
8,57,11,4,7,320.1
8,58,22,13,9,1069.2
8,59,45,24,21,1728
8,91,62,31,31,3075.2
8,93,19,10,9,972.8
8,100,76,39,37,3594.8
8,101,24,14,10,1221.6
8,102,2,1,1,0
8,104,23,15,8,708.4
8,105,10,7,3,215
8,106,3,2,1,0
8,107,5,2,3,360
8,109,1,1,0,0
8,111,8,3,5,450.4
8,112,5,3,2,296
8,118,5,4,1,139
8,119,20,7,13,1064
8,120,1,1,0,0
9,0,5,1,4,187
9,63,9,7,2,375.3
9,79,1,1,0,0
9,80,8,5,3,328
9,91,11,7,4,404.8
9,92,49,25,24,2102.1
9,93,20,10,10,764
9,100,14,9,5,642.6
9,104,10,5,5,369
9,105,7,4,3,240.8
9,118,1,1,0,0
9,119,30,15,15,1362
10,63,6,3,3,411
10,73,10,4,6,402
10,74,15,9,6,733.5
10,78,14,5,9,362.6
10,79,10,4,6,403
10,84,4,2,2,0
10,100,25,13,12,815
10,105,7,4,3,268.1
10,111,3,2,1,0
10,119,28,17,11,1106
11,56,7,2,5,203
11,57,44,21,23,1672
11,77,1,1,0,0
11,82,15,9,6,523.5
11,83,6,3,3,300
11,94,3,1,2,0
11,98,4,2,2,0
11,99,12,6,6,422.4
11,100,16,9,7,699.2
11,105,11,4,7,623.7
11,115,15,6,9,565.5
11,118,4,2,2,0
11,119,15,8,7,580.5
11,120,40,23,17,1412
11,121,1,0,1,0
12,46,2,1,1,0
12,48,4,2,2,0
12,50,3,2,1,0
12,51,14,7,7,666.4
12,52,143,65,78,5376.8
12,53,25,11,14,687.5
12,54,11,6,5,336.6
12,61,87,42,45,3828
12,67,13,7,6,608.4
12,68,7,4,3,233.1
12,76,6,3,3,277.2
12,80,40,23,17,1476
12,81,33,21,12,1574.1
12,82,11,5,6,770
12,89,5,2,3,195
12,94,21,13,8,1071
12,95,8,4,4,280
12,105,11,5,6,520.3
12,106,2,1,1,0
12,108,6,2,4,178.2
12,113,6,3,3,301.8
12,117,6,2,4,366
12,118,27,13,14,1263.6
12,119,46,25,21,1876.8
12,120,9,3,6,360
13,51,8,5,3,331.2
13,52,290,146,144,10846
13,53,293,144,149,12569.7
13,60,15,7,8,715.5
13,61,43,26,17,1741.5
13,62,2,1,1,0
13,65,42,21,21,2079
13,66,13,8,5,634.4
13,68,5,2,3,237
13,69,2,1,1,0
13,71,52,26,26,1866.8
13,74,22,11,11,719.4
13,76,11,5,6,360.8
13,79,23,11,12,1152.3
13,81,3,2,1,0
13,85,7,3,4,410.9
13,87,2,1,1,0
13,88,6,3,3,229.8
13,89,1,1,0,0
13,96,10,5,5,653
13,105,22,13,9,1172.6
13,106,4,2,2,0
13,108,9,5,4,336.6
13,109,2,1,1,0
13,111,5,3,2,221
13,112,12,5,7,426
13,113,10,7,3,494
13,114,8,5,3,448.8
13,115,10,7,3,350
13,117,2,1,1,0
13,118,4,1,3,0
13,119,35,21,14,1368.5
13,120,7,4,3,506.1
14,52,52,27,25,1965.6
14,53,1495,753,742,66228.5
14,54,80,44,36,2776
14,62,6,2,4,235.8
14,63,70,38,32,3486
14,64,100,47,53,4130
14,65,43,24,19,1616.8
14,70,7,3,4,354.9
14,71,31,18,13,1156.3
14,72,18,11,7,595.8
14,73,181,86,95,7493.4
14,74,45,23,22,1480.5
14,75,5,3,2,326
14,77,13,6,7,296.4
14,78,15,7,8,592.5
14,85,20,9,11,896
14,86,18,9,9,765
14,90,8,5,3,219.2
14,92,40,25,15,1660
14,97,4,1,3,0
14,105,13,8,5,578.5
14,108,11,4,7,631.4
14,109,9,4,5,473.4
14,124,12,4,8,584.4
14,127,3,2,1,0
15,52,283,149,134,11687.9
15,53,883,420,463,41854.2
15,63,9,6,3,356.4
15,64,46,25,21,1858.4
15,77,118,56,62,4236.2
15,79,2,1,1,0
15,86,29,14,15,1261.5
15,87,1,0,1,0
15,90,2,1,1,0
15,91,1,1,0,0
15,92,15,7,8,706.5
15,112,3,2,1,0
15,124,8,4,4,451.2
15,127,23,8,15,867.1
16,52,490,259,231,18767
16,77,49,26,23,2278.5
16,78,22,14,8,739.2
16,79,32,17,15,1052.8
16,87,6,2,4,349.8
16,91,27,17,10,1007.1
16,92,2,1,1,0
16,104,1,0,1,0
16,105,23,14,9,1301.8
16,108,6,2,4,244.8
16,117,5,2,3,249
16,118,15,8,7,790.5
16,120,8,5,3,380.8
16,126,5,3,2,283
16,127,14,9,5,687.4
17,51,58,32,26,2186.6
17,52,168,90,78,6115.2
17,63,9,4,5,386.1
17,74,3,1,2,0
17,77,4,2,2,0
17,78,20,11,9,858
17,79,2,2,0,0
17,88,18,8,10,673.2
17,91,13,5,8,507
17,100,1,0,1,0
17,104,28,17,11,1472.8
17,105,1,1,0,0
17,106,22,11,11,811.8
17,108,3,2,1,0
17,115,91,52,39,4058.6
17,116,27,17,10,1082.7
17,117,13,8,5,559
17,118,9,5,4,339.3
17,119,7,4,3,181.3
17,120,4,2,2,0
17,125,13,8,5,509.6
17,126,24,12,12,852
17,127,28,15,13,1125.6
18,50,1,0,1,0
18,51,352,173,179,13939.2
18,62,10,5,5,473
18,72,1,1,0,0
18,73,6,3,3,411
18,74,2,1,1,0
18,77,1,1,0,0
18,78,18,7,11,779.4
18,79,44,21,23,1720.4
18,85,10,3,7,505
18,88,11,6,5,577.5
18,92,4,2,2,0
18,104,50,34,16,1715
18,105,1,0,1,0
18,106,10,6,4,286
18,108,7,2,5,179.2
18,109,2,1,1,0
18,114,3,1,2,0
18,115,15,6,9,730.5
18,117,3,3,0,0
18,118,4,1,3,0
18,119,18,7,11,606.6
18,120,3,1,2,0
18,126,17,10,7,950.3
18,127,4,2,2,0
19,50,15,9,6,474
19,51,6,3,3,288
19,61,13,9,4,399.1
19,75,25,12,13,915
19,76,58,29,29,2076.4
19,77,5,2,3,196
19,79,35,19,16,1417.5
19,85,3,3,0,0
19,88,4,2,2,0
19,92,30,15,15,1482
19,103,33,16,17,1501.5
19,104,29,16,13,1467.4
19,105,14,7,7,687.4
19,106,12,7,5,486
19,113,15,9,6,741
19,114,5,4,1,179
19,118,16,9,7,644.8
19,119,164,69,95,7954
19,120,89,37,52,4574.6
19,121,4,3,1,0
20,50,18,8,10,790.2
20,71,4,3,1,0
20,72,13,6,7,438.1
20,75,18,9,9,640.8
20,79,18,11,7,973.8
20,86,22,11,11,800.8
20,88,11,6,5,535.7
20,91,9,5,4,251.1
20,92,66,38,28,2871
20,102,4,2,2,0
20,103,88,45,43,3740
20,104,4,2,2,0
20,105,7,3,4,279.3
20,106,15,8,7,589.5
20,110,5,4,1,327
20,111,6,2,4,238.2
20,112,3,1,2,0
20,116,5,3,2,296
20,117,5,2,3,248
20,118,19,12,7,989.9
20,119,71,35,36,3464.8
20,120,357,163,194,14529.9
20,121,44,20,24,1742.4
20,122,51,26,25,1698.3
20,123,47,22,25,1945.8
20,125,2,1,1,0
21,49,15,11,4,472.5
21,50,142,73,69,7029
21,51,6,1,5,243
21,70,2,2,0,0
21,71,2,1,1,0
21,79,3,2,1,0
21,80,7,3,4,282.1
21,86,37,21,16,1739
21,88,134,63,71,5051.8
21,92,4,2,2,0
21,93,9,4,5,315
21,100,35,15,20,1918
21,101,17,8,9,868.7
21,103,3,1,2,0
21,108,7,3,4,140.7
21,114,4,2,2,0
21,115,14,8,6,571.2
21,116,18,9,9,811.8
21,117,2,0,2,0
21,118,7,4,3,324.1
21,119,20,8,12,702
21,121,4,2,2,0
21,124,3,2,1,0
22,49,115,62,53,4968
22,50,184,98,86,7194.4
22,68,6,5,1,280.8
22,69,21,9,12,1024.8
22,80,19,8,11,621.3
22,86,75,49,26,3375
22,87,12,7,5,554.4
22,88,98,53,45,4174.8
22,93,3,2,1,0
22,99,11,7,4,667.7
22,100,33,17,16,1798.5
22,102,1,1,0,0
22,103,39,18,21,1989
22,108,2,1,1,0
22,112,5,2,3,171
22,119,10,6,4,494
22,120,5,2,3,361
22,124,7,4,3,340.2
22,125,5,3,2,383
22,126,5,3,2,352
23,49,115,56,59,4738
23,50,44,23,21,1927.2
23,59,5,3,2,187
23,60,3,1,2,0
23,67,11,6,5,530.2
23,68,31,19,12,1500.4
23,69,71,37,34,3443.5
23,80,8,4,4,215.2
23,81,27,15,12,999
23,85,31,16,15,759.5
23,86,183,88,95,7960.5
23,87,36,19,17,1800
23,88,87,42,45,3636.6
23,94,16,6,10,680
23,100,5,4,1,132
23,108,2,0,2,0
23,110,4,3,1,0
23,112,6,2,4,208.2
23,120,4,2,2,0
23,124,18,12,6,756
23,125,13,7,6,448.5
24,49,1,1,0,0
24,67,59,35,24,2531.1
24,68,42,25,17,1953
24,80,15,8,7,556.5
24,81,10,5,5,465
24,82,23,9,14,825.7
24,83,19,14,5,786.6
24,84,263,128,135,8442.3
24,85,783,405,378,30928.5
24,86,41,20,21,1959.8
24,87,123,65,58,5239.8
24,88,45,22,23,1629
24,89,9,6,3,339.3
24,94,22,12,10,1130.8
24,108,21,12,9,1056.3
24,120,2,1,1,0
24,124,8,5,3,443.2
24,125,21,11,10,886.2
25,48,12,6,6,501.6
25,49,12,5,7,632.4
25,67,10,5,5,452
25,81,25,15,10,1052.5
25,82,6,2,4,325.8
25,84,48,25,23,1507.2
25,85,513,245,268,21392.1
25,86,42,21,21,2188.2
25,87,92,42,50,3864
25,88,48,28,20,2664
25,89,1,1,0,0
25,94,10,7,3,493
25,95,5,3,2,108
25,108,12,7,5,607.2
25,124,5,3,2,185
25,125,2,1,1,0
26,48,14,9,5,571.2
26,49,2,1,1,0
26,57,2,1,1,0
26,66,22,11,11,794.2
26,81,4,2,2,0
26,85,32,14,18,1798.4
26,86,376,158,218,20642.4
26,87,172,84,88,6604.8
26,95,5,4,1,168
26,111,7,2,5,328.3
26,124,11,5,6,412.5
26,125,10,4,6,398
27,47,6,4,2,355.2
27,48,20,11,9,938
27,65,4,2,2,0
27,81,2,1,1,0
27,82,5,3,2,305
27,86,14,8,6,646.8
27,87,65,31,34,2970.5
27,111,11,5,6,651.2
27,124,10,7,3,437
27,125,54,28,26,2262.6
27,126,5,2,3,193
28,47,18,10,8,727.2
28,48,6,3,3,259.2
28,86,69,36,33,2787.6
28,87,14,8,6,589.4
28,95,2,1,1,0
28,96,4,3,1,0
28,109,6,3,3,262.8
28,125,20,11,9,756
28,126,3,1,2,0
28,127,17,8,9,612
29,46,10,4,6,398
29,47,12,6,6,573.6
29,85,1,1,0,0
29,86,14,7,7,698.6
29,96,2,2,0,0
29,108,18,7,11,765
29,109,10,6,4,361
29,124,3,2,1,0
29,125,11,6,5,468.6
29,126,1,1,0,0
30,46,12,5,7,418.8
30,86,12,4,8,513.6
30,87,1,1,0,0
30,125,12,5,7,514.8
31,45,3,2,1,0
31,46,2,1,1,0
31,64,5,2,3,150
31,86,4,2,2,0
31,87,45,25,20,1683
31,96,4,3,1,0
31,109,5,3,2,196
31,125,3,2,1,0
31,126,8,4,4,356
32,44,5,3,2,165
32,45,5,3,2,220
32,87,22,9,13,1005.4
32,97,6,4,2,328.8
32,126,25,17,8,927.5
33,32,5,1,4,167
33,38,2,1,1,0
33,43,6,2,4,171
33,44,6,2,4,234
33,87,26,12,14,1099.8
33,97,7,3,4,289.8
33,109,10,7,3,439
33,126,3,1,2,0
34,33,2,1,1,0
34,34,5,2,3,229
34,42,8,6,2,307.2
34,43,4,1,3,0
34,87,18,11,7,666
34,94,3,1,2,0
34,97,2,1,1,0
34,109,14,9,5,495.6
34,110,4,1,3,0
34,126,13,5,8,734.5
35,42,9,5,4,461.7
35,87,39,19,20,1599
35,109,44,21,23,1821.6
35,123,5,3,2,147
35,126,2,1,1,0
35,127,16,8,8,593.6
36,41,4,1,3,0
36,42,14,6,8,555.8
36,86,6,3,3,262.2
36,87,81,46,35,3191.4
36,88,6,2,4,282
36,109,29,12,17,1235.4
36,126,8,3,5,206.4
36,127,23,13,10,1168.4
37,33,1,1,0,0
37,40,1,1,0,0
37,87,41,22,19,1734.3
37,127,4,2,2,0
38,31,2,1,1,0
38,32,12,6,6,541.2
38,33,3,2,1,0
38,39,9,5,4,136.8
38,40,3,1,2,0
38,87,36,22,14,1162.8
38,88,4,3,1,0
38,109,6,4,2,256.8
39,34,8,3,5,366.4
39,38,7,3,4,300.3
39,39,18,9,9,680.4
39,87,23,10,13,798.1
39,88,8,4,4,368
39,109,11,6,5,511.5
39,110,2,1,1,0
40,35,2,1,1,0
40,37,14,6,8,596.4
40,38,4,2,2,0
40,87,17,8,9,656.2
40,88,19,10,9,925.3
40,110,7,5,2,268.8
40,119,1,1,0,0
41,36,47,26,21,2251.3
41,37,29,15,14,1012.1
41,53,3,1,2,0
41,88,13,7,6,575.9
41,109,2,1,1,0
41,110,53,28,25,2247.2
42,39,3,2,1,0
42,53,11,5,6,532.4
42,88,6,4,2,400.8
42,89,12,9,3,562.8
42,110,94,48,46,3412.2
42,111,52,26,26,2386.8
42,116,1,1,0,0
42,117,2,1,1,0
42,122,7,5,2,317.1
43,39,4,2,2,0
43,89,30,17,13,1293
43,101,4,2,2,0
43,109,2,1,1,0
43,110,4,2,2,0
43,111,7,3,4,116.9
43,112,15,8,7,562.5
43,114,3,2,1,0
43,115,6,4,2,235.2
43,116,16,7,9,598.4
43,117,38,19,19,1664.4
44,40,3,2,1,0
44,51,6,4,2,325.8
44,89,58,30,28,2540.4
44,90,9,7,2,501.3
44,102,1,1,0,0
44,111,29,17,12,835.2
44,112,16,10,6,670.4
44,113,49,28,21,2116.8
44,114,3,2,1,0
44,118,22,10,12,706.2
44,124,6,3,3,334.8
44,125,5,2,3,163
44,126,13,8,5,466.7
45,40,2,1,1,0
45,89,23,14,9,982.1
45,90,40,19,21,1824
45,91,2,1,1,0
45,110,5,3,2,257
45,111,7,2,5,294.7
45,112,1,0,1,0
45,113,11,6,5,377.3
45,114,6,3,3,376.2
45,118,19,8,11,836
45,119,43,21,22,1698.5
45,120,8,5,3,320.8
45,127,36,18,18,1108.8
46,40,7,3,4,265.3
46,90,12,8,4,283.2
46,91,29,17,12,1339.8
46,102,3,2,1,0
46,103,4,2,2,0
46,113,10,5,5,531
46,114,11,6,5,548.9
46,118,22,11,11,737
46,119,454,218,236,19930.6
46,120,248,132,116,9746.4
47,40,1,1,0,0
47,49,5,3,2,139
47,50,5,2,3,187
47,91,16,8,8,750.4
47,92,16,9,7,739.2
47,110,6,3,3,277.2
47,118,54,28,26,1987.2
47,119,632,296,336,28376.8
47,120,765,392,373,32283
47,121,336,167,169,12734.4
47,122,16,7,9,572.8
48,49,2,1,1,0
48,91,14,6,8,379.4
48,92,39,19,20,1770.6
48,118,51,27,24,2310.3
48,119,144,76,68,5889.6
48,121,9,4,5,381.6
48,122,39,19,20,1158.3
48,123,11,7,4,422.4
49,40,3,1,2,0
49,91,18,8,10,752.4
49,92,98,53,45,3920
49,93,7,4,3,263.9
49,114,3,2,1,0
49,119,11,4,7,400.4
49,120,8,3,5,287.2
49,123,15,6,9,510
49,124,5,2,3,293
49,125,23,12,11,788.9
49,126,8,4,4,194.4
50,39,1,1,0,0
50,91,86,44,42,3285.2
50,92,62,31,31,2938.8
50,93,94,46,48,3910.4
50,94,5,3,2,363
50,120,15,8,7,516
50,121,90,51,39,3195
50,124,16,7,9,478.4
50,125,5,3,2,188
50,126,11,7,4,542.3
51,42,2,1,1,0
51,44,10,6,4,404
51,48,10,4,6,334
51,90,3,2,1,0
51,91,23,11,12,627.9
51,92,244,108,136,12078
51,93,310,157,153,12834
51,94,42,24,18,1617
51,95,4,2,2,0
51,96,5,1,4,130
51,120,2,1,1,0
51,121,26,15,11,855.4
51,122,7,3,4,177.8
51,127,5,4,1,178
52,42,2,1,1,0
52,43,7,3,4,196.7
52,44,4,3,1,0
52,46,2,1,1,0
52,91,18,12,6,743.4
52,92,68,28,40,3767.2
52,93,45,19,26,1804.5
52,94,17,5,12,583.1
52,95,7,5,2,366.1
52,97,14,7,7,606.2
52,120,13,7,6,690.3
52,121,3,2,1,0
53,38,11,6,5,489.5
53,39,13,8,5,601.9
53,40,55,25,30,2216.5
53,41,21,9,12,867.3
53,90,1,0,1,0
53,91,47,24,23,1734.3
53,96,6,2,4,165
53,97,35,19,16,1340.5
53,120,8,5,3,347.2
53,121,10,6,4,440
54,37,2,1,1,0
54,38,11,5,6,408.1
54,39,10,6,4,634
54,40,5,3,2,151
54,90,8,4,4,511.2
54,91,6,4,2,220.2
54,94,19,8,11,805.6
54,96,23,12,11,761.3
54,97,36,18,18,1342.8
54,111,2,1,1,0
54,123,11,5,6,315.7
55,37,7,4,3,254.8
55,39,3,2,1,0
55,89,18,8,10,847.8
55,90,2,1,1,0
55,94,11,5,6,521.4
55,95,3,1,2,0
55,96,1,0,1,0
55,97,32,19,13,1280
55,122,7,2,5,216.3
55,123,6,2,4,234
56,38,19,9,10,710.6
56,39,11,5,6,536.8
56,40,6,3,3,271.2
56,88,3,2,1,0
56,89,25,12,13,917.5
56,94,4,3,1,0
56,95,11,5,6,482.9
56,97,15,10,5,684
56,98,1,1,0,0
56,122,7,4,3,195.3
56,124,7,5,2,175.7
56,125,6,3,3,277.2
56,127,2,1,1,0
57,37,2,1,1,0
57,38,15,9,6,768
57,40,13,6,7,587.6
57,88,7,4,3,378
57,89,1,1,0,0
57,94,5,2,3,91
57,97,23,14,9,1058
57,98,5,3,2,335
57,101,4,3,1,0
57,124,7,5,2,287.7
57,125,84,43,41,3603.6
58,40,7,4,3,356.3
58,41,16,8,8,614.4
58,42,5,2,3,211
58,88,16,12,4,702.4
58,89,10,6,4,503
58,97,37,19,18,1420.8
58,98,3,1,2,0
58,99,6,3,3,313.2
58,100,27,15,12,1228.5
58,101,14,7,7,379.4
58,123,1,1,0,0
58,125,17,10,7,892.5
58,126,10,5,5,243
59,42,23,12,11,846.4
59,43,3,1,2,0
59,87,7,4,3,268.1
59,88,2,1,1,0
59,97,13,7,6,526.5
59,100,5,2,3,201
59,101,21,10,11,714
59,109,5,3,2,348
59,125,2,1,1,0
59,126,23,13,10,1041.9
60,39,8,5,3,492
60,42,35,21,14,1375.5
60,43,30,14,16,1068
60,97,27,16,11,1050.3
60,99,8,4,4,508.8
60,110,4,3,1,0
60,111,6,2,4,253.2
61,39,1,1,0,0
61,40,3,2,1,0
61,42,67,34,33,3309.8
61,43,19,10,9,1060.2
61,44,1,0,1,0
61,87,8,3,5,368
61,97,23,15,8,954.5
61,99,6,3,3,249
61,100,8,4,4,450.4
61,102,12,6,6,640.8
61,111,2,1,1,0
62,26,5,3,2,166
62,39,9,6,3,366.3
62,40,3,2,1,0
62,41,4,2,2,0
62,42,48,23,25,1867.2
62,43,5,3,2,166
62,45,3,0,3,0
62,87,17,10,7,741.2
62,96,15,8,7,685.5
62,97,8,5,3,311.2
62,100,13,7,6,542.1
62,102,13,4,9,453.7
62,103,6,4,2,250.8
62,111,5,2,3,191
62,126,4,2,2,0
63,27,6,2,4,217.8
63,39,10,4,6,372
63,42,40,24,16,1900
63,86,7,4,3,284.9
63,87,2,1,1,0
63,96,8,3,5,330.4
63,101,7,4,3,319.2
63,103,8,4,4,304.8
63,104,3,2,1,0
63,126,24,10,14,1070.4
64,7,3,1,2,0
64,25,7,4,3,224.7
64,27,27,15,12,1363.5
64,28,27,13,14,1090.8
64,29,2,1,1,0
64,38,1,0,1,0
64,39,5,3,2,268
64,40,11,7,4,462
64,41,6,2,4,370.2
64,42,32,16,16,1155.2
64,43,36,21,15,1519.2
64,44,5,3,2,205
64,86,5,0,5,88
64,96,7,3,4,268.8
64,101,6,4,2,216
64,104,10,4,6,510
64,111,1,0,1,0
64,124,13,8,5,625.3
64,126,1,0,1,0
64,127,2,1,1,0
65,22,2,1,1,0
65,28,10,6,4,379
65,29,14,7,7,641.2
65,30,9,5,4,398.7
65,32,10,5,5,307
65,33,2,1,1,0
65,40,16,6,10,451.2
65,42,76,35,41,2614.4
65,43,54,30,24,2311.2
65,44,8,4,4,451.2
65,45,6,3,3,94.2
65,55,3,2,1,0
65,96,1,1,0,0
65,97,2,1,1,0
65,105,5,2,3,224
65,106,3,3,0,0
65,111,1,1,0,0
65,123,10,5,5,444
65,124,19,13,6,731.5
66,21,9,4,5,349.2
66,30,13,8,5,460.2
66,31,18,10,8,885.6
66,32,33,13,20,1445.4
66,33,15,8,7,666
66,34,6,4,2,252
66,35,6,1,5,171
66,36,2,1,1,0
66,40,20,9,11,712
66,41,13,7,6,548.6
66,42,197,95,102,6599.5
66,43,17,8,9,630.7
66,59,4,2,2,0
66,96,5,2,3,266
66,104,2,1,1,0
66,105,4,2,2,0
66,106,1,1,0,0
67,31,8,6,2,252.8
67,32,22,9,13,706.2
67,33,84,46,38,3242.4
67,34,3,1,2,0
67,35,21,12,9,982.8
67,36,45,22,23,1890
67,37,11,6,5,377.3
67,39,12,5,7,532.8
67,40,8,3,5,287.2
67,41,80,40,40,3248
67,42,12,6,6,282
67,59,23,13,10,1064.9
67,60,7,4,3,170.1
68,32,14,9,5,491.4
68,33,22,10,12,682
68,34,7,3,4,417.9
68,35,10,4,6,432
68,36,25,12,13,947.5
68,37,17,9,8,532.1
68,38,22,9,13,919.6
68,39,7,4,3,191.8
68,40,1,0,1,0
68,41,41,20,21,1578.5
68,59,13,7,6,583.7
68,60,26,17,9,1216.8
68,96,3,2,1,0
68,102,4,2,2,0
68,103,10,5,5,485
68,104,8,4,4,408.8
69,35,6,4,2,325.8
69,36,16,10,6,660.8
69,37,33,21,12,1343.1
69,38,18,9,9,903.6
69,39,51,30,21,2085.9
69,40,85,41,44,3468
69,41,56,29,27,2234.4
69,60,1,1,0,0
69,61,22,13,9,1102.2
69,95,1,1,0,0
69,96,2,1,1,0
69,103,9,5,4,434.7
69,105,7,1,6,426.3
70,37,24,15,9,1084.8
70,38,594,308,286,21087
70,39,1039,516,523,45923.8
70,40,287,136,151,10992.1
70,41,10,4,6,256
70,61,21,10,11,802.2
70,95,6,3,3,265.8
70,96,19,9,10,765.7
70,103,10,6,4,484
70,104,2,1,1,0
70,107,3,1,2,0
70,108,8,4,4,432
70,109,2,1,1,0
70,111,3,2,1,0
71,38,12,8,4,390
71,39,864,422,442,38534.4
71,40,696,318,378,33686.4
71,61,2,1,1,0
71,62,8,4,4,355.2
71,92,14,9,5,569.8
71,93,33,11,22,1465.2
71,94,33,16,17,1395.9
71,95,308,163,145,13367.2
71,96,24,15,9,1228.8
71,97,33,16,17,851.4
71,98,8,4,4,288
71,103,3,2,1,0
71,104,5,3,2,162
71,105,7,3,4,296.1
71,106,31,19,12,926.9
71,107,17,9,8,807.5
71,109,14,7,7,555.8
71,110,4,1,3,0
71,114,2,1,1,0
71,115,12,6,6,530.4
72,39,286,141,145,10267.4
72,40,532,272,260,21280
72,41,13,6,7,448.5
72,91,20,11,9,802
72,92,11,8,3,569.8
72,93,36,17,19,1512
72,94,13,8,5,582.4
72,95,18,8,10,577.8
72,97,26,12,14,871
72,98,64,28,36,2835.2
72,99,20,11,9,792
72,105,10,5,5,508
72,106,27,14,13,945
72,107,12,5,7,465.6
72,109,7,5,2,291.2
72,111,10,7,3,329
72,112,7,4,3,378
72,115,5,3,2,237
72,124,3,1,2,0
72,125,12,7,5,519.6
73,40,41,22,19,1447.3
73,41,46,22,24,2221.8
73,91,28,14,14,1360.8
73,92,6,5,1,193.8
73,94,6,4,2,319.8
73,96,3,1,2,0
73,98,4,2,2,0
73,99,15,10,5,655.5
73,100,11,3,8,332.2
73,107,28,17,11,786.8
73,111,1,1,0,0
73,112,2,1,1,0
73,113,7,5,2,224
73,115,6,3,3,211.8
73,116,33,19,14,1032.9
73,117,5,3,2,302
73,118,3,2,1,0
73,125,7,4,3,401.1
73,126,5,3,2,158
74,40,11,6,5,409.2
74,41,30,14,16,1257
74,42,26,14,12,1281.8
74,81,1,0,1,0
74,90,14,7,7,351.4
74,99,6,4,2,138
74,100,1,1,0,0
74,101,9,5,4,561.6
74,102,17,8,9,860.2
74,107,24,12,12,888
74,109,22,10,12,715
74,111,4,3,1,0
74,116,5,3,2,169
74,117,13,8,5,747.5
75,39,5,3,2,158
75,40,9,5,4,361.8
75,41,1,1,0,0
75,42,32,15,17,1321.6
75,43,6,5,1,276
75,68,6,4,2,106.8
75,81,2,1,1,0
75,88,23,14,9,963.7
75,89,7,4,3,331.1
75,90,39,20,19,1669.2
75,91,6,2,4,223.2
75,96,14,9,5,579.6
75,98,11,4,7,324.5
75,99,298,157,141,11055.8
75,102,9,5,4,443.7
75,106,2,1,1,0
75,107,4,2,2,0
75,110,13,8,5,384.8
75,111,5,3,2,186
75,115,2,1,1,0
75,116,9,6,3,342
75,117,11,5,6,515.9
75,118,5,4,1,312
75,119,2,1,1,0
76,40,1,1,0,0
76,42,7,5,2,216.3
76,43,45,20,25,1786.5
76,44,25,12,13,710
76,75,3,2,1,0
76,76,4,1,3,0
76,81,8,4,4,356.8
76,82,16,9,7,902.4
76,83,2,1,1,0
76,84,12,6,6,536.4
76,85,12,5,7,694.8
76,86,18,9,9,959.4
76,87,38,20,18,1352.8
76,88,30,18,12,1152
76,89,174,81,93,7673.4
76,90,306,150,156,13494.6
76,91,3,1,2,0
76,93,6,3,3,180
76,94,81,41,40,3037.5
76,95,88,46,42,3731.2
76,96,178,88,90,8205.8
76,97,141,67,74,6627
76,98,85,51,34,3162
76,99,3,2,1,0
76,102,11,4,7,508.2
76,112,14,8,6,694.4
76,114,3,1,2,0
76,115,4,2,2,0
76,116,4,1,3,0
76,117,13,8,5,514.8
76,118,4,2,2,0
76,121,1,1,0,0
77,42,1,1,0,0
77,43,2,1,1,0
77,44,8,4,4,354.4
77,75,20,11,9,986
77,76,4,2,2,0
77,81,9,4,5,315
77,82,101,53,48,4565.2
77,83,112,63,49,4435.2
77,84,11,5,6,401.5
77,85,12,6,6,504
77,86,24,9,15,950.4
77,87,14,8,6,473.2
77,88,63,32,31,2419.2
77,89,149,55,94,9014.5
77,90,9,3,6,383.4
77,94,11,3,8,358.6
77,96,6,3,3,258
77,97,14,6,8,656.6
77,98,219,108,111,9241.8
77,99,238,126,112,9900.8
77,100,112,60,52,4043.2
77,101,24,13,11,955.2
77,102,7,4,3,454.3
77,103,2,1,1,0
77,106,8,4,4,328
77,114,26,14,12,1027
77,115,8,6,2,302.4
78,42,4,1,3,0
78,44,7,2,5,200.2
78,46,6,4,2,280.8
78,74,8,2,6,400.8
78,75,18,9,9,883.8
78,76,15,8,7,595.5
78,77,11,6,5,568.7
78,78,3,2,1,0
78,79,10,6,4,301
78,81,4,2,2,0
78,82,78,37,41,3299.4
78,83,129,61,68,5817.9
78,84,24,13,11,1017.6
78,85,9,4,5,590.4
78,86,13,7,6,517.4
78,101,17,6,11,710.6
78,102,15,8,7,721.5
78,103,34,19,15,1370.2
78,106,18,9,9,817.2
78,114,5,2,3,200
78,115,8,5,3,458.4
78,116,20,15,5,492
79,43,2,0,2,0
79,44,1,0,1,0
79,46,1,1,0,0
79,73,1,1,0,0
79,74,18,11,7,831.6
79,76,6,5,1,280.2
79,77,3,2,1,0
79,78,7,3,4,347.2
79,79,10,7,3,455
79,80,28,18,10,1145.2
79,81,2,2,0,0
79,82,62,30,32,2504.8
79,83,5,2,3,218
79,93,2,1,1,0
79,96,5,3,2,208
79,102,51,28,23,1871.7
79,103,264,128,136,10084.8
79,104,31,17,14,1134.6
79,105,4,3,1,0
79,106,36,17,19,1332
79,107,1,1,0,0
79,111,15,8,7,571.5
79,112,23,14,9,811.9
79,114,3,2,1,0
79,115,21,8,13,934.5
79,116,9,5,4,324
79,117,13,8,5,448.5
80,42,1,1,0,0
80,45,2,1,1,0
80,46,13,6,7,539.5
80,67,1,1,0,0
80,68,11,5,6,349.8
80,69,3,2,1,0
80,70,1,1,0,0
80,71,2,1,1,0
80,72,14,7,7,798
80,73,34,19,15,1373.6
80,79,3,2,1,0
80,80,5,3,2,209
80,81,1,0,1,0
80,95,1,1,0,0
80,101,19,9,10,596.6
80,102,55,27,28,1991
80,103,36,18,18,1278
80,104,42,21,21,1407
80,105,41,20,21,1611.3
80,106,170,91,79,6817
80,108,30,13,17,945
80,109,24,11,13,741.6
80,110,24,13,11,900
80,111,19,10,9,722
80,112,27,11,16,1136.7
80,113,8,4,4,396.8
80,114,17,9,8,880.6
80,115,33,14,19,1382.7
80,117,4,2,2,0
81,45,47,24,23,1518.1
81,46,29,16,13,1336.9
81,47,3,2,1,0
81,53,2,1,1,0
81,67,49,27,22,2440.2
81,68,41,21,20,1594.9
81,69,12,7,5,685.2
81,70,96,47,49,4771.2
81,71,54,28,26,2332.8
81,72,8,3,5,244.8
81,103,10,6,4,453
81,104,2,2,0,0
81,106,189,91,98,6066.9
81,107,62,31,31,2560.6
81,108,67,36,31,2244.5
81,109,52,29,23,1996.8
81,110,18,6,12,792
81,111,34,17,17,1288.6
81,112,70,38,32,2891
81,113,69,31,38,2911.8
81,114,19,11,8,617.5
81,115,28,14,14,1176
81,118,7,3,4,231
82,45,13,7,6,439.4
82,46,10,5,5,221
82,47,2,1,1,0
82,53,12,6,6,520.8
82,67,80,45,35,3568
82,69,11,7,4,423.5
82,70,8,3,5,322.4
82,95,3,1,2,0
82,100,3,1,2,0
82,105,26,17,9,928.2
82,106,19,14,5,640.3
82,107,54,23,31,2154.6
82,108,48,27,21,1780.8
82,109,17,12,5,727.6
82,111,68,32,36,2305.2
82,112,92,43,49,2971.6
82,113,138,72,66,5133.6
82,114,16,9,7,868.8
82,115,75,40,35,3082.5
82,116,6,3,3,277.2
82,118,22,10,12,825
83,47,13,6,7,435.5
83,48,5,4,1,329
83,49,6,5,1,252
83,50,6,2,4,222
83,54,2,1,1,0
83,65,6,4,2,183
83,66,40,24,16,1644
83,67,12,5,7,436.8
83,94,9,3,6,462.6
83,99,2,2,0,0
83,103,1,1,0,0
83,105,12,7,5,465.6
83,106,48,28,20,1627.2
83,107,10,5,5,333
83,111,17,8,9,683.4
83,112,104,60,44,3619.2
83,113,311,152,159,12440
83,114,49,24,25,1852.2
83,115,20,10,10,796
83,116,6,3,3,274.2
83,118,25,12,13,1005
83,119,32,15,17,1180.8
84,48,9,5,4,518.4
84,49,8,4,4,448.8
84,50,6,3,3,355.2
84,51,5,3,2,148
84,65,7,3,4,343.7
84,66,29,14,15,1142.6
84,67,9,4,5,381.6
84,103,2,0,2,0
84,106,12,6,6,513.6
84,111,5,3,2,168
84,112,12,8,4,440.4
84,113,783,353,430,37114.2
84,114,842,422,420,32164.4
84,115,144,76,68,5760
84,116,47,25,22,1800.1
84,117,2,2,0,0
84,118,151,81,70,4832
84,119,457,226,231,16452
84,120,6,4,2,204
85,49,1,1,0,0
85,50,16,8,8,662.4
85,51,4,2,2,0
85,53,6,3,3,171
85,54,1,0,1,0
85,65,21,10,11,791.7
85,66,9,4,5,442.8
85,92,1,1,0,0
85,104,12,6,6,462
85,112,64,31,33,2412.8
85,113,82,49,33,2779.8
85,114,15,8,7,484.5
85,115,809,386,423,31874.6
85,116,753,355,398,33056.7
85,117,816,386,430,38352
85,118,125,66,59,5425
85,120,3,2,1,0
85,124,2,1,1,0
86,49,1,1,0,0
86,50,2,1,1,0
86,51,19,10,9,887.3
86,55,16,11,5,585.6
86,56,3,1,2,0
86,65,8,4,4,316.8
86,104,3,1,2,0
86,105,2,2,0,0
86,112,9,4,5,249.3
86,115,68,37,31,2332.4
86,116,115,59,56,4301
86,117,948,502,446,38678.4
86,118,1761,883,878,69735.6
86,121,5,3,2,262
86,124,3,2,1,0
87,49,11,5,6,335.5
87,50,5,3,2,182
87,53,1,1,0,0
87,54,28,15,13,1358
87,55,26,11,15,982.8
87,56,26,11,15,1001
87,57,19,10,9,969
87,58,12,7,5,600
87,59,6,3,3,330
87,64,1,1,0,0
87,94,15,9,6,649.5
87,99,1,1,0,0
87,100,1,0,1,0
87,118,32,18,14,905.6
87,121,9,5,4,261
87,122,6,3,3,189
87,124,9,6,3,497.7
88,50,2,1,1,0
88,51,8,5,3,351.2
88,54,14,8,6,590.8
88,55,8,4,4,379.2
88,56,1,1,0,0
88,57,1,1,0,0
88,59,4,1,3,0
88,60,6,4,2,370.8
88,61,7,4,3,237.3
88,64,20,11,9,736
88,65,17,8,9,690.2
88,93,2,1,1,0
88,94,1,1,0,0
88,95,17,11,6,520.2
88,96,12,7,5,624
88,97,11,6,5,335.5
88,98,5,2,3,285
88,99,2,1,1,0
88,100,5,4,1,320
88,122,29,14,15,1528.3
88,124,22,11,11,781
89,47,11,5,6,347.6
89,50,10,3,7,280
89,51,32,14,18,1088
89,52,17,11,6,800.7
89,55,5,2,3,120
89,56,2,2,0,0
89,60,3,1,2,0
89,61,1,1,0,0
89,63,61,30,31,2403.4
89,64,294,150,144,14641.2
89,65,206,93,113,10567.8
89,97,13,6,7,429
89,98,5,2,3,278
89,111,3,1,2,0
89,122,9,5,4,366.3
89,123,6,3,3,390
89,124,22,11,11,937.2
90,47,2,1,1,0
90,49,3,0,3,0
90,50,18,10,8,802.8
90,51,54,26,28,1971
90,52,15,8,7,835.5
90,60,1,1,0,0
90,61,7,4,3,392
90,62,8,4,4,386.4
90,63,228,110,118,8139.6
90,64,160,83,77,6864
90,65,76,40,36,3845.6
90,66,4,2,2,0
90,67,2,1,1,0
90,68,4,2,2,0
90,94,8,4,4,392
90,95,9,4,5,362.7
90,96,97,50,47,3734.5
90,97,20,10,10,916
90,98,9,3,6,354.6
90,99,24,13,11,796.8
90,112,4,2,2,0
90,120,4,2,2,0
90,123,6,3,3,424.2
90,124,36,18,18,1429.2
91,51,4,2,2,0
91,61,2,1,1,0
91,62,15,7,8,583.5
91,63,3,3,0,0
91,64,2,1,1,0
91,67,1,1,0,0
91,68,6,3,3,268.2
91,69,1,0,1,0
91,93,8,4,4,152.8
91,94,30,13,17,1164
91,95,8,4,4,334.4
91,96,52,24,28,2459.6
91,97,10,5,5,490
91,98,1,1,0,0
91,99,18,9,9,577.8
91,109,13,6,7,555.1
91,110,17,9,8,707.2
91,111,29,17,12,1061.4
91,112,68,37,31,2475.2
91,118,2,1,1,0
91,121,12,6,6,526.8
91,125,9,8,1,367.2
92,61,5,3,2,117
92,63,1,0,1,0
92,68,17,10,7,644.3
92,69,10,5,5,417
92,92,6,3,3,190.2
92,93,18,10,8,709.2
92,95,33,19,14,1455.3
92,96,15,8,7,661.5
92,99,16,8,8,540.8
92,100,10,6,4,466
92,108,1,0,1,0
92,109,35,19,16,1053.5
92,110,51,24,27,1790.1
92,111,18,9,9,653.4
92,112,98,51,47,4194.4
92,113,37,20,17,1302.4
92,119,29,16,13,1255.7
92,120,1,1,0,0
92,121,72,34,38,2671.2
92,122,97,46,51,3104
93,61,1,1,0,0
93,67,9,6,3,356.4
93,68,18,8,10,639
93,69,4,2,2,0
93,92,2,1,1,0
93,93,5,3,2,194
93,94,8,4,4,160
93,95,6,4,2,187.2
93,96,4,3,1,0
93,98,7,3,4,242.9
93,100,12,6,6,379.2
93,101,12,6,6,504
93,108,3,2,1,0
93,109,3,1,2,0
93,110,24,16,8,876
93,112,32,19,13,1417.6
93,113,36,20,16,1591.2
93,114,4,3,1,0
93,119,3,2,1,0
93,120,16,8,8,713.6
93,121,222,116,106,8302.8
93,122,41,18,23,1627.7
94,32,1,1,0,0
94,50,5,3,2,240
94,67,16,11,5,617.6
94,68,4,3,1,0
94,69,15,7,8,670.5
94,91,6,3,3,217.8
94,92,4,3,1,0
94,93,14,5,9,484.4
94,94,25,16,9,1060
94,96,5,3,2,163
94,97,2,1,1,0
94,99,3,3,0,0
94,101,2,1,1,0
94,102,17,10,7,639.2
94,107,17,9,8,635.8
94,108,62,34,28,2467.6
94,109,25,12,13,790
94,110,36,18,18,1094.4
94,111,29,15,14,930.9
94,112,2,1,1,0
94,113,16,10,6,676.8
94,114,9,4,5,458.1
94,119,21,12,9,646.8
94,120,20,11,9,832
94,121,38,19,19,1535.2
95,47,10,4,6,288
95,49,2,1,1,0
95,50,4,2,2,0
95,69,14,5,9,519.4
95,70,16,10,6,659.2
95,71,3,1,2,0
95,72,1,0,1,0
95,92,29,14,15,1116.5
95,94,9,5,4,243.9
95,96,5,4,1,104
95,97,5,1,4,166
95,98,3,2,1,0
95,100,6,5,1,262.8
95,101,10,4,6,295
95,102,4,1,3,0
95,103,9,7,2,430.2
95,107,3,2,1,0
95,108,6,3,3,211.8
95,109,20,9,11,974
95,110,121,62,59,4731.1
95,111,95,50,45,4474.5
95,112,87,43,44,3062.4
95,113,10,6,4,241
95,114,281,154,127,10537.5
95,115,58,24,34,2157.6
95,116,10,6,4,278
95,119,438,232,206,12307.8
95,120,17,9,8,800.7
95,121,56,32,24,2111.2
95,122,4,1,3,0
96,72,18,8,10,784.8
96,73,9,4,5,387.9
96,74,3,2,1,0
96,92,4,2,2,0
96,93,3,2,1,0
96,97,44,22,22,1390.4
96,98,19,13,6,754.3
96,99,3,2,1,0
96,101,1,1,0,0
96,102,4,2,2,0
96,103,4,1,3,0
96,110,29,19,10,858.4
96,111,63,34,29,2475.9
96,112,72,37,35,2548.8
96,113,38,21,17,1276.8
96,114,14,7,7,442.4
96,115,46,25,21,2056.2
96,116,30,18,12,1116
96,117,9,4,5,500.4
96,118,32,19,13,1561.6
96,119,331,163,168,12213.9
96,120,411,216,195,15576.9
96,121,32,14,18,1024
97,43,3,1,2,0
97,44,5,2,3,146
97,72,22,10,12,728.2
97,73,12,6,6,573.6
97,74,28,15,13,1206.8
97,93,5,3,2,329
97,97,10,5,5,506
97,98,29,16,13,1035.3
97,99,23,15,8,1133.9
97,100,176,83,93,9398.4
97,101,346,183,163,12283
97,102,6,3,3,181.2
97,108,4,2,2,0
97,111,5,2,3,180
97,114,6,2,4,249
97,115,12,6,6,542.4
97,116,20,11,9,780
97,117,39,23,16,1634.1
97,118,66,32,34,2666.4
97,119,343,157,186,16395.4
97,120,157,83,74,7065
97,124,6,3,3,315
97,125,40,23,17,1812
97,126,12,7,5,499.2
97,127,71,41,30,2769
98,42,12,5,7,558
98,43,2,1,1,0
98,67,2,1,1,0
98,68,4,2,2,0
98,74,2,1,1,0
98,75,35,13,22,1235.5
98,85,6,4,2,214.8
98,93,4,1,3,0
98,94,11,5,6,407
98,99,3,1,2,0
98,101,14,8,6,418.6
98,102,103,56,47,4078.8
98,103,38,19,19,1694.8
98,107,8,3,5,310.4
98,108,33,15,18,1069.2
98,109,4,3,1,0
98,115,45,23,22,1458
98,118,33,18,15,1445.4
98,119,6,3,3,210
98,124,67,38,29,2579.5
98,125,14,7,7,782.6
98,126,19,10,9,991.8
98,127,18,7,11,644.4
99,40,15,7,8,568.5
99,42,7,3,4,422.1
99,58,1,1,0,0
99,59,6,3,3,249
99,61,1,1,0,0
99,65,3,2,1,0
99,67,2,1,1,0
99,68,2,1,1,0
99,69,4,2,2,0
99,75,33,17,16,1412.4
99,76,140,72,68,4984
99,77,75,36,39,3037.5
99,78,43,26,17,2055.4
99,79,23,13,10,834.9
99,85,2,1,1,0
99,98,2,1,1,0
99,99,6,4,2,172.8
99,100,4,4,0,0
99,102,4,2,2,0
99,103,19,9,10,807.5
99,104,8,3,5,263.2
99,105,10,5,5,570
99,106,4,2,2,0
99,107,19,10,9,752.4
99,108,53,27,26,2130.6
99,109,6,3,3,291
99,118,4,3,1,0
99,122,35,14,21,1505
99,123,30,16,14,1506
99,124,40,21,19,1580
99,125,11,6,5,222.2
99,126,13,9,4,456.3
99,127,2,2,0,0
100,37,28,14,14,1142.4
100,38,5,2,3,275
100,39,52,26,26,2246.4
100,40,4,2,2,0
100,70,15,6,9,574.5
100,73,14,7,7,708.4
100,74,55,27,28,2013
100,75,44,25,19,1698.4
100,76,103,53,50,4284.8
100,77,111,53,58,5294.7
100,78,7,4,3,235.9
100,79,25,11,14,1130
100,80,18,9,9,541.8
100,94,5,3,2,298
100,100,20,9,11,782
100,101,5,2,3,262
100,105,2,1,1,0
100,109,5,3,2,166
100,110,3,2,1,0
100,116,406,207,199,13276.2
100,117,192,96,96,5798.4
100,118,102,51,51,3743.4
100,122,46,22,24,1826.2
100,123,25,15,10,1082.5
100,124,20,9,11,672
100,125,16,7,9,761.6
100,126,28,15,13,1176
101,35,12,6,6,379.2
101,36,9,3,6,218.7
101,37,10,7,3,442
101,38,4,1,3,0
101,65,1,1,0,0
101,66,4,2,2,0
101,67,7,4,3,272.3
101,70,5,2,3,84
101,71,12,5,7,285.6
101,72,4,2,2,0
101,73,16,8,8,536
101,74,20,11,9,788
101,75,93,52,41,4036.2
101,76,26,15,11,1008.8
101,77,17,10,7,788.8
101,78,39,18,21,1115.4
101,80,1,1,0,0
101,93,8,4,4,368.8
101,94,36,19,17,1519.2
101,98,4,2,2,0
101,99,20,8,12,866
101,100,6,4,2,250.2
101,104,12,7,5,422.4
101,109,37,19,18,1246.9
101,110,55,25,30,2359.5
101,111,4,3,1,0
101,112,15,5,10,444
101,115,101,50,51,3474.4
101,116,405,205,200,12190.5
101,117,662,340,322,21912.2
101,118,21,9,12,606.9
101,121,34,21,13,1448.4
101,122,96,47,49,3254.4
101,123,36,20,16,1368
101,124,29,16,13,1142.6
101,125,7,4,3,212.8
101,126,5,1,4,214
101,127,10,5,5,431
102,34,28,11,17,918.4
102,35,18,7,11,730.8
102,60,2,1,1,0
102,63,8,3,5,319.2
102,64,4,2,2,0
102,65,5,1,4,136
102,66,6,4,2,390
102,67,8,3,5,239.2
102,68,4,2,2,0
102,69,14,6,8,488.6
102,70,21,10,11,917.7
102,71,32,17,15,1020.8
102,72,26,12,14,1274
102,73,23,9,14,1104
102,74,14,7,7,558.6
102,75,13,8,5,647.4
102,78,15,12,3,670.5
102,79,4,3,1,0
102,80,5,3,2,309
102,81,20,9,11,680
102,82,18,10,8,736.2
102,83,9,4,5,270.9
102,93,21,11,10,951.3
102,94,153,81,72,6533.1
102,95,40,23,17,1240
102,96,13,7,6,474.5
102,110,17,9,8,681.7
102,111,37,20,17,1357.9
102,112,107,57,50,4033.9
102,113,27,13,14,1098.9
102,114,51,29,22,2458.2
102,115,22,11,11,996.6
102,116,64,30,34,3206.4
102,117,603,294,309,21828.6
102,121,153,83,70,5890.5
102,122,523,234,289,20815.4
102,123,40,23,17,1536
102,124,87,37,50,3192.9
102,125,85,40,45,3935.5
102,126,50,24,26,1835
102,127,26,12,14,1102.4
103,33,42,21,21,2347.8
103,34,10,7,3,536
103,35,3,2,1,0
103,59,3,2,1,0
103,61,5,3,2,152
103,62,1,1,0,0
103,64,1,0,1,0
103,68,5,4,1,190
103,69,24,12,12,1135.2
103,70,4,3,1,0
103,71,4,2,2,0
103,79,7,5,2,133.7
103,80,18,10,8,685.8
103,81,34,21,13,1227.4
103,82,6,3,3,241.8
103,83,10,3,7,337
103,84,17,11,6,761.6
103,85,24,7,17,871.2
103,91,28,17,11,1145.2
103,92,57,29,28,2411.1
103,93,101,46,55,3555.2
103,94,495,251,244,16038
103,95,148,79,69,5742.4
103,96,51,27,24,1963.5
103,97,64,33,31,2707.2
103,103,1,1,0,0
103,111,108,61,47,3736.8
103,112,22,12,10,998.8
103,113,3,1,2,0
103,114,24,14,10,756
103,115,43,19,24,1836.1
103,116,87,44,43,3279.9
103,117,344,183,161,14035.2
103,118,179,87,92,6605.1
103,121,37,23,14,1613.2
103,122,40,19,21,1520
103,123,35,16,19,1463
103,124,9,3,6,237.6
104,23,4,2,2,0
104,30,3,1,2,0
104,31,1,1,0,0
104,32,16,7,9,713.6
104,33,64,29,35,2700.8
104,34,8,4,4,332.8
104,68,6,2,4,145.2
104,69,5,2,3,220
104,76,9,3,6,234
104,77,32,16,16,1356.8
104,78,8,4,4,183.2
104,81,37,19,18,1502.2
104,85,37,20,17,1572.5
104,86,149,78,71,6034.5
104,90,23,10,13,892.4
104,91,33,17,16,1329.9
104,92,51,24,27,2238.9
104,93,12,8,4,498
104,94,52,26,26,1705.6
104,95,30,18,12,1248
104,96,38,24,14,1782.2
104,97,101,39,62,6918.5
104,98,16,9,7,608
104,104,2,1,1,0
104,107,14,5,9,382.2
104,108,19,10,9,647.9
104,109,15,7,8,382.5
104,110,5,2,3,229
104,111,75,37,38,2520
104,112,193,94,99,6484.8
104,113,50,25,25,2005
104,114,13,7,6,535.6
104,115,17,9,8,916.3
104,116,24,15,9,871.2
104,117,18,7,11,430.2
104,118,33,16,17,1382.7
104,119,14,7,7,723.8
104,121,33,19,14,1260.6
105,27,2,2,0,0
105,28,1,0,1,0
105,30,1,1,0,0
105,31,6,4,2,165
105,32,20,9,11,758
105,33,2,1,1,0
105,73,4,1,3,0
105,75,5,2,3,94
105,77,12,5,7,468
105,78,2,1,1,0
105,79,4,3,1,0
105,80,1,0,1,0
105,84,2,2,0,0
105,85,91,42,49,3585.4
105,86,838,387,451,36201.6
105,87,242,116,126,9099.2
105,88,227,111,116,8240.1
105,89,25,12,13,832.5
105,90,30,15,15,1122
105,92,2,0,2,0
105,96,33,13,20,966.9
105,97,45,25,20,1705.5
105,98,127,64,63,5753.1
105,99,16,8,8,492.8
105,100,4,2,2,0
105,104,61,27,34,1970.3
105,105,103,52,51,3574.1
105,106,78,38,40,3182.4
105,107,33,17,16,1392.6
105,108,55,29,26,2222
105,109,9,5,4,512.1
105,110,15,9,6,721.5
105,111,45,21,24,1318.5
105,112,1002,506,496,31062
105,113,964,485,479,36439.2
105,114,103,57,46,3986.1
105,115,144,78,66,5572.8
105,116,56,30,26,1618.4
105,117,6,3,3,327
105,118,89,55,34,3204
105,119,25,16,9,992.5
105,120,17,10,7,855.1
105,121,32,17,15,1129.6
106,14,1,1,0,0
106,18,2,0,2,0
106,19,13,9,4,473.2
106,20,1,0,1,0
106,21,3,2,1,0
106,23,4,2,2,0
106,24,5,2,3,157
106,25,5,3,2,272
106,26,10,6,4,450
106,66,6,4,2,271.8
106,72,26,14,12,933.4
106,73,11,6,5,368.5
106,74,29,13,16,1075.9
106,75,3,1,2,0
106,76,16,8,8,622.4
106,85,44,26,18,1509.2
106,86,691,360,331,25290.6
106,87,42,21,21,1587.6
106,89,9,4,5,407.7
106,97,37,23,14,1217.3
106,98,514,282,232,19686.2
106,99,183,87,96,8893.8
106,100,16,8,8,585.6
106,101,33,17,16,1432.2
106,102,9,6,3,403.2
106,104,55,33,22,1859
106,105,34,19,15,1485.8
106,106,73,32,41,2503.9
106,107,153,78,75,5232.6
106,108,42,25,17,1780.8
106,109,30,14,16,1245
106,110,21,9,12,585.9
106,111,8,6,2,464
106,112,37,20,17,1413.4
106,113,283,136,147,9905
106,114,627,324,303,24390.3
106,115,222,111,111,8791.2
106,116,147,73,74,4498.2
106,117,47,27,20,1865.9
106,118,42,22,20,1873.2
106,120,59,29,30,2059.1
106,121,264,132,132,10137.6
106,122,157,78,79,5730.5
107,15,2,0,2,0
107,16,6,3,3,169.8
107,18,3,2,1,0
107,20,1,1,0,0
107,21,3,2,1,0
107,70,10,7,3,214
107,71,7,5,2,326.2
107,72,4,2,2,0
107,73,4,3,1,0
107,75,23,16,7,814.2
107,76,9,4,5,398.7
107,78,7,4,3,226.8
107,83,1,1,0,0
107,84,28,13,15,826
107,85,80,44,36,2840
107,86,5,3,2,197
107,97,5,3,2,210
107,98,66,37,29,3319.8
107,99,245,123,122,8942.5
107,100,72,38,34,2721.6
107,101,9,5,4,459
107,102,8,4,4,351.2
107,103,50,25,25,2250
107,104,168,92,76,5980.8
107,105,15,9,6,684
107,106,27,12,15,1107
107,107,77,45,32,3418.8
107,108,366,186,180,14127.6
107,109,14,7,7,368.2
107,110,11,6,5,378.4
107,111,161,78,83,6005.3
107,112,115,53,62,4784
107,113,157,73,84,7174.9
107,114,933,402,531,52154.7
107,115,335,171,164,13065
107,116,43,22,21,1780.2
107,117,35,20,15,983.5
107,118,14,10,4,610.4
107,119,4,2,2,0
107,120,59,35,24,2242
107,121,86,48,38,3766.8
107,122,21,11,10,879.9
107,125,6,3,3,283.8
108,13,7,3,4,389.9
108,14,3,2,1,0
108,15,2,1,1,0
108,18,12,7,5,474
108,32,8,3,5,144
108,62,5,3,2,321
108,66,5,2,3,274
108,67,3,2,1,0
108,68,10,5,5,315
108,70,2,1,1,0
108,71,31,17,14,1178
108,72,4,1,3,0
108,73,16,10,6,492.8
108,74,20,8,12,786
108,75,20,10,10,972
108,77,5,2,3,332
108,83,6,3,3,259.2
108,84,10,6,4,636
108,96,4,2,2,0
108,97,23,13,10,1090.2
108,98,44,26,18,1592.8
108,100,49,26,23,1710.1
108,101,55,26,29,1886.5
108,102,67,34,33,2358.4
108,103,136,67,69,5372
108,104,356,172,184,13634.8
108,105,32,18,14,1280
108,106,45,23,22,2070
108,107,14,8,6,644
108,112,192,99,93,7468.8
108,113,452,216,236,15639.2
108,114,150,82,68,5625
108,115,69,38,31,2753.1
108,116,44,20,24,1874.4
108,117,21,12,9,844.2
108,118,108,52,56,4320
108,119,72,37,35,3672
108,120,26,10,16,1045.2
108,121,89,45,44,3284.1
108,122,21,12,9,1008
108,126,21,11,10,772.8
108,127,16,10,6,627.2
109,4,3,2,1,0
109,14,16,9,7,625.6
109,68,4,1,3,0
109,71,7,3,4,242.2
109,74,4,2,2,0
109,83,13,7,6,533
109,97,4,3,1,0
109,101,13,7,6,640.9
109,102,10,5,5,477
109,103,53,29,24,1706.6
109,104,9,5,4,242.1
109,105,27,13,14,1020.6
109,113,99,51,48,3356.1
109,114,656,327,329,21451.2
109,115,24,12,12,1039.2
109,116,43,25,18,1384.6
109,117,25,14,11,1095
109,118,492,239,253,16629.6
109,119,181,90,91,4923.2
109,120,24,12,12,919.2
109,121,161,84,77,5892.6
109,123,60,29,31,2598
109,124,11,6,5,514.8
109,125,20,10,10,768
109,126,320,161,159,11744
109,127,55,29,26,2409
110,4,1,1,0,0
110,71,19,9,10,818.9
110,83,11,7,4,552.2
110,84,4,3,1,0
110,102,26,15,11,1001
110,103,72,43,29,2613.6
110,104,79,45,34,2607
110,105,25,13,12,777.5
110,114,226,117,109,6373.2
110,115,100,56,44,3630
110,116,78,40,38,2769
110,117,37,19,18,1594.7
110,118,106,59,47,3741.8
110,119,35,16,19,1638
110,120,3374,1605,1769,128212
110,121,2812,1448,1364,103762.8
110,122,109,58,51,4349.1
110,123,514,253,261,19943.2
110,124,1725,881,844,59857.5
110,125,1662,838,824,59167.2
110,126,1450,733,717,50025
110,127,925,480,445,32745
111,4,5,3,2,207
111,5,1,0,1,0
111,12,1,0,1,0
111,13,1,0,1,0
111,55,2,1,1,0
111,63,3,2,1,0
111,70,9,6,3,334.8
111,71,12,5,7,435.6
111,83,3,2,1,0
111,84,10,5,5,371
111,103,11,7,4,418
111,104,39,23,16,1513.2
111,105,92,52,40,3348.8
111,106,6,3,3,298.2
111,115,29,17,12,1186.1
111,116,50,28,22,1785
111,117,82,43,39,2287.8
111,118,75,40,35,2700
111,119,120,76,44,4332
111,120,1310,667,643,50959
111,121,2614,1304,1310,103253
111,122,3767,1790,1977,145029.5
111,123,4481,2173,2308,172070.4
111,124,1979,979,1000,70056.6
111,125,2683,1351,1332,100075.9
111,126,2891,1456,1435,105521.5
111,127,1257,659,598,44120.7
112,4,16,9,7,793.6
112,5,2,1,1,0
112,11,3,2,1,0
112,61,9,6,3,276.3
112,62,1,1,0,0
112,63,5,3,2,316
112,64,16,9,7,697.6
112,65,14,5,9,498.4
112,66,18,9,9,831.6
112,80,2,1,1,0
112,83,17,8,9,851.7
112,84,17,8,9,848.3
112,117,18,7,11,1006.2
112,118,29,15,14,1438.4
112,119,254,132,122,9017
112,120,1277,669,608,48526
112,121,2474,1261,1213,92280.2
112,122,885,439,446,33541.5
112,123,1902,943,959,67711.2
112,124,1249,635,614,46462.8
112,125,3010,1465,1545,122808
112,126,3426,1674,1752,131558.4
112,127,3543,1714,1829,144908.7
113,4,1,1,0,0
113,11,4,2,2,0
113,61,2,1,1,0
113,62,2,1,1,0
113,65,5,2,3,207
113,66,6,3,3,283.2
113,67,9,4,5,533.7
113,68,12,6,6,591.6
113,71,21,11,10,911.4
113,72,7,5,2,245.7
113,73,5,1,4,172
113,74,1,1,0,0
113,82,29,17,12,1612.4
113,83,32,17,15,1446.4
113,84,3,2,1,0
113,105,15,7,8,552
113,117,10,6,4,567
113,118,1,0,1,0
113,119,4,2,2,0
113,120,777,414,363,24630.9
113,121,2646,1319,1327,93403.8
113,122,3296,1647,1649,128214.4
113,123,1323,669,654,51993.9
113,124,1949,1012,937,68604.8
113,125,1067,582,485,38518.7
113,126,2089,1068,1021,74995.1
113,127,1275,702,573,44880
114,4,8,4,4,411.2
114,62,6,1,5,211.2
114,66,2,1,1,0
114,67,45,24,21,1782
114,68,69,25,44,2891.1
114,69,21,13,8,879.9
114,70,12,5,7,540
114,71,6,3,3,226.2
114,72,18,8,10,682.2
114,73,3,2,1,0
114,74,18,9,9,694.8
114,75,9,4,5,421.2
114,76,8,4,4,424.8
114,78,8,4,4,432.8
114,80,20,10,10,750
114,81,8,3,5,352
114,82,31,23,8,1357.8
114,107,58,34,24,1914
114,108,40,20,20,1580
114,109,20,14,6,674
114,110,8,3,5,275.2
114,111,7,2,5,263.2
114,112,20,10,10,964
114,113,26,13,13,993.2
114,114,12,4,8,243.6
114,115,9,4,5,395.1
114,116,64,38,26,2028.8
114,117,31,16,15,1205.9
114,119,58,30,28,1803.8
114,120,28,13,15,1055.6
114,121,442,221,221,14939.6
114,122,743,382,361,27491
114,123,772,396,376,26942.8
114,124,1139,598,541,44990.5
114,125,1823,956,867,68727.1
114,126,1558,789,769,61541
114,127,2600,1364,1236,99320
115,3,5,2,3,184
115,4,6,2,4,213
115,11,7,4,3,287.7
115,65,5,2,3,148
115,66,6,1,5,256.8
115,68,11,6,5,408.1
115,73,6,2,4,94.8
115,75,9,5,4,315
115,76,4,3,1,0
115,77,12,5,7,729.6
115,78,2,1,1,0
115,80,35,18,17,1323
115,107,16,8,8,510.4
115,109,8,5,3,388.8
115,110,68,36,32,2318.8
115,111,25,14,11,950
115,112,41,22,19,1836.8
115,113,58,31,27,2227.2
115,114,36,18,18,1332
115,115,229,113,116,7763.1
115,116,1009,510,499,30976.3
115,117,35,16,19,1169
115,118,33,19,14,1072.5
115,119,31,20,11,1429.1
115,120,40,22,18,1856
115,121,46,30,16,1968.8
115,122,33,18,15,1551
115,123,115,62,53,4255
115,124,847,426,421,31339
115,125,4202,2061,2141,159255.8
115,126,3706,1802,1904,142310.4
115,127,3417,1849,1568,108318.9
116,3,6,4,2,310.8
116,4,10,4,6,360
116,10,12,6,6,558
116,11,5,2,3,178
116,61,5,4,1,212
116,62,13,4,9,590.2
116,63,18,12,6,428.4
116,64,25,12,13,1105
116,65,15,7,8,544.5
116,77,4,1,3,0
116,78,14,8,6,473.2
116,80,7,5,2,263.2
116,109,2,1,1,0
116,110,22,9,13,842.6
116,112,29,16,13,971.5
116,113,9,5,4,405.9
116,114,615,329,286,20479.5
116,115,750,393,357,27150
116,116,26,13,13,1271.4
116,117,48,22,26,1776
116,118,42,22,20,1192.8
116,119,34,20,14,1115.2
116,120,100,53,47,3660
116,121,37,22,15,1332
116,122,39,21,18,1524.9
116,123,32,14,18,1340.8
116,124,18,8,10,712.8
116,125,1170,583,587,44460
116,126,2965,1449,1516,118896.5
116,127,3655,1939,1716,134138.5
117,2,9,5,4,395.1
117,3,9,6,3,341.1
117,10,12,6,6,289.2
117,11,2,1,1,0
117,61,23,13,10,1304.1
117,62,8,4,4,363.2
117,64,2,1,1,0
117,77,1,1,0,0
117,78,5,1,4,184
117,81,5,3,2,149
117,82,2,1,1,0
117,83,4,2,2,0
117,109,30,18,12,906
117,113,54,30,24,2273.4
117,114,691,329,362,28814.7
117,115,1120,556,564,39872
117,116,58,36,22,1919.8
117,117,62,33,29,2945
117,118,39,18,21,1583.4
117,119,45,24,21,1746
117,120,89,38,51,3479.9
117,121,22,14,8,831.6
117,125,115,57,58,4232
117,126,751,389,362,27787
117,127,3404,1661,1743,140925.6
118,0,19,10,9,891.1
118,1,15,7,8,690
118,2,2,1,1,0
118,10,9,4,5,574.2
118,11,8,5,3,395.2
118,61,5,3,2,258
118,78,18,10,8,784.8
118,79,2,2,0,0
118,80,10,6,4,589
118,109,14,8,6,705.6
118,110,145,76,69,5060.5
118,114,145,81,64,7598
118,115,31,15,16,1267.9
118,116,27,16,11,1239.3
118,117,18,9,9,493.2
118,118,73,29,44,2576.9
118,119,18,9,9,709.2
118,120,340,155,185,10098
118,121,47,22,25,1767.2
118,122,20,10,10,788
118,126,353,184,169,12531.5
118,127,2399,1219,1180,87323.6
119,9,5,3,2,254
119,10,11,9,2,308
119,11,19,10,9,628.9
119,77,26,15,11,1071.2
119,78,47,20,27,1959.9
119,79,14,6,8,725.2
119,80,5,3,2,153
119,81,1,1,0,0
119,110,29,14,15,968.6
119,111,27,14,13,1061.1
119,117,67,31,36,2700.1
119,118,10,4,6,392
119,119,20,8,12,564
119,120,41,20,21,1791.7
119,121,16,10,6,908.8
119,122,69,28,41,2842.8
119,123,13,6,7,608.4
119,124,64,39,25,2252.8
119,125,59,32,27,1911.6
119,126,460,243,217,15732
119,127,623,318,305,21493.5
120,55,1,1,0,0
120,58,2,1,1,0
120,75,7,5,2,228.9
120,76,6,3,3,286.8
120,77,18,9,9,678.6
120,81,2,1,1,0
120,83,4,2,2,0
120,111,18,10,8,856.8
120,119,7,4,3,256.9
120,121,2,1,1,0
120,122,21,9,12,825.3
120,123,38,20,18,1303.4
120,124,2,1,1,0
120,125,142,75,67,6219.6
120,126,81,39,42,2883.6
120,127,781,391,390,24523.4
121,0,33,16,17,1491.6
121,1,4,2,2,0
121,6,9,4,5,198.9
121,7,2,0,2,0
121,55,1,0,1,0
121,75,30,12,18,966
121,76,4,2,2,0
121,111,1,1,0,0
121,119,8,6,2,424
121,121,8,8,0,352
121,122,18,10,8,455.4
121,123,10,6,4,287
121,124,35,18,17,1452.5
121,125,37,25,12,1483.7
121,126,124,56,68,3658
121,127,1435,691,744,46637.5
122,0,27,14,13,977.4
122,1,112,66,46,3808
122,2,28,15,13,1288
122,3,30,15,15,1221
122,4,23,13,10,805
122,5,18,7,11,550.8
122,12,4,1,3,0
122,71,1,0,1,0
122,74,5,3,2,204
122,75,40,19,21,1800
122,76,11,4,7,399.3
122,118,3,2,1,0
122,119,26,13,13,1164.8
122,124,22,12,10,794.2
122,125,21,10,11,686.7
122,126,23,12,11,1067.2
122,127,432,220,212,15206.4
123,0,55,26,29,1837
123,1,48,31,17,2083.2
123,2,68,29,39,2720
123,3,27,13,14,1193.4
123,4,1,1,0,0
123,72,11,6,5,442.2
123,73,22,11,11,902
123,74,74,37,37,3241.2
123,119,2,1,1,0
123,124,28,14,14,1136.8
123,125,12,8,4,578.4
123,126,20,14,6,678
124,0,113,54,59,6226.3
124,1,103,49,54,4645.3
124,2,8,5,3,298.4
124,6,3,2,1,0
124,72,8,3,5,364.8
124,73,33,15,18,1468.5
124,74,56,26,30,2010.4
124,122,1,1,0,0
124,123,9,3,6,205.2
124,125,1,1,0,0
124,126,7,3,4,203.7
125,0,331,160,171,14233
125,1,68,32,36,2781.2
125,8,3,2,1,0
125,65,1,1,0,0
125,68,14,8,6,519.4
125,69,19,10,9,866.4
125,70,28,13,15,1061.2
125,71,8,5,3,324
125,75,2,2,0,0
125,76,13,8,5,387.4
125,118,4,2,2,0
125,119,2,2,0,0
125,120,4,2,2,0
125,123,11,6,5,601.7
125,125,12,6,6,495.6
125,127,40,21,19,1620
126,0,123,67,56,4686.3
126,1,24,14,10,1036.8
126,2,28,14,14,1383.2
126,72,6,5,1,187.8
126,75,22,12,10,963.6
126,76,37,18,19,1554
126,111,4,1,3,0
126,112,25,16,9,825
126,118,2,1,1,0
126,119,7,3,4,427.7
126,124,40,24,16,1244
126,125,15,8,7,574.5
126,126,38,19,19,1345.2
126,127,32,17,15,1356.8
127,0,4,2,2,0
127,1,36,20,16,1548
127,2,13,7,6,764.4
127,75,124,64,60,5679.2
127,76,50,20,30,2975
127,77,5,3,2,286
127,111,7,3,4,361.2
127,112,48,27,21,1536
127,113,8,5,3,216
127,122,7,3,4,398.3
127,124,8,4,4,450.4
127,125,20,11,9,916
127,127,90,45,45,3177