x,y,p,m,f,ta
0,2,17,10,7,595.4
0,3,23,9,14,742
0,25,5,2,3,140
0,32,1,0,1,0
0,33,3,1,2,0
0,35,24,12,12,899.7
0,37,22,11,11,1058
0,41,61,31,30,2649.1
0,43,14,7,7,870
0,44,63,30,33,3190.1
0,49,34,18,16,1125.4
0,50,15,8,7,492
0,51,13,6,7,692.9
0,53,1,0,1,0
0,54,22,13,9,748.8
0,55,9,6,3,271.8
0,56,13,9,4,671
0,57,58,29,29,2998.3
0,58,1,0,1,0
0,59,1,0,1,0
0,62,31,14,17,967.2
0,64,20,11,9,754
0,65,44,23,21,1910.6
0,66,11,4,7,244.8
0,69,3,1,2,0
0,70,6,2,4,0
0,71,133,63,70,6124
0,72,44,22,22,1997.6
1,1,8,4,4,236.8
1,2,31,19,12,1169.8
1,26,19,9,10,768.3
1,31,1,1,0,0
1,32,46,22,24,2005.5
1,35,2,2,0,0
1,36,81,46,35,3245.3
1,37,103,53,50,4306.7
1,38,64,35,29,3097.6
1,41,68,35,33,2831.9
1,42,14,8,6,393.4
1,44,45,27,18,1922.4
1,45,10,5,5,470
1,48,38,17,21,1677.6
1,49,143,70,73,5933.9
1,50,14,6,8,889
1,52,10,4,6,358.2
1,53,10,3,7,334.8
1,56,3,2,1,0
1,57,30,16,14,1256
1,58,42,23,19,1767.2
1,62,5,2,3,350
1,65,32,18,14,1328
1,66,56,33,23,1848
1,67,15,8,7,547
1,68,32,16,16,1188.3
1,69,81,45,36,4030.2
1,70,80,42,38,3495
2,0,16,9,7,681.6
2,1,59,32,27,2339.9
2,26,13,4,9,524.4
2,27,21,13,8,926.8
2,31,4,1,3,0
2,32,2,1,1,0
2,35,11,6,5,399.7
2,37,2,2,0,0
2,38,36,15,21,1173
2,39,13,5,8,319.2
2,40,18,8,10,417.6
2,42,45,23,22,1773.3000000000002
2,43,1,1,0,0
2,46,16,10,6,537.6
2,49,13,7,6,297
2,50,54,25,29,2184.3999999999996
2,51,52,25,27,2410.8
2,52,63,29,34,2505
2,53,20,10,10,768.5
2,56,4,3,1,0
2,57,5,2,3,151
2,58,3,2,1,0
2,63,7,3,4,384
2,66,9,3,6,530.4
2,67,15,8,7,673.5
3,0,23,12,11,980.2
3,27,45,24,21,1924.1000000000001
3,28,77,40,37,2567.6
3,29,52,23,29,2410.7000000000003
3,30,3,2,1,0
3,31,10,5,5,645
3,36,2,1,1,0
3,38,13,7,6,393.9
3,39,9,6,3,316.8
3,45,43,23,20,1735.3
3,46,45,21,24,2217.5
3,49,6,4,2,0
3,50,13,7,6,693.0999999999999
3,51,2,1,1,0
3,52,210,96,114,10081.2
3,53,9,5,4,473.4
3,55,1,1,0,0
3,58,6,3,3,268.8
3,59,15,9,6,791
3,60,12,6,6,447
4,0,51,22,29,2469
4,28,9,3,6,279.9
4,29,68,35,33,2908.7
4,31,8,5,3,348.8
4,36,4,3,1,0
4,39,1,1,0,0
4,40,8,4,4,299.2
4,45,77,40,37,3680.1
4,46,77,40,37,3387.1000000000004
4,47,4,3,1,0
4,50,115,62,53,5315.7
4,51,2,1,1,0
4,52,41,27,14,1084.5
4,53,10,5,5,376.8
4,54,2,1,1,0
4,55,9,4,5,500.4
4,56,5,3,2,286
4,59,67,33,34,2806.2
5,28,49,21,28,1730.4
5,31,6,3,3,399
5,36,9,4,5,384.3
5,37,12,7,5,672
5,38,1,1,0,0
5,39,18,7,11,571.8
5,41,25,13,12,931
5,42,2,1,1,0
5,44,1,1,0,0
5,47,4,2,2,0
5,49,15,7,8,370.7
5,50,42,22,20,1606.5
5,52,17,8,9,833.1
5,57,15,6,9,535.5
5,59,45,25,20,1812.3
5,60,34,18,16,1178.1
5,71,6,3,3,433.8
5,72,1,0,1,0
6,23,2,1,1,0
6,24,4,2,2,0
6,25,26,14,12,1017.4
6,26,738,367,371,29034.8
6,27,8,3,5,304
6,30,146,76,70,6479.6
6,31,4,2,2,0
6,32,45,22,23,2178
6,33,32,15,17,1426.8
6,34,18,8,10,560.7
6,35,49,25,24,1935.5
6,37,18,11,7,694.8
6,38,16,7,9,578.2
6,39,24,11,13,1125.6
6,40,78,47,31,3189.5
6,41,14,2,12,1257.2
6,42,8,3,5,422.4
6,43,2,1,1,0
6,44,13,6,7,460
6,45,2,1,1,0
6,47,27,16,11,1352.7
6,48,12,6,6,726
6,52,34,18,16,1687.3999999999999
6,53,4,2,2,0
6,54,14,7,7,491
6,55,5,3,2,211
6,56,33,19,14,1379.6
6,57,17,11,6,765.3
6,58,7,2,5,354
6,59,110,57,53,4216
6,60,17,8,9,866.8
6,70,4,2,2,0
6,72,6,3,3,330
6,73,6,3,3,234
6,82,79,49,30,3912.6
7,26,2727,1373,1354,121369.79999999999
7,27,70,35,35,2541
7,31,88,46,42,4243.3
7,32,181,92,89,7382.5
7,33,5,4,1,187
7,35,33,18,15,1297.3
7,36,199,101,98,8097.9
7,37,47,26,21,1679.9
7,38,117,53,64,4297.4
7,39,16,8,8,492.8
7,42,23,11,12,977.5
7,43,48,25,23,2152.8999999999996
7,45,13,8,5,245
7,46,60,33,27,2403
7,48,4,1,3,0
7,52,14,8,6,575.4
7,54,21,11,10,1229.4
7,62,23,11,12,1061.7
7,63,30,12,18,999
7,69,8,5,3,0
7,70,3,2,1,0
7,73,3,2,1,0
7,74,80,45,35,4142.6
7,75,12,5,7,486
7,82,23,15,8,934.4
7,83,9,5,4,198.9
8,25,61,35,26,2232.6
8,26,655,341,314,25297.9
8,31,8,4,4,326.4
8,37,3,1,2,0
8,38,52,31,21,2107.2
8,39,76,41,35,2482.7999999999997
8,43,7,2,5,366.8
8,44,15,8,7,589.5
8,45,40,24,16,1480
8,46,2,1,1,0
8,52,54,32,22,2852.2
8,53,23,11,12,784.3
8,54,13,7,6,690.3
8,57,94,54,40,4145.4
8,58,47,27,20,1848.3000000000002
8,59,32,18,14,1529.6
8,60,9,5,4,223.8
8,62,13,7,6,503.1
8,63,66,38,28,2710.1
8,64,11,6,5,430.1
8,69,10,4,6,608
8,73,1,1,0,0
8,74,14,7,7,456.2
8,75,49,29,20,2749.8
8,82,14,8,6,394.4
8,83,39,24,15,1212.9
9,25,389,195,194,14697.8
9,30,15,10,5,532.5
9,31,9,5,4,408.6
9,36,8,5,3,480.9
9,37,29,13,16,1107
9,38,58,30,28,1865.6
9,39,103,48,55,4095.4
9,42,17,8,9,512.2
9,44,20,10,10,820.8
9,46,38,19,19,1902.1
9,51,29,14,15,1160
9,52,64,34,30,3051
9,53,22,13,9,723
9,54,10,3,7,165.2
9,56,15,9,6,711
9,57,21,11,10,839.8
9,58,3,3,0,0
9,59,199,90,109,8745
9,60,86,43,43,4160
9,63,21,12,9,916.3
9,64,2,1,1,0
9,68,2,1,1,0
9,69,8,5,3,302.4
9,74,5,1,4,142
9,75,12,6,6,452
9,82,5,3,2,349
9,83,9,6,3,344.8
10,24,16,10,6,601.6
10,25,173,85,88,7907.6
10,35,9,7,2,0
10,36,15,7,8,466.5
10,37,14,7,7,590.8
10,39,20,12,8,938.4
10,40,7,3,4,268.1
10,43,60,33,27,2562
10,44,142,71,71,5389.2
10,45,5,4,1,179
10,46,76,46,30,3258
10,50,48,23,25,2443.2
10,51,103,54,49,3802.4
10,52,14,7,7,394
10,53,14,7,7,551.6
10,54,5,2,3,214
10,55,13,7,6,629.4
10,56,3,1,2,0
10,57,21,9,12,810.9
10,58,28,15,13,1146.7
10,59,109,52,57,5066.700000000001
10,60,425,200,225,16706.3
10,61,86,47,39,3226.1000000000004
10,62,3,2,1,0
10,64,4,2,2,0
10,65,3,1,2,0
10,75,6,2,4,268.2
10,76,9,6,3,178
10,77,1,1,0,0
10,82,3,1,2,0
10,83,63,34,29,2265.2
10,84,3,2,1,0
11,24,238,120,118,9706.8
11,25,244,130,114,9431.1
11,29,5,3,2,177
11,30,4,1,3,0
11,33,10,5,5,435
11,34,139,79,60,6410.5
11,40,54,26,28,2014
11,42,29,15,14,698.9
11,43,307,162,145,13613.1
11,44,204,99,105,8243.4
11,45,3,2,1,0
11,46,2,1,1,0
11,47,19,7,12,788.5
11,49,15,9,6,751.5
11,50,47,24,23,2188.7
11,51,38,20,18,1846.3
11,54,5,1,4,0
11,55,4,3,1,0
11,56,12,5,7,475.8
11,59,13,7,6,633.1
11,60,12,5,7,684
11,62,48,25,23,2052.4
11,63,5,3,2,342
11,66,15,9,6,327.2
11,69,1,1,0,0
11,75,28,14,14,1394.5
11,76,32,17,15,1101.9
11,82,8,5,3,0
11,84,35,17,18,1320
11,91,9,3,6,618.3
11,92,54,30,24,3503.3
12,24,24,12,12,1068.3000000000002
12,33,81,44,37,3390.7
12,34,36,20,16,1681.2
12,40,50,29,21,2017
12,41,45,25,20,1920
12,42,1574,778,796,60359.4
12,43,285,140,145,12272.699999999999
12,44,99,55,44,4430.9
12,47,40,24,16,1840.6000000000001
12,54,29,17,12,1609.1999999999998
12,60,3,2,1,0
12,62,35,20,15,1471.4
12,65,40,19,21,1249
12,66,20,9,11,705.6
12,70,2,1,1,0
12,77,2,2,0,0
12,82,27,13,14,1257
12,84,122,69,53,4822.7
13,23,6,4,2,343.2
13,24,38,23,15,1549.4
13,28,2,1,1,0
13,32,4,2,2,0
13,33,19,9,10,758.1
13,40,6,3,3,0
13,41,5,3,2,295
13,42,34,15,19,1774.8
13,43,606,289,317,30105.3
13,47,8,5,3,234.4
13,55,21,9,12,970.2
13,62,80,39,41,3457.3
13,63,6,3,3,207
13,64,4,3,1,0
13,65,17,8,9,685.1
13,66,19,8,11,866.4
13,70,8,5,3,485.1
13,75,2,1,1,0
13,77,34,20,14,1189
13,78,2,1,1,0
13,82,74,41,33,3298.2
13,83,30,19,11,1215.2
13,84,91,52,39,3798.9999999999995
13,93,22,12,10,880
14,23,37,19,18,1581
14,24,6,3,3,247.2
14,43,98,50,48,4030.1
14,47,1,1,0,0
14,48,7,5,2,0
14,54,31,16,15,1349.9
14,62,26,14,12,1183.1999999999998
14,63,19,10,9,636.8
14,64,60,28,32,2192.7
14,65,35,18,17,1508.7
14,66,48,27,21,1487.8
14,70,15,5,10,488.4
14,76,21,9,12,668.8
14,77,16,9,7,713.6
14,78,16,9,7,428.4
14,79,3,2,1,0
14,82,38,19,19,1228.4
14,84,74,41,33,2869.6
14,85,8,5,3,328
15,22,3,2,1,0
15,23,15,7,8,416
15,32,5,2,3,140
15,43,68,34,34,2454.9
15,48,4,3,1,0
15,54,2,1,1,0
15,62,15,8,7,541.8
15,63,8,4,4,340
15,66,16,8,8,633.6
15,67,91,48,43,3282.1
15,70,3,2,1,0
15,71,4,1,3,0
15,76,2,1,1,0
15,78,3,3,0,0
15,79,15,7,8,636
15,82,16,6,10,734.2
15,85,65,32,33,2597.2
15,86,10,6,4,359
15,88,64,32,32,2689.3
15,92,5,4,1,207
15,93,20,9,11,1194
16,16,5,1,4,157
16,21,5,2,3,139
16,22,15,7,8,377
16,31,1,1,0,0
16,43,45,21,24,1919.3
16,48,13,7,6,592.6
16,54,10,6,4,403
16,63,30,17,13,1144.8
16,67,3,2,1,0
16,70,4,2,2,0
16,71,4,2,2,0
16,75,23,11,12,868
16,79,187,94,93,7420.5
16,80,54,28,26,2155.3
16,83,3,2,1,0
16,85,33,17,16,1349.7
16,86,188,103,85,6455
16,87,88,49,39,2975.4
16,88,159,75,84,7293.6
16,89,60,32,28,2054.4
16,92,193,102,91,9325.5
16,93,10,4,6,532
17,16,2,1,1,0
17,17,3,1,2,0
17,21,20,11,9,735.5999999999999
17,43,62,33,29,2334.8
17,48,2,1,1,0
17,54,58,30,28,2512
17,55,4,1,3,0
17,61,5,3,2,137
17,63,40,19,21,1590.8000000000002
17,67,17,8,9,843.2
17,71,3,2,1,0
17,75,10,3,7,246
17,79,59,36,23,2241.6
17,80,96,51,45,4306.8
17,82,81,45,36,2891.7
17,86,32,17,15,1364.8000000000002
17,87,54,32,22,1975
17,88,42,20,22,1411.8
18,16,1,1,0,0
18,20,5,2,3,0
18,21,13,5,8,483.6
18,43,119,62,57,4894.2
18,44,7,3,4,270
18,54,27,12,15,1139.4
18,63,30,16,14,1263.5
18,67,13,8,5,196
18,68,1,1,0,0
18,70,4,1,3,0
18,71,4,1,3,0
18,76,15,7,8,581.1
18,79,78,45,33,3294.1000000000004
18,80,199,108,91,7623.4
18,82,171,85,86,6399.200000000001
18,83,84,47,37,2646.9
18,86,3,1,2,0
18,87,53,24,29,1973.8000000000002
18,88,20,16,4,802.5
19,15,1,1,0,0
19,16,16,8,8,543.6
19,17,4,1,3,0
19,19,39,20,19,1426.1
19,20,3,1,2,0
19,43,47,25,22,1801.3
19,44,17,11,6,526.5
19,54,16,10,6,519.6
19,55,2,1,1,0
19,67,4,4,0,0
19,76,9,3,6,277.8
19,77,19,9,10,748.5
19,78,116,60,56,4120.2
19,79,64,36,28,2184.7000000000003
19,80,92,49,43,3271
19,82,28,14,14,814.8
19,83,588,291,297,21015.6
19,84,676,308,368,28072
19,85,197,104,93,8224.1
19,86,263,130,133,10011.2
19,87,116,54,62,4086.6
19,88,150,81,69,6053.7
19,89,2,1,1,0
20,17,3,2,1,0
20,18,92,48,44,3868.7
20,19,4,2,2,0
20,26,3,1,2,0
20,43,18,10,8,716.4
20,44,39,18,21,1691.1
20,54,2,1,1,0
20,55,48,24,24,2221.2
20,59,5,4,1,185
20,64,7,4,3,212.1
20,66,12,6,6,262.2
20,67,2,1,1,0
20,71,7,3,4,235.2
20,77,4,2,2,0
20,78,9,4,5,163.8
20,79,48,26,22,1660.8
20,84,23,15,8,949.9
20,85,41,23,18,1455.8
20,86,70,32,38,2546.6
20,87,21,10,11,831.3
21,19,10,5,5,447
21,26,6,3,3,403.8
21,44,51,31,20,2330.1000000000004
21,50,4,2,2,0
21,54,5,2,3,124
21,55,154,75,79,6048.2
21,56,24,12,12,753.6
21,57,9,4,5,392.4
21,58,53,22,31,2177.9
21,61,6,4,2,304.2
21,65,38,18,20,1554.2
21,66,117,62,55,4682.7
21,67,6,3,3,289.2
21,71,12,5,7,625.9
21,75,1,1,0,0
21,78,30,19,11,1046.1
21,79,15,8,7,504
21,86,64,32,32,2393.6
21,87,10,7,3,245
22,20,5,3,2,0
22,25,6,4,2,313.8
22,44,92,47,45,3694.4
22,45,52,27,25,2357
22,51,1,1,0,0
22,55,42,22,20,1533.8
22,56,83,43,40,3501.3
22,57,10,6,4,387.1
22,59,91,43,48,3448.7
22,60,8,4,4,378.4
22,62,11,5,6,475.8
22,63,46,25,21,1570.6
22,64,32,17,15,938.8
22,65,25,15,10,1075.6
22,66,21,9,12,556.8
22,67,8,4,4,0
22,68,24,12,12,863.8
22,71,59,26,33,2879.2
22,72,25,14,11,1147.6
22,75,3,1,2,0
22,76,142,69,73,5551
22,77,822,386,436,35372.2
22,78,18,9,9,531
22,79,2,1,1,0
22,95,4,2,2,0
23,20,7,3,4,251.3
23,24,5,3,2,129
23,25,5,2,3,232
23,45,63,35,28,2519.1
23,46,18,9,9,844.2
23,51,7,4,3,0
23,56,12,6,6,561.6
23,57,13,7,6,574.6
23,59,1066,507,559,47860.2
23,60,1358,692,666,54582
23,61,18,8,10,725.4
23,66,23,11,12,920
23,67,3,1,2,0
23,68,9,4,5,211.8
23,72,45,24,21,1656.9
23,75,1,1,0,0
23,76,21,9,12,833
23,77,19,9,10,752.9000000000001
23,78,25,12,13,757.5
23,79,250,137,113,9494.2
24,20,6,3,3,364
24,24,2,1,1,0
24,45,31,13,18,1046.5
24,46,147,79,68,5837.900000000001
24,57,3,2,1,0
24,59,211,104,107,8675.5
24,60,18,8,10,676.7
24,61,60,32,28,1934.3000000000002
24,62,31,17,14,1180
24,63,16,8,8,492.8
24,66,9,6,3,232.8
24,67,49,24,25,1778.5
24,71,1,1,0,0
24,72,13,8,5,481.2
24,76,1,1,0,0
24,77,9,4,5,292.8
24,78,16,8,8,892.5
24,79,35,24,11,1311.6
24,80,19,10,9,986.1
24,81,40,22,18,1632
25,19,1,1,0,0
25,22,8,5,3,295.2
25,24,12,5,7,390
25,45,106,59,47,3937.2999999999997
25,46,713,329,384,32631.6
25,47,53,30,23,1994.2
25,48,5,1,4,120
25,60,140,82,58,4832.4
25,61,9,4,5,219.6
25,62,20,10,10,598.4
25,63,21,14,7,891.1
25,64,32,17,15,1238.4
25,70,4,2,2,0
25,71,27,13,14,1069.2
25,72,169,94,75,7328.5
25,73,44,23,21,2015.2
25,76,33,17,16,1211.8
25,78,2,1,1,0
25,79,25,14,11,717.5
25,80,255,137,118,9653.6
26,19,23,15,8,985.3
26,20,77,35,42,3026.6
26,21,8,3,5,0
26,22,3,3,0,0
26,23,2,1,1,0
26,45,64,35,29,2324.7
26,46,102,42,60,4993.8
26,47,20,9,11,833.1
26,48,63,31,32,2272.6
26,60,40,23,17,1782.6000000000001
26,64,4,3,1,0
26,65,1,0,1,0
26,69,5,3,2,177
26,70,20,12,8,1016.8
26,71,51,31,20,2137.6
26,73,126,61,65,5299.8
26,74,59,32,27,2333.7
26,75,58,28,30,2402.3
26,76,7,4,3,0
26,78,26,15,11,1025.3
26,79,86,47,39,3996.8
26,80,57,31,26,1809.6
26,81,12,5,7,256.8
26,97,4,3,1,0
27,18,13,6,7,470
27,19,20,12,8,889.8
27,20,5,3,2,141
27,44,19,8,11,824.6
27,45,29,13,16,1079.6999999999998
27,47,33,15,18,1318.3
27,48,85,45,40,3080.7
27,55,2,1,1,0
27,61,20,8,12,597
27,65,1,0,1,0
27,68,1,1,0,0
27,70,10,5,5,591
27,71,63,36,27,2377.7
27,73,5,3,2,350
27,74,231,125,106,8123.2
27,75,46,21,25,2088.4
27,78,33,20,13,1473
27,79,27,17,10,823.9
27,80,1,1,0,0
27,97,19,11,8,628.9
27,98,14,8,6,569.8
28,18,2,1,1,0
28,19,49,27,22,2065.8
28,20,20,9,11,886.4000000000001
28,44,39,17,22,1290.8
28,47,22,10,12,670.5
28,48,38,23,15,1639.6
28,49,6,4,2,325
28,50,4,3,1,0
28,61,10,5,5,183
28,62,90,47,43,3632.2000000000003
28,63,1,1,0,0
28,64,14,8,6,751.8
28,65,4,2,2,0
28,66,4,3,1,0
28,67,3,1,2,0
28,68,2,1,1,0
28,71,11,5,6,497.2
28,74,40,24,16,1320
28,75,17,11,6,550.8
28,98,2,1,1,0
29,20,23,12,11,924.7
29,21,28,14,14,878
29,43,8,4,4,276
29,44,28,19,9,1153.4
29,48,53,27,26,2095.1
29,49,11,5,6,465
29,50,65,32,33,2438.5
29,54,5,3,2,338
29,55,1,0,1,0
29,61,1,1,0,0
29,62,32,18,14,1316.6
29,63,37,19,18,1238.2
29,67,4,3,1,0
29,68,16,8,8,681.8
29,69,17,7,10,689.6
29,70,5,4,1,0
29,71,9,5,4,136.2
29,72,9,5,4,362.7
29,98,2,1,1,0
30,19,11,7,4,537
30,20,3,1,2,0
30,21,145,79,66,6621.499999999999
30,22,1,0,1,0
30,43,6,2,4,231
30,48,49,31,18,1989.9
30,49,15,8,7,778.5
30,50,10,5,5,434.4
30,51,15,7,8,724.5
30,55,10,4,6,241.2
30,64,1,0,1,0
30,67,10,6,4,318
30,68,10,6,4,395
30,71,21,14,7,646.8
30,72,6,4,2,307.2
31,13,12,6,6,384.6
31,19,20,11,9,755.6
31,20,14,7,7,387
31,21,86,47,39,3832
31,22,4,1,3,0
31,43,26,15,11,978.1
31,48,28,14,14,1246.2
31,50,20,12,8,862.8
31,51,29,13,16,1003.2
31,52,3,2,1,0
31,55,5,2,3,181
31,63,29,13,16,1349.4
31,68,2,2,0,0
31,72,6,4,2,280.2
31,73,2,1,1,0
31,74,5,3,2,229
31,75,11,7,4,555.5
31,78,34,17,17,1224
31,79,13,5,8,450.4
32,3,4,2,2,0
32,11,2,1,1,0
32,12,7,4,3,210.7
32,13,27,14,13,1274.4
32,14,60,30,30,2244.2
32,15,8,5,3,356.8
32,16,14,7,7,305.8
32,19,11,6,5,361
32,20,37,19,18,1383.8
32,21,182,92,90,6949
32,22,26,14,12,896.7
32,27,4,2,2,0
32,48,12,6,6,386.1
32,50,6,4,2,204
32,52,17,6,11,766.8
32,53,3,3,0,0
32,55,5,2,3,0
32,61,10,5,5,424
32,62,33,22,11,1288.1
32,63,4,2,2,0
32,67,3,2,1,0
32,68,12,6,6,478.8
32,70,7,5,2,206
32,73,6,3,3,298.8
32,79,11,6,5,394.4
33,10,8,4,4,332
33,15,38,23,15,1398.8
33,16,166,81,85,6312.9
33,17,44,21,23,1469.5
33,18,57,27,30,2106.5
33,19,11,6,5,499.4
33,20,126,63,63,5097.2
33,21,218,104,114,7470.200000000001
33,29,30,16,14,1485.5
33,30,9,6,3,314.1
33,48,6,3,3,0
33,52,6,3,3,0
33,53,3,1,2,0
33,68,23,12,11,595.2
33,70,13,9,4,614.9
33,72,3,1,2,0
33,75,3,2,1,0
33,76,2,1,1,0
33,79,44,25,19,2138.1
33,80,26,11,15,1066
34,16,35,17,18,1042
34,17,30,13,17,1291
34,18,86,50,36,3401.7000000000003
34,19,92,50,42,3927.5
34,20,171,84,87,7066.6
34,29,12,7,5,519.6
34,30,48,29,19,2142.7
34,47,2,1,1,0
34,48,11,5,6,343.7
34,51,23,12,11,916.7
34,52,16,8,8,476.4
34,56,2,1,1,0
34,64,142,76,66,6836.2
34,65,16,8,8,612.8
34,68,7,4,3,253.8
34,69,4,3,1,0
34,71,1,1,0,0
34,73,9,4,5,470.7
34,79,18,10,8,462
34,80,29,16,13,1008.5999999999999
34,87,8,5,3,261.1
34,88,4,3,1,0
35,18,31,20,11,1119.1
35,19,2465,1211,1254,102681.6
35,20,960,454,506,44049.8
35,30,22,11,11,700
35,31,8,4,4,339.2
35,46,49,21,28,2077.5
35,47,347,179,168,15285.300000000001
35,48,66,36,30,2672.3
35,49,8,4,4,272
35,51,12,7,5,498.6
35,52,16,8,8,474
35,53,50,29,21,1788.6
35,54,24,13,11,882
35,55,8,3,5,218
35,57,13,6,7,453.2
35,64,27,17,10,1129.6
35,65,27,14,13,789.6
35,68,2,1,1,0
35,69,1,0,1,0
35,73,3,2,1,0
35,74,5,3,2,201
35,75,8,5,3,502.4
35,87,2,1,1,0
36,19,251,120,131,9036
36,20,611,302,309,24141.7
36,45,52,27,25,2160.4
36,46,54,29,25,2353.1
36,47,37,19,18,1514.8
36,48,31,14,17,864
36,49,107,51,56,4564.6
36,50,11,5,6,386.1
36,52,11,6,5,497.2
36,53,60,33,27,2041.8999999999999
36,54,10,7,3,431
36,55,17,9,8,679.2
36,56,17,10,7,553.2
36,57,13,7,6,519
36,58,33,19,14,1225.5
36,59,4,2,2,0
36,62,24,14,10,838.1
36,63,6,3,3,186
36,64,12,4,8,450.1
36,65,18,12,6,638.4
36,75,13,5,8,364.7
36,78,163,78,85,7407.200000000001
37,19,5,3,2,148
37,20,50,25,25,1968.5
37,21,61,31,30,2729.5
37,34,6,4,2,94.8
37,40,3,1,2,0
37,44,24,16,8,1053.9
37,45,52,23,29,1918
37,48,14,8,6,568.4
37,49,327,173,154,11775.6
37,50,10,6,4,532.8
37,51,25,13,12,1208.1
37,53,30,16,14,818.4
37,54,22,12,10,649
37,55,25,16,9,650.1
37,58,46,26,20,2170.4
37,59,7,5,2,302
37,64,9,4,5,444.6
37,65,8,5,3,340.8
37,72,7,4,3,284.2
37,73,4,3,1,0
37,74,3,1,2,0
37,75,1,0,1,0
37,76,21,10,11,662.9000000000001
37,78,60,30,30,2609
37,79,89,52,37,3569.3999999999996
37,82,25,11,14,864.7
38,20,1,1,0,0
38,21,60,29,31,2171.4
38,22,36,18,18,1151.1
38,37,22,11,11,988
38,38,11,4,7,535.2
38,40,11,6,5,438.2
38,41,229,122,107,10055.3
38,42,50,23,27,2193.9
38,43,95,47,48,3860.1999999999994
38,44,404,187,217,19866.9
38,45,316,155,161,13716
38,46,6,3,3,168
38,47,174,87,87,7008.5
38,48,329,156,173,15416.1
38,49,563,278,285,23113
38,50,138,78,60,5329.799999999999
38,51,21,9,12,974.3
38,53,7,4,3,329.7
38,56,16,9,7,828.8
38,57,42,23,19,1261.4
38,58,18,11,7,479.4
38,59,4,2,2,0
38,60,2,1,1,0
38,75,33,17,16,1299.2
38,76,23,10,13,1124.6
38,79,22,14,8,981.2
38,80,116,65,51,4976.9
38,81,13,5,8,555.6
38,82,425,218,207,18574.3
38,85,83,47,36,3851.5
38,86,7,3,4,212.8
39,21,8,3,5,160.8
39,22,6,3,3,208
39,23,5,3,2,0
39,36,1,1,0,0
39,37,43,22,21,2159.5
39,38,36,22,14,1375.2
39,39,31,18,13,1090.8
39,40,36,24,12,1540.6000000000001
39,41,275,134,141,11139.4
39,42,29,15,14,1348.5
39,43,13,7,6,491.4
39,46,2,0,2,0
39,48,5,3,2,198
39,50,16,6,10,596.8
39,51,343,177,166,13470.199999999999
39,52,36,17,19,1043.2
39,53,55,29,26,2095.9
39,55,16,9,7,612.8
39,56,17,9,8,674.9
39,57,39,19,20,1689
39,58,43,28,15,1239.6
39,75,14,5,9,530.6
39,76,162,82,80,7104.9
39,79,19,10,9,644.1
39,80,857,424,433,33027.6
39,81,156,83,73,6175.5
39,82,243,124,119,9552.4
39,83,7,3,4,308.7
39,84,39,22,17,1908
39,85,5,2,3,89
39,86,36,20,16,1591.4
40,21,1,1,0,0
40,22,53,28,25,1617.2
40,23,55,29,26,2090.8
40,26,2,1,1,0
40,33,52,28,24,2340
40,34,73,41,32,2732.7000000000003
40,35,162,81,81,7335.3
40,36,56,28,28,2323.7
40,39,3,2,1,0
40,40,7,3,4,226.2
40,47,2,1,1,0
40,50,22,10,12,726
40,51,111,58,53,3869.4
40,52,92,48,44,3392
40,53,394,205,189,14816.5
40,54,163,85,78,5227.4
40,55,99,48,51,3517.8999999999996
40,56,188,91,97,7623.8
40,57,103,54,49,4507.9
40,58,3,1,2,0
40,59,6,2,4,181.8
40,68,20,9,11,609.2
40,69,3,1,2,0
40,76,95,51,44,3637.1
40,77,24,16,8,779.1
40,80,951,445,506,39706.8
40,81,163,82,81,5882
40,82,286,149,137,11088.2
40,83,127,58,69,5288.9
40,84,4,2,2,0
40,86,23,11,12,1124
40,87,115,72,43,4636.5
40,88,27,15,12,1302.9
41,22,12,7,5,416.4
41,23,15,8,7,540
41,24,12,7,5,684.7
41,25,6,3,3,175.8
41,26,10,6,4,458
41,27,2,1,1,0
41,32,10,6,4,228
41,33,143,76,67,6001.1
41,34,12,8,4,452.4
41,35,7,3,4,307.3
41,47,4,3,1,0
41,49,6,3,3,153
41,50,3,1,2,0
41,51,1,1,0,0
41,52,36,21,15,1292.7
41,53,134,72,62,4678
41,54,65,36,29,2543.5
41,55,85,42,43,2956.2
41,56,645,320,325,24762.899999999998
41,57,150,76,74,6007.400000000001
41,58,13,6,7,560.4
41,59,82,40,42,2972
41,68,39,23,16,1302.4
41,69,8,4,4,396.2
41,70,2,1,1,0
41,73,5,1,4,133
41,74,51,25,26,2143.7
41,76,53,28,25,2642
41,77,18,9,9,875.7
41,78,3,2,1,0
41,81,248,133,115,9661.3
41,82,482,239,243,19007.3
41,83,250,130,120,9880.7
41,84,192,98,94,6964.9
41,85,18,8,10,501.2
41,86,7,5,2,202.2
41,87,98,59,39,4033.5
41,88,78,38,40,3057
41,89,23,13,10,928
42,24,18,12,6,987.9000000000001
42,25,30,14,16,862.8
42,26,5,2,3,177
42,27,1,0,1,0
42,32,24,13,11,1024
42,33,50,23,27,2043.8
42,46,1,1,0,0
42,51,2,0,2,0
42,52,11,5,6,413.6
42,53,16,7,9,616
42,55,4,1,3,0
42,56,938,435,503,42212.600000000006
42,57,1719,846,873,65854.9
42,58,1598,776,822,71824.9
42,59,731,378,353,26677.399999999998
42,60,8,6,2,228
42,62,2,1,1,0
42,68,30,18,12,1074
42,69,82,44,38,3360
42,70,258,129,129,10987.1
42,71,10,7,3,563
42,73,20,10,10,908.9
42,74,11,10,1,296
42,81,378,194,184,14954.7
42,82,22,9,13,477.7
42,83,3,2,1,0
42,84,80,46,34,4175.2
42,85,28,13,15,983
42,87,2,1,1,0
42,88,5,2,3,117
42,89,162,81,81,6532.200000000001
42,90,11,5,6,630.3
43,24,11,5,6,315
43,25,25,15,10,1014.2
43,26,1,1,0,0
43,27,71,39,32,2926.2
43,28,51,25,26,2181.8
43,29,17,10,7,724.1
43,32,9,5,4,300.8
43,47,12,7,5,445.2
43,49,3,2,1,0
43,50,1,0,1,0
43,52,5,3,2,0
43,56,4,2,2,0
43,57,67,33,34,2539.3
43,58,1042,527,515,40435.7
43,59,1761,871,890,69202.8
43,60,15,9,6,538.1
43,61,6,3,3,177
43,62,13,8,5,526
43,68,27,14,13,1158.6
43,69,362,184,178,14095.6
43,70,169,78,91,8296.5
43,71,1,0,1,0
43,72,29,16,13,1763.8
43,76,41,22,19,1927
43,77,19,9,10,906.3
43,79,3,2,1,0
43,81,100,60,40,4459.6
43,82,7,3,4,367
43,83,28,12,16,1149.8
43,84,434,208,226,18222.6
43,85,88,43,45,2301.8
43,88,8,6,2,232
43,89,267,135,132,11127
43,90,34,16,18,1225.6
44,23,11,5,6,325.6
44,25,48,23,25,1483.6000000000001
44,26,18,11,7,698.4
44,27,25,11,14,1097.2
44,28,4,3,1,0
44,29,5,2,3,148
44,30,18,10,8,651
44,31,58,29,29,2453.4
44,32,546,267,279,26497.1
44,46,3,1,2,0
44,47,19,12,7,576
44,48,35,18,17,1283
44,49,11,5,6,275
44,50,5,4,1,310
44,55,4,2,2,0
44,61,40,20,20,2181.3
44,62,44,22,22,1704.6
44,66,27,15,12,1168.5
44,67,22,9,13,1004.2
44,68,25,14,11,1165
44,75,5,3,2,347
44,76,139,81,58,5452.3
44,77,44,21,23,1703.5
44,78,69,34,35,3099.6
44,79,110,54,56,4913.4
44,80,30,14,16,1323
44,81,13,9,4,296.4
44,82,54,27,27,2174.5
44,83,89,43,46,3667.2
44,84,912,420,492,43822
44,85,176,91,85,6298.000000000001
44,86,7,4,3,210.7
44,87,9,5,4,226.8
44,88,32,19,13,1164.8
44,89,88,47,41,3557.7
45,23,8,2,6,126
45,24,3,0,3,0
45,25,70,38,32,2737.2
45,26,15,8,7,805.5
45,30,18,10,8,637
45,31,236,108,128,8924.7
45,32,219,116,103,9830.7
45,33,7,4,3,0
45,34,11,5,6,256.2
45,46,4,2,2,0
45,47,64,32,32,2534.3
45,48,166,80,86,7531.6
45,49,57,29,28,1824.9
45,54,9,4,5,554.4
45,55,48,25,23,1765.8
45,56,71,37,34,2765
45,59,3,2,1,0
45,60,14,8,6,478.5
45,61,6,3,3,412.2
45,62,51,29,22,2151.4
45,66,34,17,17,1296
45,67,43,24,19,2039.2
45,71,13,5,8,558.1
45,72,73,38,35,3049.3
45,73,260,147,113,9639.300000000001
45,74,26,13,13,1037.4
45,77,17,11,6,974.1
45,78,9,5,4,328.3
45,79,76,40,36,2979.2
45,80,77,42,35,3215.2
45,82,132,66,66,4952.2
45,83,42,19,23,1490.1999999999998
45,84,66,32,34,2228.5
45,85,6,3,3,183
45,88,39,17,22,1413.9
45,89,39,19,20,1804.2
45,90,75,39,36,3014.7
45,91,97,52,45,4403.4
46,30,5,3,2,107
46,31,1,0,1,0
46,33,7,5,2,263.9
46,34,44,22,22,1509
46,42,1,1,0,0
46,46,38,21,17,1280.4
46,47,48,28,20,1905.6000000000001
46,48,23,13,10,776
46,49,25,12,13,893.1
46,50,37,22,15,1384.7
46,54,41,20,21,1130.6
46,55,91,48,43,3230.5
46,56,197,110,87,8231.7
46,57,4,3,1,0
46,59,26,14,12,1015.2
46,60,317,161,156,11543.6
46,61,134,67,67,4718.8
46,64,38,22,16,1417.4
46,65,33,15,18,1385.2
46,66,13,8,5,585
46,69,107,60,47,3412
46,70,90,47,43,3684.3
46,71,33,20,13,1180.3
46,72,171,87,84,6037.299999999999
46,73,104,56,48,3903.2
46,74,978,471,507,44946.3
46,75,41,20,21,1436.6
46,80,13,8,5,351
46,83,2,1,1,0
46,88,5,3,2,0
46,89,18,11,7,462
46,90,64,29,35,2780
46,91,255,125,130,10306.5
46,99,1,0,1,0
47,16,1,1,0,0
47,23,9,4,5,270
47,24,3,2,1,0
47,25,11,5,6,489.2
47,33,22,13,9,743.6
47,34,38,18,20,1372.6
47,35,18,11,7,678.4
47,36,1,0,1,0
47,45,6,3,3,205.8
47,46,46,22,24,1524.3
47,47,34,21,13,1214.4
47,48,18,11,7,331.2
47,49,5,4,1,0
47,50,17,10,7,535
47,51,32,18,14,1208.8
47,53,20,11,9,601.8
47,54,115,64,51,4329
47,55,296,153,143,12217.2
47,56,111,59,52,3709.7000000000003
47,57,347,182,165,13243.800000000001
47,58,6,4,2,151.8
47,59,436,234,202,12099.2
47,60,148,79,69,5515.4
47,61,5,2,3,151
47,68,22,12,10,884.4
47,69,207,100,107,8071.1
47,70,420,208,212,13563.900000000001
47,71,5,4,1,0
47,72,7,5,2,189.7
47,73,75,37,38,2823.8
47,74,478,229,249,18906.600000000002
47,75,55,28,27,2268.9
47,80,10,7,3,310.8
47,81,22,10,12,959.8
47,83,47,25,22,1961.2
47,86,6,2,4,109.2
47,89,2,1,1,0
47,90,87,47,40,3489.3999999999996
47,91,4,2,2,0
47,93,15,8,7,509.3
47,97,5,2,3,0
47,98,24,13,11,1282.4
47,99,11,6,5,345.6
48,21,4,2,2,0
48,22,6,3,3,208.2
48,36,67,32,35,2616.7
48,37,38,20,18,1351
48,46,10,6,4,0
48,48,56,28,28,1915.4
48,49,79,42,37,3097.3
48,50,474,247,227,19240.3
48,51,12,4,8,214.8
48,54,4,2,2,0
48,55,91,50,41,3294.8
48,56,105,53,52,3755.7
48,57,79,40,39,3178.7000000000003
48,58,95,51,44,3869.2
48,59,759,356,403,32118.7
48,60,514,270,244,19696.3
48,62,51,29,22,2059.2
48,63,91,49,42,3697.4
48,64,2,1,1,0
48,68,2,1,1,0
48,69,326,164,162,13414.5
48,70,241,130,111,10236.8
48,71,64,34,30,2332.7
48,72,4,2,2,0
48,73,23,12,11,598.4
48,74,41,21,20,1992.1999999999998
48,75,192,94,98,7063.4
48,76,1,0,1,0
48,81,19,9,10,918.1
48,83,27,15,12,1020.6
48,84,7,4,3,375.9
48,85,50,24,26,2081.2
48,86,2,1,1,0
48,92,18,10,8,1019.4000000000001
48,93,13,7,6,599.5
48,94,11,5,6,440
48,97,17,7,10,897.6
48,98,15,5,10,527.9
48,99,6,5,1,340.8
48,100,49,32,17,1950.9
49,20,16,7,9,563.2
49,21,19,9,10,587.6
49,29,6,3,3,237
49,31,4,1,3,0
49,32,4,2,2,0
49,33,2,1,1,0
49,34,9,5,4,0
49,37,71,31,40,2604.7
49,38,196,94,102,7672.8
49,39,67,37,30,2714
49,42,2,1,1,0
49,46,4,1,3,0
49,47,8,3,5,539.2
49,49,12,6,6,179.2
49,50,19,12,7,406.5
49,51,159,84,75,6797.4
49,52,19,9,10,839.8
49,53,31,13,18,1177.5
49,54,99,49,50,3348.4
49,57,44,23,21,1399.2
49,59,44,23,21,1762.5
49,61,61,28,33,2848.5
49,62,136,76,60,5160
49,63,47,26,21,1911.8
49,64,48,29,19,1888.3000000000002
49,69,121,67,54,4553.2
49,70,6,3,3,181.2
49,71,7,3,4,282.1
49,72,22,13,9,982.2
49,73,32,15,17,1254
49,74,64,38,26,2586.5
49,75,66,37,29,2495.5
49,76,34,19,15,1625.3000000000002
49,81,8,4,4,0
49,82,5,3,2,0
49,83,6,2,4,289.8
49,84,1,1,0,0
49,86,1,1,0,0
49,92,8,5,3,0
49,93,15,9,6,745.5
49,95,69,32,37,3141.6
49,96,13,8,5,536
49,97,3,2,1,0
49,99,54,34,20,2652.8
49,100,6,3,3,289.8
50,17,12,6,6,355.2
50,18,40,22,18,1623.3
50,19,65,30,35,2323.9
50,20,10,6,4,679
50,32,1,1,0,0
50,33,11,6,5,258.3
50,35,22,10,12,710.5
50,36,39,20,19,1471.5
50,37,212,115,97,8106
50,38,257,129,128,10866.3
50,39,69,32,37,2536.8
50,40,26,14,12,757.5
50,46,9,4,5,372.6
50,47,49,25,24,1687.5
50,49,27,12,15,1206.3
50,50,30,13,17,1079.3999999999999
50,52,14,8,6,398.4
50,54,30,17,13,930.8
50,55,60,30,30,2428.2
50,56,21,9,12,594.3
50,57,111,57,54,3762.9
50,58,1504,784,720,47148
50,59,108,55,53,4231.2
50,60,35,23,12,1403.5
50,61,173,89,84,6412.4
50,62,78,41,37,2837.8
50,63,49,25,24,2038.9
50,64,454,236,218,16249
50,65,35,18,17,1442
50,69,68,30,38,2023.3000000000002
50,70,4,2,2,0
50,71,13,8,5,235.2
50,72,88,42,46,3292.8999999999996
50,73,5,4,1,181
50,74,29,17,12,1084.6
50,75,22,11,11,879.6
50,76,16,9,7,761.2
50,77,29,12,17,1247
50,81,13,6,7,361.4
50,82,20,12,8,543.4
50,83,243,121,122,10518.6
50,84,42,20,22,2172
50,85,34,15,19,1645.4
50,86,15,6,9,724.2
50,92,6,2,4,379.2
50,93,22,12,10,715.7
50,94,3,2,1,0
50,96,9,5,4,495.9
50,97,34,17,17,1549.9
50,98,10,8,2,356.3
50,99,96,53,43,4910.4
50,100,19,11,8,864.7
50,101,6,3,3,384
51,16,47,22,25,2632
51,17,58,27,31,1939.5
51,29,2,1,1,0
51,30,7,4,3,142
51,31,11,5,6,295.2
51,32,9,3,6,126
51,33,12,7,5,598.8
51,34,41,21,20,1427.7
51,35,61,34,27,2061.8
51,36,51,21,30,2257
51,37,30,16,14,1371.1
51,39,31,21,10,1305.6000000000001
51,40,80,46,34,3027.7
51,41,41,18,23,1388
51,42,36,17,19,1429.6
51,45,25,16,9,1030
51,46,174,89,85,6700.9
51,47,799,402,397,28361.300000000003
51,48,137,67,70,5098.8
51,51,1,1,0,0
51,55,169,100,69,5843
51,56,156,82,74,6216.2
51,57,133,69,64,6011.2
51,58,1057,528,529,40682.4
51,59,187,93,94,6844.2
51,60,194,106,88,7300.5
51,61,598,282,316,23849.600000000002
51,62,180,79,101,7094.8
51,63,80,35,45,3109.2
51,64,109,57,52,4508.8
51,65,329,173,156,12872.100000000002
51,66,8,6,2,210.4
51,69,7,3,4,408.1
51,70,36,15,21,923.8
51,72,9,4,5,354.9
51,74,1,0,1,0
51,75,11,7,4,394.4
51,76,21,13,8,520.6
51,77,72,34,38,2722.8
51,82,23,12,11,1248.9
51,83,107,54,53,4237.3
51,84,22,10,12,1001.2
51,86,42,22,20,1353.1
51,93,37,21,16,1770.4
51,94,23,12,11,1120.8
51,95,35,18,17,1117.6
51,96,1,0,1,0
51,97,33,17,16,1452.8
51,98,64,39,25,2593
51,99,115,54,61,5713.6
51,100,19,10,9,873.6
51,101,37,20,17,1354.2
51,107,3,2,1,0
52,11,2,1,1,0
52,13,2,2,0,0
52,14,1,0,1,0
52,15,13,8,5,153
52,16,104,50,54,4173.1
52,17,6,3,3,352.8
52,30,1,0,1,0
52,34,9,4,5,133.2
52,36,4,1,3,0
52,37,5,2,3,84
52,38,51,24,27,1917.2
52,39,14,9,5,223.2
52,40,41,21,20,1616.4
52,42,138,70,68,5433
52,43,1233,583,650,51441.3
52,44,233,112,121,8590.9
52,45,90,47,43,3399.5
52,46,56,30,26,2691.9
52,47,79,44,35,3118.1
52,48,218,99,119,11363.2
52,49,178,93,85,7476.4
52,50,9,4,5,321.3
52,52,157,75,82,5305.5
52,53,119,61,58,4932.200000000001
52,54,95,49,46,3626.3999999999996
52,55,141,70,71,4774.8
52,56,2160,1088,1072,72976.3
52,57,283,154,129,10997.3
52,58,105,54,51,3139.3
52,59,169,98,71,6296.1
52,60,84,42,42,3221.1
52,65,60,30,30,2517.2
52,66,138,67,71,5573.6
52,71,76,34,42,2844
52,72,260,130,130,9722.699999999999
52,73,34,15,19,1163.2
52,74,11,4,7,456.5
52,77,48,30,18,1924.3
52,78,13,8,5,596.8
52,83,186,104,82,8797.9
52,86,27,11,16,1134.6
52,92,1,0,1,0
52,93,18,8,10,755.4000000000001
52,94,60,29,31,3054
52,95,12,7,5,749.1
52,96,13,4,9,532.8
52,98,14,6,8,453.6
52,100,4,2,2,0
52,108,5,2,3,140
53,7,3,1,2,0
53,8,10,4,6,213
53,9,18,11,7,466.7
53,10,9,5,4,0
53,11,5,3,2,320
53,12,11,6,5,433.8
53,13,9,5,4,432
53,35,10,7,3,194
53,36,35,21,14,1146.2
53,37,52,28,24,1773.2
53,38,25,13,12,966.3
53,39,9,5,4,263.7
53,41,1,1,0,0
53,42,152,83,69,5391.200000000001
53,43,741,383,358,26677.6
53,44,10,4,6,416
53,48,37,25,12,1101.6
53,49,1008,523,485,40312.7
53,50,126,68,58,5089
53,51,84,45,39,3424.8999999999996
53,52,268,149,119,10074.3
53,53,349,172,177,12677.6
53,54,453,232,221,17012.6
53,55,171,90,81,6799.1
53,56,600,289,311,23330
53,57,1957,931,1026,90958.5
53,58,257,131,126,8729.6
53,59,69,39,30,2723.1
53,60,478,242,236,18144.6
53,61,186,94,92,6593.7
53,62,5,2,3,223
53,66,3,2,1,0
53,71,7,4,3,443.1
53,72,521,263,258,21894.9
53,74,32,19,13,1244.8
53,78,30,16,14,1373.1
53,83,3,2,1,0
53,92,17,10,7,1030.2
53,93,11,5,6,360.8
53,94,243,119,124,8756.4
53,95,15,5,10,514
53,96,8,4,4,407.2
53,100,14,8,6,460.8
53,103,22,12,10,1055.6
53,104,6,3,3,149
54,6,12,6,6,567.6
54,7,16,9,7,661.2
54,9,12,7,5,499.2
54,16,5,2,3,172
54,33,11,5,6,340.8
54,34,10,5,5,295
54,35,53,29,24,2076.2
54,36,21,11,10,714.8
54,37,45,19,26,1969.4
54,38,5,2,3,322
54,41,20,11,9,780.5999999999999
54,42,11,7,4,657.8
54,48,28,15,13,1123.2
54,49,49,28,21,1747.2
54,50,122,63,59,4272.8
54,51,258,133,125,10568.2
54,52,422,202,220,15548.599999999999
54,53,70,38,32,2915
54,56,720,353,367,25358
54,57,862,441,421,29075.800000000003
54,58,139,71,68,5091
54,59,856,428,428,29106.9
54,60,298,155,143,11415.9
54,61,83,44,39,3424.2999999999997
54,62,41,22,19,1557.4
54,63,380,203,177,14493.9
54,64,8,3,5,396.8
54,65,17,8,9,854.6
54,66,268,145,123,11225.2
54,72,25,11,14,904
54,75,10,5,5,440
54,76,2,1,1,0
54,77,30,17,13,1269.3
54,78,9,5,4,300.6
54,79,56,31,25,1996.8999999999999
54,81,4,3,1,0
54,83,6,3,3,0
54,84,14,9,5,647.8
54,85,2,1,1,0
54,87,7,5,2,204
54,92,14,7,7,584.3
54,93,19,11,8,468.3
54,94,510,245,265,20608
54,95,113,59,54,3783
54,96,27,14,13,1178.5
54,103,5,2,3,174
54,104,25,13,12,966
54,105,101,54,47,3905.1000000000004
54,106,11,8,3,387.2
55,2,10,6,4,324
55,6,2,0,2,0
55,32,1,0,1,0
55,35,38,20,18,1694.1
55,41,19,10,9,794.4000000000001
55,42,13,8,5,351.9
55,51,107,63,44,3891.5000000000005
55,52,236,128,108,8034.4
55,53,6,3,3,286.2
55,57,360,193,167,10767.400000000001
55,58,256,134,122,8861.9
55,59,318,183,135,11703.4
55,60,9677,4767,4910,365718.5
55,61,8846,4271,4575,335056.2
55,62,8062,4044,4018,286903.19999999995
55,63,6333,3237,3096,223165.8
55,64,1272,613,659,49969.6
55,65,21,12,9,646.5
55,66,257,138,119,9850.2
55,72,14,9,5,321
55,77,11,5,6,196.2
55,79,27,16,11,1107
55,80,19,11,8,745
55,84,3,2,1,0
55,91,10,6,4,224
55,92,5,4,1,0
55,93,2,1,1,0
55,94,300,162,138,13748.8
55,95,129,52,77,6681.6
55,96,38,19,19,1382.4
55,97,21,13,8,946.4000000000001
55,102,17,12,5,565.5
55,104,25,13,12,940.8
55,105,39,23,16,1490.8
55,106,28,13,15,910.4
55,107,57,31,26,2035.5
56,2,22,14,8,819
56,5,7,3,4,166
56,30,11,7,4,258.3
56,31,14,8,6,533.5
56,32,38,18,20,1482.6000000000001
56,33,33,17,16,1542.6
56,34,12,6,6,567.6
56,35,23,12,11,926.9
56,36,12,6,6,393.7
56,37,2,2,0,0
56,40,3,2,1,0
56,41,79,42,37,4091.2
56,42,19,11,8,921.6
56,52,14,7,7,509.6
56,58,28,13,15,1526.2
56,59,283,147,136,10086.599999999999
56,60,6875,3474,3401,245174.09999999998
56,61,7372,3673,3699,278296.1
56,62,7238,3680,3558,271434.80000000005
56,63,9950,4964,4986,382459.89999999997
56,64,10741,5496,5245,409463.69999999995
56,65,1214,610,604,50995.5
56,72,14,5,9,475.2
56,77,8,5,3,352
56,80,39,21,18,1558.5
56,95,1,1,0,0
56,96,31,15,16,895.9
56,102,1,1,0,0
56,103,11,5,6,535
56,105,1,1,0,0
56,106,139,64,75,7392
56,107,2,1,1,0
56,109,1,1,0,0
57,1,2,1,1,0
57,2,15,6,9,615
57,5,7,4,3,273.7
57,31,7,2,5,270.9
57,32,3,1,2,0
57,33,52,24,28,2029.5
57,34,99,46,53,3754.9
57,35,21,9,12,886.2
57,36,27,10,17,954.1999999999999
57,37,36,16,20,1415
57,38,32,17,15,1708.8
57,39,9,4,5,380.1
57,40,71,38,33,2651.1000000000004
57,41,32,21,11,1446.4
57,53,66,36,30,2269.9
57,54,69,40,29,2412.4
57,55,109,56,53,3851.6
57,56,151,76,75,6097.5
57,57,274,134,140,9660.6
57,58,1117,563,554,34314.4
57,59,117,63,54,4085.4
57,60,315,161,154,11092.4
57,61,1643,844,799,59589.3
57,62,7898,3988,3910,300476.6
57,63,11223,5777,5446,407356.5
57,64,15940,8309,7631,585574.2
57,65,6998,3770,3228,250781.80000000002
57,72,95,47,48,3962.2
57,73,37,14,23,1608.2
57,81,46,23,23,1881.6
57,82,12,6,6,375.6
57,95,20,11,9,792.3
57,96,24,12,12,1209.2
57,103,5,2,3,299
57,106,2,1,1,0
57,107,4,4,0,0
57,109,15,5,10,649.5
57,110,1,1,0,0
58,1,33,18,15,1420.1
58,2,10,3,7,436
58,5,28,14,14,952.2
58,30,31,17,14,1339.2
58,31,39,19,20,1334.1999999999998
58,32,36,19,17,1519.7
58,38,6,3,3,0
58,39,21,11,10,777.4
58,40,14,10,4,534.8
58,41,7,3,4,0
58,54,34,19,15,944
58,55,23,9,14,894.7
58,56,89,49,40,3447.3
58,57,3135,1577,1558,112202.6
58,58,182,94,88,7452.6
58,59,153,77,76,5337.6
58,60,238,125,113,8864.9
58,61,65,35,30,2682.6000000000004
58,62,1131,540,591,43179.2
58,63,10572,5318,5254,413749
58,64,10922,5296,5626,437165.60000000003
58,65,9369,4685,4684,357479.69999999995
58,66,972,478,494,40268.4
58,72,2,1,1,0
58,73,64,36,28,2529.6
58,82,11,7,4,438.9
58,92,15,9,6,495.6
58,93,1,0,1,0
58,95,14,6,8,410.4
58,106,6,3,3,211.2
58,107,17,8,9,909.5
58,108,29,14,15,1496.4
58,109,1,0,1,0
58,110,118,60,58,5230.8
58,112,4,3,1,0
58,113,16,12,4,795.6
59,0,34,17,17,1513.1
59,1,2,1,1,0
59,4,6,3,3,264
59,5,45,25,20,1732.7
59,30,9,6,3,338.4
59,38,31,17,14,1391.9
59,39,88,43,45,3885.6000000000004
59,40,18,11,7,801.9
59,54,14,7,7,747.6
59,55,204,114,90,7191.2
59,57,178,98,80,8803.4
59,58,117,58,59,4389.3
59,59,110,46,64,4103.3
59,60,449,202,247,14402.6
59,61,109,45,64,4335.599999999999
59,62,120,69,51,4008
59,63,3429,1754,1675,120575.80000000002
59,64,8206,4095,4111,303259.2
59,65,731,324,407,28433.7
59,73,4,1,3,0
59,74,2,1,1,0
59,82,32,19,13,1235
59,83,5,2,3,303
59,91,29,14,15,1131.2
59,92,40,18,22,1652.0000000000002
59,93,2,2,0,0
59,95,186,107,79,7772.5
59,97,5,3,2,228
59,98,7,4,3,266.7
59,106,48,23,25,2015.6000000000001
59,107,10,4,6,246.4
59,110,54,29,25,2173.4
59,111,30,14,16,1354.2
60,0,38,19,19,1700
60,3,9,5,4,319.9
60,27,5,3,2,0
60,29,4,2,2,0
60,37,38,19,19,1244.1000000000001
60,38,28,12,16,1003.8
60,40,2,1,1,0
60,41,1,1,0,0
60,55,28,17,11,1204.2
60,59,17,9,8,728
60,60,10,9,1,336
60,61,87,43,44,3058.1000000000004
60,62,219,120,99,9168.3
60,63,2432,1199,1233,77002.6
60,64,5116,2589,2527,185876.2
60,75,2,1,1,0
60,83,20,10,10,860.2
60,87,2,1,1,0
60,91,4,3,1,0
60,92,19,11,8,558.6
60,95,101,53,48,3860.3
60,96,11,6,5,400
60,98,4,1,3,0
60,99,15,8,7,460.6
60,100,5,2,3,179
60,107,64,31,33,2851
60,111,4,4,0,0
60,112,2,1,1,0
60,114,4,3,1,0
60,115,2,1,1,0
61,0,235,131,104,8395.2
61,1,155,73,82,6270.200000000001
61,2,42,21,21,1267.1
61,35,1,0,1,0
61,36,24,12,12,806.4
61,37,130,65,65,5559
61,38,13,5,8,374.4
61,59,31,16,15,1045
61,62,86,44,42,3363.7
61,63,490,262,228,16942.6
61,64,1069,540,529,42760.100000000006
61,65,37,20,17,1276.5
61,75,17,8,9,700.7
61,78,14,6,8,607.6
61,79,5,3,2,309
61,84,2,1,1,0
61,95,16,9,7,780.8
61,96,8,6,2,352.2
61,99,1,1,0,0
61,105,9,6,3,128
61,106,7,3,4,0
61,111,6,3,3,364.2
61,112,17,9,8,457.6
62,0,612,282,330,27889.1
62,1,12,7,5,474
62,3,6,3,3,244.8
62,4,3,2,1,0
62,32,1,1,0,0
62,34,32,16,16,1415.5
62,35,40,19,21,1588
62,36,39,18,21,1801.4
62,37,54,28,26,1866.6
62,38,13,8,5,443.3
62,59,6,4,2,0
62,60,4,2,2,0
62,61,19,10,9,849.8
62,62,14,7,7,504.4
62,63,44,24,20,1648.4
62,64,2996,1492,1504,113162.09999999999
62,65,622,321,301,22275.6
62,72,21,5,16,955.7
62,75,9,5,4,547.2
62,76,15,8,7,366
62,77,87,47,40,2895.2
62,78,101,50,51,4154.3
62,79,1,1,0,0
62,84,22,14,8,934.7
62,85,1,1,0,0
62,92,11,5,6,484
62,93,3,1,2,0
62,96,21,10,11,879.9
62,97,39,20,19,1716.8000000000002
62,100,8,4,4,460.8
62,101,9,5,4,102
62,105,17,7,10,628.8
62,106,3,2,1,0
62,113,44,20,24,2029.9
62,114,294,153,141,12553.5
62,115,34,18,16,1556.3
62,116,7,5,2,399.7
63,0,180,100,80,7288.099999999999
63,1,42,23,19,2133.3
63,13,6,4,2,211.8
63,36,6,5,1,175.8
63,37,145,75,70,6346.7
63,38,88,40,48,4546.8
63,55,11,5,6,403.2
63,56,98,54,44,2747.7000000000003
63,59,10,5,5,436.8
63,61,7,3,4,384.3
63,62,84,45,39,3093
63,63,152,79,73,5630.9
63,64,2324,1182,1142,87999
63,65,193,107,86,8125.3
63,70,14,8,6,725.2
63,71,3,2,1,0
63,72,22,12,10,818.9
63,73,13,6,7,398
63,77,586,280,306,27896.6
63,78,557,268,289,23267.399999999998
63,79,58,34,24,2404.2
63,80,44,25,19,1548
63,82,4,1,3,0
63,85,10,8,2,492
63,97,5,3,2,163
63,101,12,9,3,447.6
63,102,42,19,23,1787.1000000000001
63,103,20,12,8,742.2
63,112,179,82,97,8721.4
63,113,67,35,32,3103
63,115,10,8,2,320.8
63,118,77,35,42,2957.7000000000003
64,0,11,7,4,452.1
64,1,79,43,36,3337.5
64,2,41,26,15,1357.8
64,3,24,10,14,871.2
64,6,8,4,4,211.2
64,7,71,39,32,2736.9
64,8,47,22,25,1734.5
64,32,3,2,1,0
64,37,95,49,46,3544.5
64,57,2,1,1,0
64,62,1,1,0,0
64,63,124,72,52,4551.7
64,64,511,265,246,19408.5
64,70,59,28,31,2965.8
64,71,148,75,73,5616.1
64,72,59,25,34,2302.4
64,77,13,9,4,400.4
64,78,370,184,186,15013.2
64,79,63,36,27,2175
64,80,97,50,47,3976.5
64,83,26,13,13,998.2
64,104,2,2,0,0
64,112,37,21,16,1419.1
64,118,4,1,3,0
64,120,2,1,1,0
65,2,18,6,12,455.4
65,3,129,71,58,4714.3
65,5,2,1,1,0
65,6,5,4,1,0
65,7,213,101,112,8263.2
65,8,41,21,20,1598.7
65,9,2,1,1,0
65,37,11,7,4,665.2
65,38,2,1,1,0
65,54,9,6,3,433.8
65,58,11,5,6,251.3
65,59,2,1,1,0
65,60,1,1,0,0
65,63,159,89,70,4811.099999999999
65,64,729,380,349,25412.600000000002
65,71,86,47,39,3642
65,72,202,102,100,8797.9
65,73,239,124,115,9159.3
65,74,5,3,2,355
65,78,52,23,29,1947.6000000000001
65,79,50,23,27,1908.4
65,82,7,3,4,321.3
65,83,5,3,2,259
65,86,7,3,4,324.8
65,93,3,1,2,0
65,110,23,14,9,1069.5
65,111,70,40,30,2809.7
65,112,8,5,3,148.8
65,120,4,2,2,0
66,2,5,2,3,177
66,4,16,9,7,614.4
66,5,19,12,7,762.4
66,6,29,14,15,1124.6
66,7,17,8,9,317
66,9,16,8,8,604.8
66,38,7,4,3,228.9
66,58,10,6,4,197.1
66,59,32,17,15,1401
66,60,97,51,46,4023.6000000000004
66,61,62,35,27,2594.3
66,62,191,96,95,6892.700000000001
66,63,1482,749,733,50247.2
66,64,473,244,229,13533.7
66,67,4,3,1,0
66,68,57,33,24,2248.4
66,69,55,24,31,1687.4
66,71,11,5,6,491.7
66,72,229,118,111,8987.1
66,73,519,240,279,23250
66,74,64,25,39,2542.3
66,75,18,9,9,774
66,79,25,14,11,883.8
66,80,1,0,1,0
66,84,4,2,2,0
66,86,11,4,7,375.1
66,87,8,5,3,282
66,109,48,27,21,2010.5
66,110,26,17,9,770.4
66,117,6,3,3,0
66,118,3,1,2,0
66,120,27,14,13,1207.1
67,4,5,2,3,177
67,5,32,15,17,1364.5
67,6,6,4,2,253.8
67,7,59,31,28,2396.4
67,38,38,21,17,1508.8
67,55,3,1,2,0
67,58,99,51,48,4276.8
67,59,3,2,1,0
67,60,2,1,1,0
67,62,576,295,281,22637.699999999997
67,63,1713,841,872,67861.5
67,64,162,82,80,6015.8
67,66,14,8,6,748.1
67,67,171,89,82,6749.7
67,68,569,291,278,19705.5
67,69,129,62,67,5051.5
67,70,38,22,16,1452.5
67,72,236,113,123,8348.8
67,73,59,30,29,2452
67,74,58,32,26,2118.1
67,75,78,43,35,2696
67,79,20,8,12,906.8
67,80,11,6,5,221.9
67,84,11,8,3,407
67,87,2,2,0,0
67,95,2,2,0,0
67,109,22,13,9,1338.3
67,116,1,0,1,0
67,119,8,4,4,153
67,120,1,1,0,0
68,6,173,87,86,7639.4
68,7,501,259,242,20324.4
68,8,7,5,2,217
68,11,6,3,3,142.8
68,38,8,2,6,416
68,39,2,1,1,0
68,47,1,0,1,0
68,48,1,0,1,0
68,50,1,1,0,0
68,54,6,4,2,226.2
68,58,27,15,12,952.1999999999999
68,59,46,26,20,1807.8
68,64,338,167,171,10748.4
68,66,82,50,32,3166.9
68,67,137,65,72,4896.9
68,68,726,354,372,26633.7
68,69,243,126,117,8651
68,70,45,25,20,2219.2
68,72,39,19,20,1965.6
68,73,83,42,41,3192
68,74,74,35,39,3054
68,75,132,67,65,4939
68,80,2,2,0,0
68,84,5,2,3,140
68,87,6,5,1,207
68,88,6,2,4,394.8
68,112,3,1,2,0
68,121,1,1,0,0
68,122,44,23,21,2283.7
69,7,130,62,68,5437.2
69,12,3,3,0,0
69,13,10,5,5,357
69,37,8,3,5,311.2
69,38,3,2,1,0
69,50,4,1,3,0
69,51,14,9,5,388.1
69,52,9,4,5,320.8
69,53,4,2,2,0
69,54,87,46,41,4041.8
69,58,3,2,1,0
69,63,25,12,13,1033
69,64,863,436,427,26252.899999999998
69,66,469,235,234,16837.8
69,67,527,280,247,19932.8
69,68,105,48,57,4260.7
69,69,37,24,13,1405.3
69,70,34,17,17,1400.4
69,71,2,1,1,0
69,72,12,7,5,339.2
69,73,26,13,13,848.4
69,74,20,13,7,722.4
69,75,64,35,29,2918.6
69,76,11,6,5,466.4
69,80,2,1,1,0
69,88,7,4,3,0
69,89,7,4,3,335.3
69,96,3,1,2,0
69,97,2,2,0,0
69,120,4,3,1,0
69,121,33,18,15,1594.1
69,122,10,6,4,539
70,7,37,20,17,1451.8
70,13,55,29,26,1865.2
70,14,5,2,3,152
70,15,20,10,10,563.5
70,37,27,13,14,1175.4
70,42,3,2,1,0
70,46,4,3,1,0
70,50,31,15,16,1619.1
70,51,251,132,119,10715.1
70,52,62,37,25,1853.6
70,53,31,21,10,1463.2
70,54,169,93,76,6739.1
70,62,135,71,64,5400.9
70,63,116,57,59,4551.1
70,64,1034,517,517,36717.4
70,65,339,166,173,13526.4
70,66,7195,3474,3721,313806.3
70,67,389,187,202,15137.900000000001
70,68,4,1,3,0
70,70,2,1,1,0
70,71,33,14,19,1024
70,72,48,23,25,1853.6999999999998
70,73,48,21,27,2256
70,74,18,9,9,528
70,75,7,3,4,116
70,77,1,1,0,0
70,89,35,18,17,1549.6999999999998
70,121,148,78,70,5801.099999999999
70,122,29,19,10,1425.2
70,123,7,4,3,203
71,8,4,2,2,0
71,9,2,1,1,0
71,12,9,5,4,345.6
71,13,161,80,81,6633
71,14,101,52,49,4378.8
71,15,12,7,5,309
71,37,14,7,7,455
71,47,1,0,1,0
71,51,69,33,36,2704.4
71,52,69,30,39,2450.5
71,54,75,45,30,3040.7999999999997
71,55,42,18,24,1297.8
71,61,40,20,20,1253.3
71,62,41,21,20,1393.5
71,63,163,89,74,6061.7
71,64,427,223,204,15694.2
71,65,762,395,367,29345.6
71,66,3016,1521,1495,106836.4
71,67,521,272,249,18759.4
71,68,1,1,0,0
71,70,23,17,6,814
71,71,8,5,3,0
71,72,66,35,31,2473.1
71,73,108,57,51,4711.4
71,74,31,20,11,1106
71,78,10,6,4,220.2
71,81,9,6,3,273
71,89,6,2,4,331.8
71,90,33,17,16,1657.1
71,95,22,11,11,655.2
71,114,3,1,2,0
71,116,19,11,8,1040.4
71,120,5,2,3,253
71,121,4,2,2,0
71,122,4,2,2,0
71,123,8,5,3,287
71,124,16,8,8,309.6
71,125,1,0,1,0
72,8,1,1,0,0
72,9,14,8,6,359
72,12,76,35,41,3107.8
72,13,125,64,61,5111.5
72,14,10,7,3,501.3
72,15,2,1,1,0
72,17,1,1,0,0
72,36,48,25,23,2421.5
72,50,37,21,16,1641.6
72,51,140,77,63,6717.4
72,52,952,459,493,43973.799999999996
72,53,77,39,38,3342.8
72,54,2,1,1,0
72,55,112,61,51,4413.599999999999
72,61,131,67,64,4174.9
72,62,29,16,13,1064.2
72,63,10,4,6,261
72,64,182,89,93,6716.8
72,65,110,57,53,4288.1
72,66,30,13,17,898.8
72,67,3,2,1,0
72,68,33,18,15,1126.4
72,70,71,41,30,3114.6
72,71,5,4,1,202
72,72,59,30,29,2110.8
72,73,202,105,97,7238
72,76,17,8,9,619.6
72,78,4,2,2,0
72,81,5,3,2,232
72,82,11,6,5,505.2
72,83,9,5,4,479.7
72,84,25,14,11,464.1
72,85,27,14,13,1161.7
72,86,20,12,8,899.0999999999999
72,88,12,7,5,615
72,89,21,13,8,595.8
72,90,17,10,7,671.5
72,91,28,13,15,1168
72,95,1,1,0,0
72,113,12,7,5,511.2
72,114,19,10,9,831.3
72,123,30,12,18,1087.8
73,3,7,4,3,473.2
73,4,58,29,29,2319
73,10,11,6,5,288
73,11,102,55,47,4171.4
73,12,66,32,34,2827.7
73,35,49,26,23,1790.8
73,36,25,16,9,960
73,50,50,29,21,1889.1
73,51,165,84,81,6331.8
73,52,7,3,4,369
73,53,167,90,77,6834.3
73,54,61,26,35,2394.8
73,55,203,104,99,7583.199999999999
73,56,31,20,11,1548.6
73,60,40,22,18,1570.8000000000002
73,61,121,64,57,4333.8
73,64,79,45,34,2976.2
73,65,148,75,73,5676.799999999999
73,66,66,30,36,3053.8999999999996
73,67,5,3,2,200
73,68,40,15,25,1325.4
73,69,25,11,14,770
73,72,32,17,15,1554
73,73,272,134,138,8943.2
73,74,12,6,6,309.6
73,76,7,4,3,231.7
73,77,7,5,2,245.7
73,78,31,17,14,964.3000000000001
73,79,57,26,31,2106.4
73,81,22,11,11,737.2
73,83,20,9,11,1035
73,84,71,34,37,2959.1
73,85,329,160,169,14160.2
73,89,22,13,9,1134.9
73,91,1,1,0,0
73,92,1,0,1,0
73,96,2,1,1,0
73,121,24,13,11,1149.7
73,122,15,7,8,413.6
73,123,401,203,198,16613.1
73,124,3,2,1,0
74,4,5,1,4,222
74,10,10,5,5,552.6
74,11,635,311,324,27603.2
74,12,48,28,20,2338.8
74,13,1,1,0,0
74,25,8,5,3,233
74,26,33,15,18,1376.3999999999999
74,27,10,7,3,460
74,28,33,19,14,1661
74,30,3,2,1,0
74,31,4,2,2,0
74,32,14,10,4,602
74,34,17,7,10,697
74,35,226,109,117,9995.800000000001
74,50,212,106,106,8810.099999999999
74,51,155,86,69,6706.5
74,52,2,1,1,0
74,53,264,141,123,10484.6
74,54,126,64,62,4874.299999999999
74,60,37,25,12,1139.6
74,61,94,45,49,3446.4
74,64,10,6,4,440
74,65,475,247,228,16902.1
74,66,68,36,32,2225.8
74,67,156,89,67,5954.300000000001
74,68,168,75,93,5805.6
74,69,51,26,25,2060.7000000000003
74,70,1,0,1,0
74,73,453,219,234,19337.2
74,74,83,43,40,3345.2
74,75,85,47,38,3265.2
74,77,81,43,38,3106.6000000000004
74,78,278,143,135,10845.999999999998
74,79,109,56,53,3913.1
74,81,25,12,13,913.5
74,82,99,44,55,4687.8
74,83,43,25,18,1655
74,84,7,3,4,305.2
74,85,41,22,19,2012
74,86,14,7,7,478
74,87,1,1,0,0
74,88,70,39,31,3375.4
74,89,20,7,13,706
74,92,17,8,9,755.2
74,120,3,2,1,0
74,121,8,4,4,189.7
74,123,66,37,29,3094.8999999999996
74,126,8,3,5,177.8
75,11,189,91,98,8142.4
75,12,32,18,14,1272.8
75,13,1,1,0,0
75,28,21,12,9,891.1
75,29,20,7,13,1060
75,30,40,21,19,1505.6
75,31,99,51,48,4242.1
75,32,16,6,10,510.4
75,34,21,12,9,1066.9
75,35,44,23,21,2031.3999999999999
75,49,17,8,9,549.9
75,50,89,39,50,3354
75,51,1,0,1,0
75,52,1,1,0,0
75,54,16,7,9,545.6
75,61,29,17,12,995.4
75,65,360,177,183,15847
75,66,397,199,198,12927.5
75,67,255,133,122,9418.3
75,68,181,94,87,6542.799999999999
75,69,2,1,1,0
75,70,1,1,0,0
75,72,17,6,11,736.1
75,73,44,22,22,1508.1
75,74,77,39,38,2358
75,75,23,12,11,911.4000000000001
75,76,106,53,53,3960.6
75,77,56,30,26,2160
75,78,37,21,16,1394.9
75,79,15,9,6,645
75,82,74,39,35,2663.2
75,83,100,47,53,3786.5
75,84,8,4,4,472.8
75,86,41,21,20,1851.1
75,87,29,17,12,931.2
75,88,28,13,15,816.4
75,89,10,6,4,445
75,98,6,4,2,240
75,119,1,1,0,0
75,120,19,11,8,681
75,123,3,2,1,0
75,124,8,5,3,199.2
75,125,7,4,3,243
75,127,1,0,1,0
76,10,1,1,0,0
76,11,3,2,1,0
76,12,32,17,15,1368.2
76,14,93,47,46,3919.7
76,15,67,35,32,2624.1
76,30,66,36,30,2635.5
76,31,89,53,36,3871.7000000000003
76,36,2,0,2,0
76,37,8,4,4,322.4
76,49,24,14,10,842.7
76,50,16,8,8,742.4
76,51,2,1,1,0
76,52,3,0,3,0
76,55,1,1,0,0
76,61,14,8,6,527
76,64,11,7,4,422.4
76,65,99,56,43,3759.7
76,66,19,11,8,693.6
76,67,27,14,13,709.8
76,68,18,7,11,453.6
76,70,6,4,2,195
76,73,12,7,5,307.2
76,74,10,5,5,193.2
76,75,9,9,0,368
76,76,75,42,33,2274.5
76,77,131,67,64,4845.1
76,78,74,33,41,2594.2
76,79,16,8,8,660
76,83,25,17,8,858.2
76,84,17,7,10,547.4
76,86,71,36,35,2369.4
76,87,57,29,28,2642.8999999999996
76,88,22,13,9,798.6
76,89,32,15,17,1142.4
76,94,338,166,172,15703.9
76,95,12,7,5,608.4
76,96,5,2,3,292
76,98,13,9,4,581.1
76,108,4,3,1,0
76,127,46,26,20,1423.8
77,13,41,21,20,1780.5
77,14,11,5,6,257.4
77,15,40,21,19,1556.8
77,16,35,15,20,1494.7
77,17,27,18,9,966.6
77,30,362,145,217,17878.6
77,31,70,29,41,2422
77,36,33,15,18,1436.6999999999998
77,45,10,5,5,447
77,63,3,2,1,0
77,64,35,18,17,1433.8
77,65,43,23,20,1541.1000000000001
77,66,18,9,9,525.6
77,74,40,20,20,1614
77,75,30,18,12,1170.3
77,76,72,36,36,3046.7
77,77,105,56,49,4345
77,78,1378,674,704,55590.2
77,79,448,221,227,17371.2
77,84,36,20,16,1548.5
77,86,63,32,31,1778.1
77,87,182,88,94,7197
77,88,69,39,30,2587.2
77,89,38,20,18,1406.6
77,90,7,3,4,249.9
77,94,62,37,25,2430.4
77,96,2,1,1,0
77,97,10,7,3,107
77,98,27,15,12,1089.4
77,109,15,8,7,630.6
77,119,1,1,0,0
77,123,4,2,2,0
77,124,6,3,3,206
77,125,8,4,4,346.4
77,126,2,1,1,0
77,127,3,3,0,0
78,8,14,9,5,550.9
78,9,4,1,3,0
78,14,36,22,14,1449.4
78,15,1156,575,581,45019.100000000006
78,16,719,343,376,30213.300000000003
78,17,47,24,23,1785.4
78,18,2,1,1,0
78,23,3,1,2,0
78,24,5,3,2,0
78,25,4,2,2,0
78,26,10,6,4,300
78,27,25,11,14,939.2
78,28,31,18,13,1208.6
78,29,95,55,40,4084.8999999999996
78,30,336,167,169,14476.4
78,36,2,1,1,0
78,45,34,17,17,1456.5
78,62,4,2,2,0
78,63,34,17,17,1250.4
78,64,61,31,30,2416.3
78,66,51,24,27,1902.9
78,73,6,4,2,252
78,74,13,9,4,470.6
78,75,16,7,9,375.3
78,76,235,119,116,8783.5
78,77,107,54,53,4490.2
78,78,261,114,147,9438.1
78,79,309,146,163,12312.8
78,80,61,31,30,2132.7
78,81,26,15,11,855.5
78,83,4,2,2,0
78,84,52,24,28,2037.4
78,86,5,2,3,72
78,87,147,76,71,5798.000000000001
78,88,69,36,33,3010.4
78,89,93,46,47,3659.6
78,90,203,106,97,7785.9
78,95,22,10,12,448.5
78,98,32,18,14,1108
78,99,2,1,1,0
78,102,1,1,0,0
78,109,2,1,1,0
78,123,26,13,13,977.6
79,7,30,16,14,1025
79,8,37,18,19,1363.8000000000002
79,14,40,16,24,1656.2
79,15,1517,705,812,69712.3
79,16,402,199,203,19333.2
79,17,1,1,0,0
79,18,38,21,17,1510
79,19,16,6,10,655.4
79,21,23,11,12,829.7
79,22,2,0,2,0
79,26,17,9,8,698.7
79,27,13,8,5,567.6
79,28,46,27,19,1649.6
79,29,22,12,10,932.2
79,44,5,3,2,311
79,45,28,16,12,1396.8
79,60,1,1,0,0
79,61,2,1,1,0
79,62,5,3,2,224
79,63,2,1,1,0
79,64,4,1,3,0
79,65,23,12,11,798.1
79,66,44,28,16,1755.5
79,72,3,2,1,0
79,73,41,21,20,1587.1
79,74,63,30,33,2315.1000000000004
79,75,141,77,64,5850.1
79,76,34,14,20,1230.8
79,77,75,35,40,2932.5
79,78,63,32,31,2472.3
79,79,476,254,222,16768.4
79,80,772,372,400,26981.9
79,81,722,351,371,25925.3
79,84,6,2,4,217.2
79,87,92,45,47,3899.6000000000004
79,88,180,82,98,6176.9
79,89,16,6,10,402
79,90,100,49,51,3825.2999999999997
79,91,34,15,19,1151.6
79,92,6,4,2,219
79,95,34,12,22,1101.6
79,96,28,15,13,1141.6
79,97,33,15,18,1491.4
79,98,534,272,262,23847.5
79,99,615,293,322,27202
79,100,11,6,5,198.9
79,103,7,3,4,343.7
79,105,23,11,12,851
79,106,17,9,8,696.0999999999999
79,107,12,7,5,319.2
79,108,15,8,7,439.5
79,109,45,28,17,1775.4
79,110,27,14,13,1000.5
79,111,8,3,5,384.8
79,119,18,9,9,1027.8
79,120,22,11,11,1060.4
79,122,118,55,63,5219
79,123,19,6,13,1044
80,2,2,1,1,0
80,3,22,12,10,823.5
80,13,19,7,12,893.8
80,14,13,8,5,317.7
80,16,10,5,5,370
80,18,1,1,0,0
80,19,10,6,4,405
80,20,35,22,13,1708.1999999999998
80,21,228,103,125,9601.5
80,45,1,1,0,0
80,51,1,1,0,0
80,60,5,2,3,0
80,64,24,13,11,923.1
80,65,9,6,3,392
80,66,16,8,8,406.8
80,67,8,4,4,210
80,73,4,3,1,0
80,74,56,26,30,1734.3000000000002
80,75,12,7,5,374
80,78,29,15,14,1180.7
80,79,981,511,470,32357.600000000002
80,80,2545,1219,1326,103206.09999999999
80,81,3267,1561,1706,144945.7
80,82,27,12,15,1150.2
80,87,286,141,145,14243.9
80,88,667,316,351,24845.2
80,89,69,35,34,2343.5
80,90,90,43,47,3886.9
80,91,46,24,22,1839.5
80,92,21,9,12,717.5
80,93,1,0,1,0
80,96,14,5,9,487.5
80,97,16,9,7,775.2
80,98,85,43,42,2943.9
80,99,207,104,103,8474.1
80,100,205,104,101,8709.6
80,102,27,15,12,1035.6
80,103,30,17,13,1037
80,104,17,8,9,555.8
80,105,167,89,78,6833.1
80,106,33,18,15,1363
80,107,392,183,209,19165.6
80,108,111,62,49,3873.5
80,109,17,9,8,700.5
80,110,13,8,5,469.3
80,111,26,15,11,1137.6
80,112,127,67,60,4820
80,113,7,4,3,231
80,118,24,14,10,814.8
80,119,31,16,15,1441.8
80,120,6,3,3,0
80,127,45,27,18,1652.3000000000002
81,12,10,6,4,412
81,16,6,3,3,0
81,17,2,1,1,0
81,18,2,1,1,0
81,21,14,5,9,721.5
81,22,5,2,3,266
81,43,27,14,13,1065.6
81,44,5,4,1,181
81,61,1,0,1,0
81,64,52,27,25,2004
81,65,33,19,14,1391.1
81,66,66,39,27,2363.2
81,67,69,37,32,2269
81,68,8,5,3,316.8
81,73,17,7,10,552
81,74,9,6,3,331.8
81,78,20,9,11,784.5
81,79,81,46,35,2988.6
81,80,1123,555,568,42179
81,81,674,334,340,24323.600000000002
81,82,15,9,6,769.5
81,86,48,20,28,1893.8000000000002
81,87,299,152,147,13002
81,88,454,208,246,23193.8
81,89,70,37,33,2897.7
81,90,66,31,35,2190.1
81,91,65,35,30,2495.3
81,92,168,83,85,5847.3
81,93,285,143,142,10430.6
81,97,27,15,12,1425.1
81,98,12,6,6,247.8
81,99,33,19,14,912.0999999999999
81,100,31,19,12,1120.1999999999998
81,101,20,6,14,628
81,102,53,30,23,2563.6
81,103,50,27,23,2089.7
81,104,50,25,25,1619
81,105,20,9,11,855.9
81,106,31,18,13,1371.6
81,108,13,7,6,549.9
81,109,24,12,12,1088.4
81,113,13,6,7,522.7
81,114,5,4,1,320
81,115,20,10,10,368.5
81,121,2,1,1,0
81,122,2,1,1,0
81,123,37,17,20,1680.1999999999998
81,126,2,0,2,0
81,127,24,14,10,642.6
82,8,1,1,0,0
82,16,18,9,9,661.2
82,17,21,11,10,1043.7
82,19,1,0,1,0
82,20,24,13,11,1086.6
82,21,11,5,6,389
82,22,4,1,3,0
82,42,105,45,60,4189.4
82,64,53,26,27,2032.8
82,65,21,11,10,893.4
82,66,17,10,7,493.4
82,67,2,0,2,0
82,68,4,3,1,0
82,78,20,11,9,631
82,79,136,69,67,5293.2
82,80,138,74,64,4165.9
82,81,286,157,129,12021.6
82,82,35,16,19,1118.1
82,86,67,36,31,2772.6000000000004
82,87,25,12,13,952.8
82,88,12,6,6,450
82,89,21,11,10,1060.2
82,90,25,12,13,1030.8
82,91,36,21,15,1302
82,92,328,164,164,12776.800000000001
82,93,72,34,38,3169.6
82,97,143,76,67,5193.900000000001
82,98,24,12,12,1052.6
82,99,70,39,31,2229.2000000000003
82,100,14,6,8,587.3
82,101,80,38,42,2671
82,102,79,43,36,2988.8999999999996
82,109,18,11,7,589.8
82,113,3,2,1,0
82,114,16,9,7,908.8
82,115,8,5,3,488
82,123,64,33,31,3479.7
82,124,43,21,22,1993.2
82,125,100,49,51,3862.9000000000005
82,126,24,13,11,863.1
82,127,34,20,14,1571.4
83,1,13,6,7,543.4
83,2,2,0,2,0
83,11,38,20,18,1684.4
83,14,2,1,1,0
83,16,2,1,1,0
83,17,17,7,10,588
83,19,11,4,7,329.7
83,20,37,17,20,1433.1
83,21,18,11,7,691.6
83,64,8,4,4,263.2
83,65,2,1,1,0
83,66,15,8,7,631.9000000000001
83,67,12,6,6,484
83,78,11,7,4,500.5
83,79,53,33,20,1633
83,80,93,48,45,3749.7000000000003
83,81,357,184,173,13598.199999999999
83,82,85,48,37,3336.1
83,84,100,52,48,3600
83,85,288,143,145,10820.4
83,86,621,309,312,24407.399999999998
83,87,406,205,201,14504.599999999999
83,88,64,33,31,2712.6
83,89,12,6,6,616.8
83,90,102,52,50,3941.3
83,91,46,26,20,1698.6
83,92,85,44,41,3001.5
83,93,81,41,40,3469.1000000000004
83,96,108,56,52,3961.4
83,97,44,19,25,1818
83,99,64,32,32,2338.3
83,100,83,52,31,2641.7
83,101,238,123,115,8392.4
83,104,3,2,1,0
83,108,23,13,10,758.1
83,115,29,14,15,1050.3
83,122,23,10,13,966
83,123,32,15,17,1218
83,124,121,61,60,4103.4
83,125,20,8,12,613.7
83,127,2,1,1,0
84,1,7,4,3,240.1
84,2,1,1,0,0
84,10,7,4,3,0
84,11,5,2,3,168
84,16,3,1,2,0
84,17,10,6,4,121.1
84,18,11,6,5,444.4
84,19,6,2,4,186
84,21,11,6,5,179
84,42,4,1,3,0
84,65,5,2,3,286
84,77,9,4,5,315.9
84,78,31,18,13,1382.2
84,79,129,69,60,4405
84,80,28,17,11,890.6
84,81,185,96,89,6818.1
84,82,119,72,47,4695.6
84,83,1401,700,701,53277.5
84,84,295,145,150,11275.9
84,85,309,158,151,11303.6
84,86,17,10,7,641.9
84,87,4,3,1,0
84,88,62,32,30,2711.9
84,89,130,59,71,4353.1
84,90,660,308,352,27364.1
84,91,550,282,268,20779.6
84,92,79,41,38,3182.3
84,93,74,36,38,3706
84,94,24,14,10,1204.8
84,96,25,13,12,748
84,97,21,10,11,843.6
84,99,19,7,12,742.5
84,100,85,54,31,3249.3
84,101,381,173,208,15178.9
84,102,27,13,14,872.1
84,107,8,5,3,228
84,115,20,11,9,796.8
84,116,16,8,8,870.4
84,117,113,56,57,4073.7
84,121,8,5,3,196.2
84,122,2,1,1,0
84,127,3,2,1,0
85,10,2,1,1,0
85,16,23,12,11,781.0999999999999
85,17,17,7,10,584.8
85,19,5,3,2,325
85,21,1,1,0,0
85,41,13,5,8,730.6
85,42,45,23,22,1861.5
85,78,6,3,3,276
85,79,89,43,46,3210.3
85,80,73,35,38,2744.6000000000004
85,81,301,157,144,11333.9
85,82,1898,1002,896,73765.29999999999
85,83,3986,1910,2076,177978.2
85,84,428,199,229,16903.2
85,85,99,56,43,3537.7999999999997
85,87,11,5,6,509
85,88,7,5,2,233.8
85,89,47,27,20,1763
85,90,92,42,50,4447.299999999999
85,91,52,26,26,1870.5
85,92,58,33,25,2210.4
85,93,62,31,31,2507.3
85,94,1002,500,502,40112.9
85,95,1139,564,575,50039.399999999994
85,96,887,451,436,34389.8
85,97,13,8,5,340
85,98,4,3,1,0
85,99,19,10,9,909.9
85,100,138,73,65,5096.8
85,101,71,37,34,2219.9
85,102,34,15,19,1173
85,115,25,17,8,828.3
85,116,647,329,318,25609.5
85,117,193,108,85,6414
85,118,29,14,15,1125.2
85,119,19,9,10,627
85,122,34,16,18,1306
85,126,5,1,4,164
85,127,11,5,6,366.3
86,0,12,5,7,303.1
86,14,7,5,2,0
86,16,13,9,4,582.8
86,17,16,11,5,950.4
86,19,2,1,1,0
86,20,3,2,1,0
86,21,17,8,9,602.1
86,41,74,40,34,3570.8999999999996
86,78,4,2,2,0
86,79,50,25,25,1654
86,80,8,4,4,246.4
86,81,65,38,27,2701.3999999999996
86,82,78,42,36,2837
86,83,458,225,233,17115.6
86,84,379,191,188,10590.9
86,85,52,30,22,1673.2
86,88,2,1,1,0
86,89,42,27,15,1333.5
86,90,57,29,28,2018.7
86,91,70,38,32,2327.1000000000004
86,92,53,22,31,1748.1
86,93,42,20,22,1646.5
86,94,904,468,436,33376.700000000004
86,95,4793,2266,2527,229543
86,96,2495,1237,1258,98225.4
86,97,177,93,84,5773.5
86,98,125,67,58,5170.7
86,99,26,11,15,748.2
86,100,41,21,20,1444.2
86,101,12,7,5,441.6
86,102,32,20,12,1094.1
86,117,5,3,2,0
86,118,7,4,3,356.3
86,121,701,366,335,21358.7
86,122,23,14,9,887.4
86,123,6,3,3,202.2
86,125,27,13,14,1319.4
87,0,26,14,12,1306.2
87,16,6,3,3,0
87,20,5,4,1,273
87,21,12,6,6,318.8
87,40,11,5,6,492.8
87,41,303,152,151,13763.1
87,63,68,37,31,3035.9
87,64,2,1,1,0
87,81,134,72,62,5016.4
87,82,87,47,40,3010.6000000000004
87,83,221,109,112,9082.7
87,84,662,345,317,22664.2
87,85,20,10,10,582.4
87,89,42,24,18,1842.5
87,90,74,39,35,2652.2
87,91,67,35,32,2334.3
87,92,24,13,11,787
87,93,59,26,33,2202
87,94,19,9,10,676.4
87,95,445,230,215,17263.6
87,96,768,386,382,28263.800000000003
87,97,38,19,19,1250.2
87,98,13,6,7,578.5
87,99,27,15,12,1142.4
87,100,106,51,55,4076.6
87,101,35,15,20,1116.5
87,102,9,4,5,243.9
87,103,19,10,9,468.8
87,116,37,23,14,1382.7
87,117,125,64,61,4428.8
87,118,205,104,101,7376.1
87,119,287,147,140,12071.4
87,120,1997,903,1094,95007.5
87,121,1851,923,928,70614.1
87,122,52,28,24,2049.9
87,123,124,62,62,3623.5
87,125,3,2,1,0
88,9,17,8,9,697
88,16,23,15,8,1095
88,17,7,4,3,0
88,18,2,2,0,0
88,21,44,15,29,1529.6
88,22,18,7,11,778.5
88,38,19,10,9,853.1
88,39,11,4,7,412
88,40,49,22,27,1762.6000000000001
88,41,87,46,41,4058.1000000000004
88,63,64,33,31,3109.8
88,81,331,178,153,12472.1
88,82,178,89,89,7005
88,83,115,57,58,5268.6
88,84,13,7,6,365.2
88,86,32,18,14,1248
88,87,12,6,6,385
88,88,28,17,11,832
88,89,34,20,14,1068.9
88,90,81,50,31,3472.2
88,91,68,35,33,2587.9
88,92,112,56,56,3785.8
88,94,42,20,22,1645.4
88,95,31,18,13,1226.7
88,96,20,10,10,684.5999999999999
88,97,59,35,24,2735.6
88,100,103,51,52,3765
88,101,46,32,14,1666.6
88,103,16,9,7,575
88,113,86,41,45,3077
88,114,104,58,46,3873.3999999999996
88,116,13,5,8,375.8
88,118,15,6,9,631.5
88,119,653,332,321,24361.6
88,120,1004,488,516,41206.6
88,121,2849,1414,1435,105037.70000000001
88,123,107,54,53,3977.6000000000004
88,124,49,21,28,1664.8
88,125,12,8,4,531.1
89,15,3,1,2,0
89,16,2,1,1,0
89,17,11,6,5,510.4
89,18,7,4,3,213
89,20,8,4,4,277.9
89,21,26,15,11,1096
89,37,3,1,2,0
89,59,4,2,2,0
89,60,30,12,18,1181.5
89,61,13,6,7,432.3
89,62,15,9,6,646.5
89,63,238,121,117,10225.6
89,79,5,2,3,188
89,80,2,1,1,0
89,81,54,22,32,2000.1
89,82,138,69,69,5127.3
89,83,74,41,33,3001.6
89,84,148,78,70,5707.1
89,85,171,90,81,6302.1
89,86,90,48,42,3676.3
89,87,33,18,15,980.8
89,89,8,5,3,291.2
89,90,25,14,11,1091
89,91,47,27,20,1903.8
89,92,81,38,43,2962.4
89,93,57,26,31,2176.5
89,94,31,23,8,1067.3
89,95,35,17,18,995
89,96,34,22,12,1065
89,97,42,23,19,1815.9
89,98,26,12,14,958.2
89,99,103,58,45,3326.7
89,101,86,51,35,3147.4
89,103,3,1,2,0
89,119,18,9,9,752.4
89,120,236,122,114,8978.9
89,121,285,143,142,9850
89,122,9,5,4,321.3
89,123,54,32,22,1775.1
89,124,76,42,34,2958.5
89,125,26,12,14,1121.7
90,7,6,4,2,346.8
90,14,44,24,20,1795.2
90,15,17,9,8,529.1
90,16,7,5,2,165
90,18,3,1,2,0
90,19,8,5,3,408
90,20,21,11,10,781.6
90,23,2,2,0,0
90,34,1,0,1,0
90,36,2,2,0,0
90,60,18,11,7,874
90,61,550,256,294,25718.4
90,62,614,324,290,23838.8
90,63,31,14,17,1335
90,80,39,19,20,1615.6
90,81,74,38,36,2538
90,82,85,47,38,3379.1
90,83,66,32,34,2547.6
90,84,55,28,27,2019
90,85,36,22,14,1409.6
90,86,13,8,5,607.8
90,91,2,1,1,0
90,92,14,8,6,453.6
90,93,9,5,4,260.8
90,94,59,29,30,2601.4
90,95,36,17,19,1439.8
90,96,239,118,121,9008.699999999999
90,97,22,15,7,959.5999999999999
90,98,52,29,23,2010.6000000000001
90,99,172,94,78,6732.700000000001
90,100,39,22,17,1482.8
90,101,43,23,20,1575
90,102,26,16,10,1079.6
90,103,10,5,5,342.9
90,120,17,9,8,571.2
90,121,4,3,1,0
90,122,9,5,4,282.1
90,125,4,2,2,0
90,126,1,1,0,0
90,127,4,1,3,0
91,6,1,1,0,0
91,14,8,4,4,370.4
91,16,2,1,1,0
91,18,7,3,4,0
91,19,144,75,69,6575.7
91,20,12,7,5,346.2
91,35,6,2,4,253.8
91,53,1,1,0,0
91,54,9,4,5,260
91,60,97,54,43,4408.8
91,61,129,60,69,5972.9
91,62,311,155,156,12619
91,63,3,1,2,0
91,79,35,21,14,1487.1999999999998
91,80,97,46,51,3753.5
91,81,79,44,35,2988.4
91,82,214,112,102,8732.8
91,85,19,12,7,628.8
91,86,8,4,4,318.4
91,94,3,2,1,0
91,95,18,8,10,417.6
91,96,28,18,10,988.6
91,97,18,9,9,604.8
91,98,42,25,17,1112
91,99,256,138,118,11000.9
91,100,27,17,10,1012.1
91,101,7,5,2,153
91,102,109,53,56,3957.7
91,103,11,6,5,188
91,104,1,1,0,0
91,120,11,4,7,425.7
91,121,68,39,29,2604.6000000000004
91,122,11,4,7,324.5
91,127,40,22,18,1545.2
92,0,4,2,2,0
92,18,14,9,5,740.6
92,19,34,20,14,1331.2
92,20,7,4,3,389.2
92,21,4,3,1,0
92,32,18,11,7,899.5999999999999
92,33,20,11,9,700.8
92,34,8,4,4,427
92,35,1,0,1,0
92,55,23,10,13,882.7
92,56,8,6,2,250
92,59,2,1,1,0
92,60,61,35,26,3014.7
92,61,22,12,10,727.2
92,79,128,72,56,4233.6
92,80,61,30,31,2447.6
92,81,55,30,25,1700
92,82,75,37,38,2818.3999999999996
92,83,3,2,1,0
92,84,1,1,0,0
92,94,2,2,0,0
92,95,38,24,14,1509.9
92,97,37,24,13,1577.5
92,98,39,18,21,1205.1999999999998
92,99,77,41,36,2498.5
92,100,121,61,60,5123.1
92,101,59,31,28,1863.1999999999998
92,102,102,48,54,5536.6
92,104,8,5,3,204
92,117,3,1,2,0
92,120,13,6,7,0
92,121,27,14,13,1161.4
92,122,4,2,2,0
92,126,1,1,0,0
92,127,8,3,5,118
93,32,6,4,2,247.8
93,33,39,14,25,1690
93,34,6,3,3,218
93,55,13,5,8,291.6
93,56,8,5,3,167.2
93,60,153,84,69,5930.2
93,61,1,0,1,0
93,68,1,1,0,0
93,79,9,6,3,356.4
93,81,22,13,9,961.5
93,82,74,40,34,2482.3
93,83,94,48,46,3758
93,95,15,8,7,778.5
93,97,2,1,1,0
93,99,10,6,4,284.2
93,100,19,7,12,654
93,101,36,17,19,1197.4
93,102,37,19,18,1251.2
93,103,19,11,8,815.3
93,104,12,6,6,345
93,119,4,2,2,0
93,120,270,125,145,9428
93,121,24,15,9,893.2
93,127,6,4,2,0
94,18,5,2,3,85
94,54,15,7,8,343.5
94,55,6,2,4,0
94,61,3,1,2,0
94,78,2,1,1,0
94,83,65,34,31,2596.2
94,84,25,12,13,970
94,93,6,3,3,237
94,94,40,23,17,1215.1
94,95,51,28,23,1589.1
94,96,12,3,9,510
94,99,2,2,0,0
94,100,2,2,0,0
94,101,4,3,1,0
94,103,14,8,6,517.3
94,104,14,7,7,408.1
94,118,5,3,2,308
94,119,29,15,14,1204.1
94,120,550,284,266,20098.1
94,127,1,1,0,0
95,18,6,3,3,0
95,69,3,2,1,0
95,83,17,10,7,747
95,84,58,33,25,1887.4
95,85,5,3,2,0
95,93,36,20,16,1185.6
95,94,80,39,41,3314
95,95,15,7,8,600.6
95,102,2,1,1,0
95,104,48,23,25,1824.4
95,105,1,1,0,0
95,117,9,4,5,388.8
95,118,17,10,7,517.5
95,119,102,52,50,3671
95,120,48,28,20,1823.6999999999998
95,121,78,40,38,3311.2
95,122,20,11,9,861.5
95,127,2,1,1,0
96,18,2,1,1,0
96,59,4,2,2,0
96,69,10,4,6,249
96,76,5,3,2,241
96,83,23,14,9,679
96,84,43,22,21,1780.1000000000001
96,85,29,15,14,1227.5
96,92,12,7,5,373.8
96,93,20,10,10,564.4
96,94,14,8,6,575.4
96,101,14,7,7,474.59999999999997
96,102,3,2,1,0
96,104,63,32,31,2636
96,105,2,1,1,0
96,119,45,22,23,2035.9
96,120,54,26,28,2246.1
96,121,64,31,33,2484
96,122,5,3,2,311
97,57,14,7,7,492.8
97,58,5,3,2,0
97,75,17,12,5,789.6
97,83,16,7,9,558.4
97,84,31,15,16,1171.8
97,102,9,5,4,313.8
97,104,38,19,19,1368.4
97,105,3,2,1,0
97,118,38,20,18,1668.8000000000002
97,119,62,26,36,2310.6000000000004
97,120,186,92,94,7947.1
97,121,43,23,20,1652.8000000000002
97,122,11,4,7,383.8
98,57,1,1,0,0
98,75,21,12,9,901.8
98,76,5,2,3,172
98,84,15,7,8,471.6
98,85,46,25,21,1797.8
98,103,1,1,0,0
98,105,19,10,9,900.6
98,119,11,7,4,414
98,120,22,10,12,897.3
98,121,485,241,244,21660.1
98,122,340,180,160,13157
98,123,24,13,11,799.2
99,75,1,1,0,0
99,85,2,1,1,0
99,103,3,1,2,0
99,105,1,1,0,0
99,121,96,43,53,3733.2000000000003
99,122,141,74,67,5153.900000000001
99,123,61,37,24,2154.6
100,84,6,2,4,327
100,92,3,2,1,0
100,94,1,1,0,0
100,105,9,5,4,458.1
100,106,10,4,6,262.8
100,119,33,15,18,1378.3999999999999
100,120,37,19,18,1063.2
100,121,60,33,27,2087.5
100,122,285,153,132,10686.2
100,123,28,14,14,907.2
101,83,14,9,5,677.3
101,91,3,1,2,0
101,92,10,6,4,365
101,93,4,2,2,0
101,103,13,7,6,508.8
101,106,1,1,0,0
101,117,10,5,5,272
101,119,145,85,60,5391
101,120,39,21,18,1178
101,123,43,23,20,1577.2
102,83,6,3,3,268.8
102,103,7,3,4,92
102,104,2,1,1,0
102,107,4,3,1,0
102,119,28,14,14,972
102,120,13,6,7,504.5
102,122,7,5,2,264
102,123,28,14,14,926.8
102,124,11,6,5,419.1
103,74,7,5,2,183
103,104,8,4,4,327.2
103,105,16,9,7,351.6
103,107,9,7,2,315
103,119,13,5,8,379.6
103,120,110,54,56,4835.8
103,123,10,5,5,443
103,124,5,3,2,201
103,125,13,7,6,395.1
104,105,77,36,41,3126.6
104,108,6,3,3,229.2
104,119,57,32,25,2236.5
104,120,106,52,54,4583.4
104,124,37,18,19,1490.6
104,125,17,9,8,871.5
104,126,10,6,4,403
105,83,2,2,0,0
105,103,2,1,1,0
105,104,41,21,20,1332
105,105,143,79,64,6112.2
105,106,23,13,10,852.6
105,108,10,5,5,595
105,119,54,27,27,2546.3
105,120,186,101,85,6541.2
105,126,29,17,12,1170.8
105,127,27,16,11,1108.8
106,103,10,6,4,240
106,104,45,25,20,1904
106,105,42,23,19,1409.2
106,106,36,20,16,1368.8
106,108,26,12,14,871.8
106,109,9,4,5,322.8
106,118,10,4,6,488
106,119,98,55,43,3897.7
106,120,1,1,0,0
106,125,10,5,5,318
106,127,79,33,46,3337.2
107,81,9,4,5,354.6
107,82,4,3,1,0
107,104,37,17,20,1506
107,105,32,15,17,1366.9
107,106,33,16,17,1482.5
107,107,152,65,87,6590.5
107,108,32,19,13,1481.6
107,112,4,1,3,0
107,116,22,11,11,924
107,117,11,7,4,463
107,118,97,59,38,4111.5
107,119,954,471,483,39804.2
107,120,44,27,17,1496
107,121,2,1,1,0
107,127,2,1,1,0
108,106,19,11,8,703.8
108,107,619,308,311,28294.300000000003
108,108,61,32,29,2754.5
108,115,1,1,0,0
108,116,19,10,9,492
108,118,126,65,61,5245.2
108,119,29,13,16,1075.9
108,120,9,5,4,296.1
108,121,6,3,3,322.2
108,122,4,2,2,0
109,82,5,3,2,226
109,102,4,3,1,0
109,106,61,35,26,1890.1000000000001
109,107,95,45,50,3606.6000000000004
109,109,10,6,4,352.1
109,122,6,4,2,412.8
109,123,99,48,51,4047.6000000000004
109,126,5,1,4,222
110,102,17,11,6,756.6
110,106,23,12,11,751.3
110,107,81,38,43,2812.1
110,108,27,16,11,1015
110,109,6,4,2,256.2
110,122,26,15,11,1115.1
110,123,4,3,1,0
110,124,1,1,0,0
111,102,5,1,4,139
111,106,7,4,3,349.3
111,107,39,19,20,1857.9
111,108,56,34,22,2508.7
111,109,9,5,4,359.1
111,111,1,1,0,0
111,117,2,1,1,0
111,118,4,2,2,0
111,124,82,46,36,3391.3999999999996
111,125,85,41,44,3995
112,107,8,3,5,270
112,108,32,16,16,1518.5
112,109,66,37,29,2620
112,111,1,1,0,0
112,124,2,2,0,0
112,125,64,29,35,3056.3
113,108,19,7,12,948.1
113,109,23,13,10,829.5
113,110,8,3,5,258.3
113,112,6,2,4,225
113,118,8,4,4,362.4
113,125,36,19,17,1236.8
113,126,28,15,13,970
114,110,5,3,2,171
114,118,1,0,1,0
114,125,1,1,0,0
114,127,10,5,5,403.9
115,94,2,1,1,0
115,118,1,1,0,0
116,125,2,1,1,0
125,99,2,2,0,0