x,y,p,m,f,ta
1,10,206,112,94,8339.2
1,11,91,46,45,3535.3
1,20,6,4,2,0
2,6,8871,4533,4338,297448.3
2,7,25400,13076,12324,927613.4
2,8,8991,4577,4414,321601.3
2,9,4239,2140,2099,171247.6
2,10,29286,14829,14457,1096739.8
2,11,54176,27468,26708,2058139.9
2,12,5159,2602,2557,197333.7
2,13,9243,4745,4498,341389
2,14,3220,1667,1553,125911.2
2,15,6780,3544,3236,245393
2,16,30904,15749,15155,1100106
2,17,14575,7384,7191,517742.1
2,18,6057,3102,2955,244242.8
2,19,2982,1506,1476,122773.4
2,20,672,350,322,25340.7
2,21,356,186,170,14141.3
2,22,179,99,80,7425.5
2,23,68,42,26,3045.8
3,5,13875,6985,6890,529781.4
3,6,4318,2241,2077,150599.5
3,7,57127,29139,27988,1935340.4
3,8,200691,101560,99131,7393624.1
3,9,7818,4017,3801,281603.7
3,10,1448,725,723,54803.4
3,11,5693,2930,2763,202782.1
3,12,3603,1881,1722,139731.5
3,13,19822,10083,9739,743072.1
3,14,3546,1805,1741,144576.3
3,15,23762,12035,11727,880457.6
3,16,237179,119252,117927,8970293
3,17,66912,33568,33344,2553650.1
3,18,6687,3471,3216,255430.6
3,19,1424,723,701,55715.7
3,20,819,398,421,33433.5
3,21,1504,786,718,64115.4
3,22,2001,996,1005,86050.4
3,23,9966,5086,4880,372111.9
3,24,1564,807,757,66809.8
3,25,311,155,156,12979.2
4,4,1591,783,808,62754.7
4,5,2143,1081,1062,81123.5
4,6,3025,1558,1467,109432.8
4,7,2310,1212,1098,78979.7
4,8,9574,4832,4742,348358.2
4,9,6852,3515,3337,251020.2
4,10,1436,749,687,57828.6
4,11,2420,1251,1169,93333.2
4,12,5776,2987,2789,225705.1
4,13,8422,4236,4186,330083.3
4,14,3635,1779,1856,154778.4
4,15,3464,1796,1668,137579.9
4,16,3478,1779,1699,140628.8
4,17,6115,3086,3029,244311.8
4,18,624,330,294,25278.8
4,19,500,255,245,20217.6
4,20,1450,747,703,57302.5
4,21,1322,672,650,46077.4
4,22,2265,1156,1109,90802
4,23,1343,712,631,51242
4,24,1773,907,866,73041.7
4,25,7116,3603,3513,289007.1
4,26,988,499,489,40593.4
5,3,8949,4517,4432,358436.8
5,4,7742,3915,3827,315458.4
5,5,3696,1865,1831,139366.9
5,6,420,222,198,13234.4
5,7,110,54,56,4092
5,8,13,8,5,0
5,9,175,88,87,5446.8
5,10,640,318,322,24335.8
5,11,2189,1086,1103,84440.9
5,12,4879,2439,2440,200590.9
5,13,225,113,112,8973.6
5,14,419,225,194,16518.9
5,15,2393,1213,1180,100520.3
5,16,5928,2995,2933,239611.5
5,17,719,370,349,26860.4
5,18,508,258,250,18550.5
5,19,101,54,47,4136.5
5,20,1050,535,515,45287.4
5,21,1923,965,958,74906.3
5,22,14691,7403,7288,536875.8
5,23,705,358,347,27076.3
5,24,1071,551,520,42356.1
5,25,2580,1318,1262,108994.3
5,26,4041,2103,1938,175728.5
5,27,6642,3357,3285,265137.5
6,2,237,120,117,10403.4
6,3,9127,4596,4531,334822.1
6,4,5200,2622,2578,199730.1
6,5,1122,574,548,40338.2
6,6,1106,558,548,42838.9
6,7,401,215,186,14505
6,8,100,56,44,2889.4
6,11,336,163,173,12950.7
6,12,252,127,125,10055.1
6,13,534,268,266,21048.9
6,14,5925,2935,2990,256666.7
6,15,1512,774,738,61570.8
6,16,1438,706,732,64668.9
6,17,11853,5839,6014,485503.9
6,18,937,495,442,36249.8
6,19,144,69,75,6178.2
6,20,810,402,408,31133.9
6,21,2061,1076,985,80374.8
6,22,2450,1296,1154,88898.5
6,23,1914,941,973,80458.2
6,24,6633,3342,3291,262166
6,25,1112,547,565,47290.1
6,26,15850,7993,7857,621465.5
6,27,14430,7401,7029,550057.6
6,28,697,366,331,26362.7
7,2,13113,6460,6653,520389.7
7,3,5030,2520,2510,188298.6
7,4,2351,1208,1143,81653.8
7,5,1627,844,783,59779.8
7,6,174,89,85,6625.5
7,7,28,13,15,751.8
7,9,4,2,2,0
7,11,6,3,3,109.2
7,12,71,34,37,2820.6
7,13,412,200,212,18100.1
7,15,498,259,239,19942.7
7,16,1747,871,876,72506.5
7,17,1528,793,735,63622.4
7,18,617,318,299,25451.6
7,19,400,218,182,17301.4
7,20,3206,1580,1626,135355.3
7,21,295,146,149,11541.1
7,22,1126,585,541,47297.1
7,23,1613,803,810,64965.8
7,24,2105,1100,1005,87865.6
7,25,1064,569,495,41313.5
7,26,3891,2004,1887,149674
7,27,54359,27673,26686,2099928.2
7,28,10641,5426,5215,405178.7
7,29,271,146,125,12475.4
8,2,3312,1699,1613,124315.8
8,3,14735,7405,7330,557734
8,4,2959,1508,1451,105494.2
8,5,1174,604,570,39928.7
8,6,492,245,247,17116.6
8,7,92,57,35,3513.4
8,8,616,312,304,24965.6
8,9,692,363,329,27355.9
8,10,419,217,202,15122.3
8,11,515,272,243,17937.6
8,12,49,23,26,801
8,16,906,441,465,37375.1
8,17,93,52,41,3684.4
8,18,1416,692,724,58873
8,19,304,159,145,12409.8
8,20,7780,3842,3938,296651.4
8,21,271,143,128,9326.7
8,22,164,93,71,6040.6
8,23,311,157,154,11905.6
8,24,4831,2534,2297,184967.3
8,25,793,409,384,33616
8,26,1180,615,565,48445.2
8,27,12179,6101,6078,474794.2
8,28,7728,3975,3753,298595.4
8,29,1824,945,879,76738.2
9,2,3545,1778,1767,122810.2
9,3,90942,45437,45505,3423186.5
9,4,7970,3948,4022,301577.9
9,5,3362,1702,1660,131029.4
9,6,725,367,358,28877.5
9,7,433,211,222,18691.7
9,8,23,15,8,549
9,9,37,24,13,1248.6
9,10,112,66,46,3139
9,11,472,250,222,20545.4
9,12,690,359,331,28203.2
9,17,5,3,2,0
9,18,133,73,60,5674.7
9,19,1487,755,732,62546.9
9,20,1561,791,770,59466.9
9,21,4127,2055,2072,161714
9,22,428,220,208,18080.6
9,23,20,11,9,624.7
9,24,436,223,213,17021
9,25,328,168,160,12442.4
9,26,4442,2228,2214,185799.9
9,27,2291,1169,1122,93226.6
9,28,6076,3133,2943,244912.8
9,29,12292,6139,6153,492390.2
9,30,1688,870,818,68854.7
10,3,11102,5618,5484,429330.5
10,4,4565,2317,2248,163289.1
10,5,736,396,340,25705.3
10,6,380,200,180,12963.1
10,7,196,105,91,7111.3
10,8,304,163,141,10985.9
10,9,986,490,496,37780.4
10,10,2040,1032,1008,83839.6
10,11,2250,1113,1137,86749.8
10,12,295,157,138,10079
10,13,19,9,10,322.2
10,16,37,20,17,1276.1
10,17,62,30,32,2510.5
10,19,592,321,271,23901.5
10,20,5227,2697,2530,225505.3
10,21,330,171,159,12824.3
10,22,264,142,122,10395.7
10,24,7,4,3,0
10,25,4,2,2,0
10,26,700,370,330,27846.2
10,27,1273,667,606,50683.4
10,28,3332,1684,1648,125670.3
10,29,23003,11500,11503,906920.6
10,30,3734,1984,1750,146829.8
11,3,91,43,48,3248.5
11,4,54359,27085,27274,2123082.4
11,5,6105,3127,2978,221633.7
11,6,1386,700,686,53212.3
11,7,527,271,256,21114.8
11,8,853,439,414,32575.9
11,9,512,260,252,20553.3
11,10,3514,1732,1782,147414.1
11,11,697,373,324,27267.8
11,12,151,77,74,5818.6
11,14,5,1,4,178
11,15,106,57,49,4337.5
11,16,3824,1909,1915,161511.8
11,17,577,302,275,24338.9
11,18,6,4,2,0
11,19,29,16,13,768.2
11,20,54,32,22,1749.9
11,24,343,182,161,13710
11,27,4674,2343,2331,196357.8
11,28,588,314,274,21697.4
11,29,3155,1603,1552,126483.2
11,30,24724,12545,12179,994324
11,31,3157,1551,1606,125542.4
11,32,15,4,11,327.6
12,4,3522,1780,1742,135255.5
12,5,11632,5781,5851,476306.1
12,6,4574,2299,2275,180048.1
12,7,1223,639,584,50349.3
12,8,1819,917,902,74395
12,9,443,234,209,16673.1
12,10,1223,627,596,46832.3
12,11,1312,645,667,53671.4
12,12,4008,1952,2056,170732
12,13,1560,772,788,66065.2
12,14,772,406,366,31788.8
12,15,358,192,166,14716
12,16,2643,1283,1360,112358.9
12,17,1931,988,943,76219.9
12,18,2147,1117,1030,79862.1
12,19,750,391,359,31128.5
12,20,146,74,72,5628.7
12,21,1,0,1,0
12,22,29,17,12,880.2
12,23,1993,1016,977,85503.9
12,24,383,184,199,16877.9
12,25,313,160,153,12907
12,26,186,92,94,7194.1
12,27,66,37,29,2610.5
12,28,1717,862,855,72632.5
12,29,3101,1627,1474,130532.2
12,30,2967,1511,1456,119533.7
12,31,1007,529,478,42694.6
12,32,1704,872,832,71017.5
12,33,306,143,163,14127.4
13,5,186,97,89,7223.1
13,6,11593,5724,5869,500981.5
13,7,5405,2753,2652,215264.2
13,8,1203,601,602,48426.6
13,9,10219,5166,5053,423520.3
13,10,16043,7976,8067,660468.4
13,11,2582,1331,1251,103927
13,12,275,156,119,9065.5
13,13,908,444,464,38999
13,14,1371,687,684,56617.5
13,15,146,82,64,5507.8
13,16,3115,1537,1578,133629.7
13,17,4576,2269,2307,189334.4
13,18,354,184,170,12815
13,19,3061,1551,1510,128108.7
13,20,727,365,362,28761.1
13,21,5,4,1,0
13,23,1892,970,922,79437.4
13,25,945,487,458,39949.2
13,27,2,1,1,0
13,28,6268,3175,3093,262584.5
13,29,1947,1002,945,76991.6
13,30,2171,1120,1051,91206.5
13,31,1928,971,957,79909.4
13,32,118,62,56,3869.4
13,33,500,283,217,20983.4
13,34,101,52,49,5441.6
14,6,328,170,158,13091.5
14,7,15215,7684,7531,621446
14,8,85484,42216,43268,3453828.9
14,9,3391,1742,1649,131056.6
14,10,758,401,357,27605.4
14,11,20719,10458,10261,822374.6
14,12,2386,1220,1166,93330.7
14,13,1257,656,601,52391.2
14,14,1009,498,511,41258.8
14,15,976,503,473,41965.7
14,16,135,67,68,5391
14,17,166,90,76,6084.9
14,18,5847,2893,2954,244806.3
14,19,2514,1259,1255,105805.6
14,21,2,1,1,0
14,22,448,258,190,18560.2
14,23,3854,1921,1933,164989.7
14,24,2875,1437,1438,124079.6
14,25,311,159,152,12471.6
14,27,302,151,151,10517.8
14,28,189,101,88,7557.5
14,29,3098,1537,1561,128576.4
14,30,292,166,126,11916.2
14,31,803,406,397,32683.4
14,32,640,323,317,22485.2
14,33,2384,1246,1138,87850.7
14,34,3049,1551,1498,122129.1
15,7,34542,17033,17509,1447704.5
15,8,5507,2854,2653,210764.7
15,9,3309,1729,1580,132665.6
15,10,3164,1619,1545,129312.1
15,11,28066,14198,13868,1097040.6
15,12,11043,5619,5424,442998.2
15,13,3621,1829,1792,149735.4
15,14,2078,1033,1045,87016.4
15,15,396,217,179,15585.2
15,16,1083,555,528,46180.7
15,17,2084,1100,984,82693.8
15,18,1072,543,529,43986.3
15,19,89,50,39,3310
15,20,68,36,32,2661.6
15,21,1017,540,477,42939.1
15,22,2672,1382,1290,111899.2
15,23,4039,2014,2025,169528.3
15,24,70,32,38,2795.6
15,25,33,19,14,801.7
15,26,12,6,6,384.6
15,27,584,309,275,23311.2
15,28,30,15,15,1064.8
15,29,40,21,19,1485.1
15,30,2138,1064,1074,88827.1
15,31,3570,1794,1776,145959.5
15,32,1065,569,496,41410.7
15,33,2501,1285,1216,98652.4
15,35,45,26,19,1198.7
16,7,6045,3049,2996,248823.7
16,8,89151,43970,45181,3593491.6
16,9,27234,13799,13435,1041936.2
16,10,22425,11188,11237,905748.7
16,11,105099,52303,52796,4103788.7
16,12,13712,6847,6865,537570.4
16,13,18062,9043,9019,734393.7
16,14,12704,6297,6407,524080.9
16,15,603,326,277,24214.7
16,16,502,258,244,22999.6
16,17,5371,2651,2720,222269.2
16,18,1994,1027,967,80349.6
16,19,1214,603,611,54265.1
16,20,746,397,349,31485.2
16,21,4336,2217,2119,181809.2
16,22,2793,1389,1404,119484.5
16,23,7,3,4,0
16,24,653,325,328,28483.4
16,25,422,242,180,16389
16,26,44,23,21,1817.1
16,27,6098,3008,3090,247810.5
16,28,370,203,167,15388.7
16,29,1211,627,584,50688.6
16,30,4718,2387,2331,190673.3
16,31,2122,1096,1026,79115.9
16,32,441,239,202,16885.3
16,33,5362,2693,2669,216698.8
16,34,769,424,345,30664
17,8,21108,10356,10752,877854.3
17,9,77487,38470,39017,3148552.9
17,10,23340,11752,11588,919515.5
17,11,58140,29049,29091,2248399.6
17,12,259245,126913,132332,10126963.9
17,13,2356,1203,1153,93169.3
17,14,17713,8814,8899,721834
17,15,10499,5210,5289,428236
17,16,5727,2920,2807,243788.2
17,17,4967,2540,2427,200868
17,18,3809,1999,1810,146959.9
17,19,31299,15342,15957,1280821.2
17,20,4265,2173,2092,178255.1
17,21,3416,1679,1737,149007.7
17,22,77,37,40,1889
17,23,82,44,38,2526.3
17,24,295,148,147,12746.1
17,25,229,118,111,8041.1
17,27,306,146,160,11633.5
17,28,1721,866,855,71782.4
17,29,1559,791,768,59492.5
17,30,2912,1496,1416,108013.3
17,31,17615,8877,8738,680356.9
17,32,4873,2522,2351,187689.6
17,33,4260,2154,2106,176144
17,34,3456,1702,1754,146113.5
17,35,788,423,365,35192.2
17,36,3,2,1,0
18,7,4384,2199,2185,191201.7
18,8,104342,51514,52828,4220426.5
18,9,12766,6468,6298,511482.4
18,10,16768,8507,8261,647124.7
18,11,91628,45798,45830,3448996.7
18,12,644538,321616,322922,23706828.1
18,13,21736,11026,10710,818350
18,14,6796,3425,3371,264442.4
18,15,430,234,196,16389.9
18,16,20106,10017,10089,854191.9
18,17,37063,18471,18592,1503848.6
18,18,11601,5834,5767,486716.3
18,19,1037,527,510,38502.2
18,21,3,2,1,0
18,22,186,100,86,7558.2
18,24,2056,1024,1032,82611.7
18,25,1694,856,838,63648.4
18,26,204,109,95,6982.1
18,27,129,63,66,4850.9
18,28,295,148,147,10989.7
18,29,3654,1832,1822,143393.7
18,30,4399,2267,2132,171461.7
18,31,122858,61759,61099,4549319.3
18,32,74512,37800,36712,2820236.4
18,33,710,392,318,29070.5
18,34,264,139,125,9246.8
18,35,2031,1027,1004,83493.6
18,36,904,465,439,37200.2
18,37,6,4,2,0
19,6,160,77,83,5768.9
19,7,14787,7408,7379,606553.5
19,8,31615,15850,15765,1247486.8
19,9,13066,6531,6535,519425.9
19,10,30887,15409,15478,1232588.8
19,11,9775,5045,4730,366282.5
19,12,34876,17632,17244,1309243
19,13,47160,23928,23232,1713856.6
19,14,28993,14649,14344,1098434.5
19,15,4949,2523,2426,202071
19,16,8742,4345,4397,360616.3
19,17,52672,25960,26712,2172205.2
19,18,960,510,450,34485.3
19,19,16,8,8,713.1
19,20,239,124,115,9697.1
19,21,1811,934,877,77705.2
19,22,962,480,482,43826.5
19,23,703,373,330,30819.5
19,24,526,266,260,20508
19,25,3198,1563,1635,131473.3
19,26,1695,863,832,66784.6
19,27,138,71,67,5403.3
19,28,4,3,1,0
19,29,635,321,314,26489.1
19,30,552,288,264,21514.8
19,31,6003,3078,2925,223677.5
19,32,28759,14384,14375,1108193.6
19,33,2806,1407,1399,114920
19,34,198,108,90,7915.3
19,35,185,98,87,6954.6
19,36,549,286,263,24049.4
19,37,797,421,376,32574.6
19,38,17,8,9,309.6
19,39,1,0,1,0
19,40,11,4,7,386.8
20,6,180,98,82,6698.3
20,7,381,205,176,13245.7
20,8,1529,792,737,60952.7
20,9,3095,1571,1524,127256.2
20,10,1519,771,748,61145.9
20,11,5071,2589,2482,208978.5
20,12,8545,4259,4286,337244.3
20,13,10860,5401,5459,453619.2
20,14,7447,3733,3714,315717.9
20,15,3993,1976,2017,175057.8
20,16,2500,1256,1244,102650.3
20,17,22640,11071,11569,918552.7
20,18,1559,833,726,60251.9
20,19,3562,1840,1722,141780.9
20,20,243,120,123,9906.6
20,21,23,12,11,233.1
20,22,130,70,60,5422.2
20,25,137,76,61,5659.8
20,26,1565,784,781,65710.4
20,27,4614,2232,2382,196874.5
20,28,1492,738,754,64206.6
20,29,502,252,250,21788.1
20,30,2465,1254,1211,106382.3
20,31,1114,581,533,40347.6
20,32,4828,2467,2361,179482.2
20,33,16123,7943,8180,631669.7
20,34,5092,2511,2581,206327.7
20,35,2607,1315,1292,110384.8
20,36,1241,639,602,51765.2
20,37,924,465,459,38015.2
20,38,385,203,182,13514.3
20,39,315,158,157,11376
20,40,543,293,250,19375.3
21,10,25,15,10,736.1
21,11,530,271,259,23356.8
21,12,3033,1469,1564,128909.7
21,13,14195,6882,7313,599587.4
21,14,4746,2452,2294,194118.5
21,15,5106,2536,2570,224394.2
21,16,8026,3988,4038,361298.2
21,17,1118,584,534,42119.1
21,18,1370,684,686,56182.7
21,19,333,179,154,10675.2
21,20,559,272,287,22285.5
21,21,25,9,16,851.6
21,22,324,163,161,13216
21,23,96,49,47,3852.2
21,24,95,54,41,3759.5
21,25,145,74,71,5649.3
21,26,77,41,36,2896.2
21,27,760,394,366,28043
21,29,733,358,375,31947.9
21,30,1,1,0,0
21,31,2194,1099,1095,93658.5
21,32,141,72,69,5084.7
21,33,12160,6155,6005,490909.5
21,34,8268,4196,4072,310524.6
21,35,16814,8407,8407,693235.9
21,36,142,75,67,4652.9
21,37,12165,6036,6129,474666.5
21,38,1134,571,563,45016.3
21,39,6699,3348,3351,259605.2
21,40,849,436,413,30375.9
21,41,33,18,15,1214.2
22,12,2857,1416,1441,122775.2
22,13,1124,591,533,44009.2
22,14,914,460,454,36404.5
22,15,1108,571,537,48255.6
22,16,1274,656,618,55628
22,17,80,47,33,3830.2
22,18,121,63,58,4940.9
22,19,1780,920,860,70829.1
22,20,2805,1392,1413,121612.4
22,21,259,139,120,9901.8
22,22,139,68,71,5214.6
22,23,482,244,238,20240.1
22,24,98,45,53,3833.2
22,25,10,5,5,0
22,27,72,42,30,2546
22,28,83,40,43,3538.2
22,29,15,7,8,645
22,31,339,181,158,12099.9
22,32,14,7,7,249
22,33,707,383,324,26120.1
22,34,355,187,168,12359
22,35,893,466,427,33913.3
22,36,229,117,112,8407.4
22,37,3571,1832,1739,137216.6
22,38,18,10,8,118
22,39,259,150,109,11039.6
22,40,621,339,282,23936.6
22,41,557,272,285,24277
22,43,6,2,4,235.2
22,44,663,346,317,27821.7
23,13,6,3,3,0
23,14,51,28,23,1798
23,15,49,22,27,1313.8
23,16,16,10,6,0
23,18,118,61,57,4234.3
23,19,639,339,300,25423.2
23,20,295,147,148,12805.1
23,21,50,27,23,2050.5
23,33,33,20,13,1032.4
23,35,45,25,20,1227.6
23,36,1901,968,933,79056.5
23,37,2186,1123,1063,88424.4
23,38,1187,599,588,48618.9
23,39,235,114,121,8547.8
23,40,345,186,159,12897.3
23,41,1261,649,612,52705.1
23,42,2393,1215,1178,94573.2
23,43,6660,3257,3403,256728.4
23,44,589,303,286,25757.1
23,45,587,308,279,25944.1
23,46,1260,653,607,51461.4
23,47,5,2,3,264
23,48,421,221,200,15665.1
23,49,63,34,29,3271.7
23,54,545,280,265,23233
24,19,34,20,14,1168.3
24,35,2,1,1,0
24,36,168,85,83,6840.4
24,37,10,5,5,362.4
24,38,259,134,125,9785.3
24,39,141,70,71,6119.4
24,40,96,48,48,3724.9
24,41,107,54,53,3742.8
24,42,707,349,358,25805.6
24,43,30,17,13,971
24,44,554,277,277,22343.6
24,45,952,497,455,38371.6
24,46,7744,3884,3860,304570.8
24,47,509,270,239,20881.9
24,48,773,398,375,28778.4
24,49,121,66,55,4341
24,50,10,6,4,565.2
25,35,2,2,0,0
25,37,7,3,4,243
25,38,72,39,33,2943.8
25,39,261,125,136,9837
25,40,353,182,171,14546.7
25,42,25,15,10,1087.9
25,43,11,8,3,466
25,44,343,180,163,12694.2
25,45,10920,5499,5421,452781.3
25,46,1539,787,752,61404.6
25,47,1902,988,914,71731.4
25,48,1006,525,481,42956.3
25,49,321,162,159,11582.5
25,55,765,388,377,31298.7
25,56,893,486,407,40849.2
25,57,10,5,5,0
26,35,16,9,7,415.8
26,36,190,102,88,7110
26,37,562,278,284,23686.1
26,38,113,58,55,3203.3
26,39,383,194,189,15017.2
26,40,59,30,29,2589.3
26,41,74,41,33,2264.2
26,42,148,80,68,4299.9
26,43,1201,637,564,48754.7
26,44,157,84,73,5117.7
26,45,1378,737,641,51339.3
26,46,515,268,247,20603.9
26,47,2032,1032,1000,85504.9
26,48,155,74,81,5790.2
26,49,635,329,306,22545.4
26,50,1918,957,961,76108.4
26,51,356,179,177,14169.7
26,56,163,85,78,6245.9
26,57,4113,2071,2042,161880.8
26,58,122,60,62,4674.7
27,35,236,127,109,8504.2
27,36,201,103,98,8329.5
27,37,60,34,26,1936.5
27,38,8,5,3,276
27,39,33,19,14,873.1
27,42,176,97,79,5501.5
27,43,1042,569,473,41693.4
27,44,101,54,47,2768.8
27,45,430,241,189,16479.6
27,46,2237,1151,1086,89901.4
27,47,5591,2890,2701,209634.2
27,48,67,41,26,938.7
27,49,3,2,1,0
27,50,3869,1954,1915,155777.7
27,51,1375,686,689,56071.6
27,52,432,227,205,17451.3
27,53,110,56,54,3648.4
27,54,11,7,4,578.6
27,57,4194,2033,2161,173852.7
27,58,3905,1981,1924,146662.5
27,59,26,15,11,1279
28,42,55,29,26,1624.6
28,43,62,36,26,2085.6
28,44,72,38,34,1935.1
28,45,70,35,35,2509
28,47,18583,9292,9291,767064.2
28,48,1216,619,597,42996.9
28,51,148,73,75,6503.4
28,52,640,315,325,26728.8
28,53,34482,17152,17330,1337662.8
28,57,116,55,61,5105.2
28,58,3464,1753,1711,137548.9
28,59,456,241,215,18635
28,60,1485,711,774,68766.1
28,61,147,80,67,6657.4
29,44,2,0,2,0
29,46,1,1,0,0
29,47,159,87,72,3850
29,48,287,157,130,9938.1
29,50,160,86,74,4876.8
29,51,932,470,462,40816.8
29,52,1216,624,592,48399.4
29,53,12913,6629,6284,454813.6
29,54,381,188,193,16889.6
29,55,467,226,241,20256.5
29,56,250,132,118,9715.5
29,58,5030,2515,2515,205342.1
29,59,2951,1526,1425,119838.4
29,60,4924,2472,2452,203404.8
29,61,613,313,300,25274.8
29,62,23,11,12,1123.7
30,48,16,8,8,543
30,50,55,28,27,2393.1
30,51,1551,816,735,65261
30,52,4881,2454,2427,202330.6
30,53,6970,3482,3488,292280.7
30,54,167,91,76,6446
30,55,911,458,453,39845.9
30,56,846,440,406,32727.2
30,57,399,194,205,16450.4
30,58,71,36,35,2395.7
30,59,153,79,74,4813.1
30,60,4065,2014,2051,160619.3
30,61,5648,2850,2798,221725.6
30,62,4160,2081,2079,168022.2
31,50,94,48,46,3517.7
31,51,36,17,19,891.7
31,52,334,169,165,13166.9
31,53,1458,745,713,57709.8
31,54,469,231,238,20047.6
31,55,127,67,60,5374.9
31,56,230,118,112,9306.8
31,57,1080,557,523,42889
31,58,190,103,87,7820
31,59,551,276,275,24183.8
31,60,1094,561,533,41540
31,61,763,407,356,29121.5
31,62,809,405,404,33747.6
31,63,565,288,277,24725.1
31,64,473,237,236,20263.1
32,52,650,335,315,28926.6
32,54,10,6,4,531
32,55,6,4,2,0
32,56,44,29,15,1637.8
32,57,1695,896,799,70732.1
32,58,278,149,129,12061.4
32,59,1605,806,799,69773.3
32,60,573,295,278,24441.1
32,61,4110,2074,2036,163231.4
32,62,281,146,135,12155.2
32,63,161,79,82,6987.1
32,64,2826,1439,1387,115592.1
33,56,1,1,0,0
33,58,172,94,78,5338.2
33,59,3276,1627,1649,137118.1
33,60,3806,1912,1894,159534.2
33,61,21448,10670,10778,855224.7
33,62,640,321,319,29852.8
33,63,166,87,79,7329.1
33,64,92,51,41,4198.8
34,58,243,126,117,10807.8
34,59,11955,5985,5970,484823.5
34,60,876,450,426,39095.8
34,61,1626,866,760,71662.8
34,62,410,209,201,18508.4
34,63,531,252,279,22393.4
34,64,784,401,383,34467.8
34,65,875,450,425,36325.2
35,58,68,39,29,2385.6
35,59,4989,2567,2422,194689.4
35,60,1941,990,951,83972.6
35,61,1394,712,682,58982.2
35,62,1908,973,935,77294.5
35,63,1864,932,932,78825.5
35,64,6805,3391,3414,259875.4
35,65,1008,521,487,41487.9
35,66,577,300,277,23539.9
36,60,71,39,32,2409
36,61,470,240,230,18250.8
36,62,3402,1802,1600,128331.2
36,63,4192,2139,2053,164362.5
36,64,4071,2103,1968,161528.7
36,65,818,435,383,31110.2
36,66,472,259,213,17396.5
36,67,281,148,133,12690.9
36,68,7,5,2,259
37,61,329,159,170,11402.1
37,62,215,100,115,8531.4
37,63,3976,2055,1921,155246.1
37,64,945,486,459,37183
37,65,1238,661,577,49408.4
37,66,66040,33140,32900,2417460.8
37,67,1205,621,584,42651.7
37,68,150,82,68,5383.8
37,69,3,2,1,0
38,62,194,102,92,6236.4
38,63,800,435,365,29452.7
38,64,2901,1481,1420,121106.7
38,65,644,347,297,26073.7
38,66,875,471,404,33890.9
38,67,952,509,443,34186.9
38,68,1195,607,588,48408.4
38,69,387,200,187,16667
39,61,9,6,3,233.8
39,62,47,27,20,905.9
39,63,99,54,45,2845.1
39,64,1684,860,824,65623
39,65,465,237,228,19888.6
39,66,424,229,195,18405.4
39,67,486,257,229,20825.9
39,68,602,318,284,25824.1
39,69,373,197,176,15909.3
40,63,15,8,7,343.2
40,64,53,32,21,1726.8
40,65,1415,750,665,59575.2
40,66,2580,1333,1247,109680.4
40,67,387,204,183,17079.3
40,68,29,15,14,894
40,69,325,177,148,13533.6
41,63,5,3,2,229
41,64,5,3,2,113
41,65,405,204,201,18319
41,66,309,167,142,12569.7
41,67,3626,1836,1790,141282.2
41,68,965,483,482,37204.1
41,69,1961,992,969,79984.6
41,70,6,3,3,0
42,65,2,1,1,0
42,66,122,67,55,4176
42,67,228,114,114,8855.6
42,68,291,155,136,11568.3
42,69,32,21,11,1834.4
42,70,186,107,79,7761.6
42,72,230,137,93,9134.8
43,67,115,58,57,3629.7
43,68,897,461,436,36127.1
43,69,256,147,109,9266.9
43,70,759,412,347,33236.3
43,71,468,232,236,19388.6
43,72,341,191,150,14220.8
44,69,65,44,21,1982.7
44,70,8,4,4,292.8
44,71,55,30,25,2070.3
44,73,15,12,3,0
45,63,139,75,64,5148.5
45,64,12,7,5,424
45,68,1162,603,559,42011.5
45,69,14723,7365,7358,538533.5
45,70,323,184,139,13441.6
45,71,26,14,12,759.8
45,72,362,200,162,14280.8
45,73,4289,2190,2099,166952
46,62,13,7,6,786.5
46,63,2049,1034,1015,76512.2
46,64,335,178,157,12806.7
46,66,253,140,113,10057.7
46,67,9,4,5,0
46,68,454,236,218,13768
46,69,2866,1465,1401,93776.1
46,70,4,2,2,0
46,71,99,49,50,3642.3
46,72,1445,752,693,56111
46,73,4882,2458,2424,178577.3
46,74,1,1,0,0
46,75,114,74,40,4881.2
47,62,5,2,3,0
47,65,62,35,27,2375.6
47,66,3,3,0,0
47,68,2,2,0,0
47,71,3,2,1,0
47,72,151,88,63,5445.6
47,73,161,85,76,7005.3
47,74,42,26,16,1996.5
47,75,1002,520,482,43592
48,66,57,34,23,2272.4
48,67,8,5,3,244.3
48,69,125,67,58,4313.4
48,70,2509,1209,1300,100554.7
48,71,307,160,147,12752
48,72,151,80,71,6217.3
48,73,3,1,2,0
48,75,49,32,17,2432.6
48,76,140,79,61,6565.1
49,66,21,11,10,760.1
49,68,59,32,27,1811.2
49,69,13,7,6,259.2
49,70,497,255,242,19496.8
49,71,190,102,88,8086.4
49,72,52,33,19,1740.8
49,74,22,9,13,553.8
49,75,3017,1558,1459,124355.7
49,76,74,43,31,3182.5
50,66,302,163,139,10903
50,67,2188,1118,1070,86932
50,69,1,1,0,0
50,72,1,0,1,0
50,73,10,9,1,452.2
51,65,10,5,5,0
51,66,78,43,35,2633.3
51,67,29,13,16,629.7
51,68,28,15,13,955.9
51,69,4,2,2,0
51,72,38,21,17,1725.4
51,73,15,10,5,255
51,74,23,13,10,997.4
52,70,1,1,0,0
52,73,182,98,84,5699.4
52,75,1076,573,503,44537.8
53,70,116,62,54,4884.1
53,71,15,9,6,380.7
53,73,25,16,9,803.9
53,74,40,22,18,1681.5
53,75,111,57,54,4132.8
53,76,957,529,428,40874.4
54,71,671,347,324,29123.1
54,72,1383,717,666,53577.9
54,73,464,237,227,17172.7
55,71,159,86,73,6880.4
55,72,495,261,234,19461
55,73,197,108,89,7621.8
55,76,967,504,463,41999.9
56,71,29,17,12,905.4
56,72,713,362,351,30178.6
56,75,1199,619,580,48780
57,67,23,15,8,791
57,69,170,93,77,7480.6
57,70,49,28,21,2522.2
57,71,228,129,99,10175.8
57,72,5500,2812,2688,211477.8
57,74,2,1,1,0
57,75,1053,554,499,41821
58,67,5,4,1,0
58,68,205,107,98,7530.5
58,69,1510,742,768,61212
58,70,7063,3533,3530,267720.6
58,72,247,139,108,10887.4
58,73,6,3,3,0
59,68,242,115,127,8626.8
59,69,175,94,81,5411.6
59,70,483,242,241,18689.8
59,73,221,121,100,10276.8
59,74,1903,999,904,83216.6