x,y,p,m,f,ta
0,4,1,1,0,0
4,4,4,3,1,0
4,32,161,86,75,6697.6
8,32,408,212,196,17462.4
8,36,333,173,160,12354.3
12,0,11,5,6,591.8
12,4,15,7,8,711
12,36,355,182,173,16188
12,40,145,61,84,5394
16,4,17,7,10,1028.5
16,8,40,21,19,2324
16,36,411,213,198,16768.8
16,40,806,412,394,34980.4
20,8,5,2,3,267
20,12,10,5,5,564
20,16,6,4,2,343.8
24,12,1,0,1,0
24,16,12,5,7,638.4