x,y,p,m,f,ta
0,7,5,2,3,267
0,8,36,21,15,1512
0,11,3,2,1,0
0,12,25,11,14,922.5
0,13,33,17,16,1471.8
0,14,116,56,60,4848.8
0,15,47,22,25,1301.9
0,16,6,3,3,349.2
0,37,22,12,10,908.6
0,38,9,6,3,449.1
0,41,5,2,3,325
0,43,23,13,10,1255.8
0,44,20,8,12,654
0,45,4,2,2,0
0,46,13,6,7,461.5
0,62,2,1,1,0
0,63,12,7,5,530.4
0,69,3,2,1,0
0,72,30,20,10,1269
0,73,54,26,28,2219.4
0,97,20,11,9,994
0,104,3,1,2,0
0,106,1,0,1,0
1,0,168,76,92,7123.2
1,1,3,1,2,0
1,3,7,5,2,310.1
1,4,99,52,47,4088.7
1,5,111,59,52,4229.1
1,6,2,1,1,0
1,7,67,25,42,4187.5
1,8,23,13,10,897
1,10,7,4,3,266
1,11,37,21,16,1661.3
1,14,15,8,7,486
1,15,17,9,8,867
1,37,31,18,13,1100.5
1,38,3,2,1,0
1,44,48,28,20,1766.4
1,45,33,21,12,973.5
1,59,1,1,0,0
1,62,8,6,2,388.8
1,63,43,21,22,1419
1,70,3,2,1,0
1,72,40,16,24,1340
1,73,29,20,9,983.1
1,74,9,5,4,352.8
1,95,18,9,9,775.8
1,96,106,49,57,4854.8
1,97,13,7,6,439.4
2,0,23,10,13,952.2
2,1,19,10,9,716.3
2,2,43,24,19,1638.3
2,3,20,9,11,850
2,4,23,14,9,1166.1
2,5,138,71,67,6030.6
2,6,229,108,121,8839.4
2,7,27,7,20,2016.9
2,8,51,26,25,2136.9
2,9,39,23,16,1903.2
2,10,51,27,24,2147.1
2,11,19,10,9,948.1
2,37,15,6,9,619.5
2,38,20,12,8,858
2,43,21,12,9,926.1
2,44,10,6,4,478
2,62,2,1,1,0
2,63,33,18,15,1227.6
2,64,2,1,1,0
2,70,10,4,6,349
2,72,4,2,2,0
2,73,4,2,2,0
2,74,37,19,18,1135.9
2,95,39,22,17,1485.9
2,96,111,51,60,4606.5
2,97,101,48,53,3393.6
3,2,6,3,3,364.8
3,3,7,2,5,329
3,4,5,1,4,256
3,5,55,26,29,2436.5
3,6,5,2,3,249
3,7,15,10,5,670.5
3,8,17,10,7,681.7
3,9,128,66,62,4556.8
3,10,11,6,5,566.5
3,34,7,4,3,359.8
3,35,5,3,2,368
3,36,9,6,3,222.3
3,37,363,171,192,15209.7
3,38,493,249,244,20558.1
3,39,38,19,19,1242.6
3,43,17,10,7,778.6
3,44,15,9,6,838.5
3,62,2,1,1,0
3,63,34,17,17,1417.8
3,69,8,1,7,342.4
3,70,9,4,5,417.6
3,73,69,39,30,2849.7
3,74,41,20,21,1205.4
3,75,5,3,2,213
3,95,113,57,56,4938.1
3,96,15,9,6,1062
3,97,9,7,2,260.1
3,102,2,1,1,0
3,103,2,2,0,0
4,2,6,4,2,187.2
4,3,1,0,1,0
4,4,2,2,0,0
4,5,3,2,1,0
4,7,4,2,2,0
4,8,23,12,11,977.5
4,9,84,41,43,3343.2
4,10,10,6,4,402
4,11,2,1,1,0
4,21,26,16,10,956.8
4,31,1,0,1,0
4,33,21,12,9,756
4,34,44,21,23,1834.8
4,35,15,7,8,538.5
4,36,20,9,11,840
4,37,221,111,110,7403.5
4,38,194,82,112,10088
4,39,6,3,3,216
4,42,1,0,1,0
4,43,7,4,3,483
4,44,4,3,1,0
4,59,11,6,5,479.6
4,60,47,28,19,1800.1
4,62,16,9,7,620.8
4,63,4,2,2,0
4,69,25,14,11,1135
4,70,9,5,4,386.1
4,72,10,5,5,363
4,73,55,28,27,2183.5
4,74,46,23,23,1789.4
4,75,97,49,48,3947.9
4,76,4,2,2,0
4,80,2,1,1,0
4,95,9,3,6,411.3
4,96,1,1,0,0
4,98,4,3,1,0
4,101,5,2,3,198
4,105,2,1,1,0
4,122,7,4,3,455
4,123,3,2,1,0
5,3,23,10,13,1048.8
5,9,7,5,2,308
5,10,5,2,3,195
5,11,2,1,1,0
5,20,3,1,2,0
5,21,44,22,22,1971.2
5,31,4,2,2,0
5,32,4,4,0,0
5,33,13,8,5,516.1
5,34,4,3,1,0
5,38,41,22,19,1685.1
5,41,15,11,4,702
5,42,23,13,10,961.4
5,59,34,16,18,1295.4
5,60,11,7,4,498.3
5,66,5,2,3,170
5,68,8,3,5,468
5,69,71,37,34,2740.6
5,70,13,7,6,828.1
5,71,22,10,12,836
5,72,196,101,95,6526.8
5,73,100,45,55,3530
5,74,44,27,17,1570.8
5,75,45,23,22,1849.5
5,76,100,52,48,3850
5,77,43,22,21,1427.6
5,78,14,8,6,459.2
5,79,1,1,0,0
5,80,4,2,2,0
5,93,17,10,7,552.5
5,94,16,10,6,585.6
5,95,58,30,28,2633.2
5,101,7,4,3,366.1
5,102,2,1,1,0
5,105,8,3,5,295.2
5,106,1,1,0,0
5,108,3,2,1,0
5,109,5,3,2,308
5,121,4,3,1,0
6,0,5,2,3,248
6,15,31,14,17,1252.4
6,16,7,4,3,364.7
6,18,23,14,9,1025.8
6,19,26,11,15,803.4
6,20,70,31,39,3080
6,21,69,36,33,2553
6,22,11,6,5,721.6
6,26,4,2,2,0
6,31,7,3,4,289.1
6,33,9,5,4,458.1
6,39,17,10,7,817.7
6,40,22,11,11,928.4
6,41,27,11,16,1023.3
6,47,2,1,1,0
6,59,69,36,33,2484
6,60,9,3,6,507.6
6,65,15,8,7,732
6,66,48,27,21,2160
6,67,14,9,5,618.8
6,68,20,11,9,894
6,69,21,8,13,798
6,70,52,26,26,2085.2
6,71,79,39,40,3634
6,72,39,23,16,1376.7
6,73,287,143,144,11594.8
6,74,215,110,105,8492.5
6,75,123,61,62,4403.4
6,76,4,2,2,0
6,77,46,22,24,1794
6,78,3,2,1,0
6,93,25,10,15,1087.5
6,94,16,11,5,545.6
6,95,39,22,17,1821.3
6,99,3,1,2,0
6,101,1,1,0,0
6,102,6,4,2,195
6,105,6,3,3,208.2
6,107,1,1,0,0
6,108,2,1,1,0
6,109,6,4,2,273
6,116,1,1,0,0
6,117,1,0,1,0
7,1,5,3,2,189
7,13,3,2,1,0
7,14,1,1,0,0
7,16,12,7,5,711.6
7,17,31,13,18,1466.3
7,18,43,24,19,1784.5
7,19,42,24,18,1428
7,20,1,1,0,0
7,21,1,1,0,0
7,22,59,28,31,2395.4
7,23,2,1,1,0
7,24,25,10,15,982.5
7,32,10,6,4,503
7,33,19,9,10,647.9
7,58,24,15,9,852
7,59,116,56,60,4222.4
7,60,145,67,78,6032
7,61,39,21,18,2008.5
7,62,19,8,11,663.1
7,63,21,9,12,741.3
7,64,37,19,18,1406
7,65,24,14,10,1065.6
7,66,31,18,13,1174.9
7,67,21,11,10,991.2
7,68,1,0,1,0
7,70,2,1,1,0
7,71,752,404,348,23838.4
7,72,705,356,349,27706.5
7,73,719,355,364,32498.8
7,74,85,44,41,2839
7,75,43,20,23,1922.1
7,76,86,40,46,2726.2
7,77,15,9,6,625.5
7,82,1,1,0,0
7,93,46,27,19,1909
7,94,9,5,4,426.6
7,95,6,3,3,349.2
7,96,4,1,3,0
7,100,6,3,3,229.2
7,102,26,16,10,1040
7,103,14,7,7,565.6
7,104,28,16,12,1072.4
7,105,9,5,4,341.1
7,106,2,1,1,0
7,107,45,26,19,2227.5
7,108,11,6,5,326.7
7,117,7,5,2,387.8
7,118,1,1,0,0
7,121,4,3,1,0
8,0,3,2,1,0
8,1,5,4,1,242
8,2,1,1,0,0
8,14,3,2,1,0
8,15,13,6,7,543.4
8,16,48,25,23,2073.6
8,17,17,9,8,666.4
8,18,4,1,3,0
8,20,3,2,1,0
8,21,6,2,4,262.8
8,22,24,11,13,854.4
8,23,240,103,137,11856
8,24,23,9,14,860.2
8,31,2,1,1,0
8,32,5,4,1,356
8,33,4,2,2,0
8,57,10,6,4,437
8,58,95,44,51,4047
8,59,562,286,276,24390.8
8,60,590,271,319,28379
8,61,86,45,41,3904.4
8,62,28,16,12,1299.2
8,63,42,25,17,1780.8
8,64,74,40,34,2982.2
8,65,21,14,7,877.8
8,66,4,2,2,0
8,71,68,35,33,2944.4
8,72,463,245,218,17501.4
8,73,205,97,108,8323
8,74,35,17,18,1802.5
8,75,77,41,36,3295.6
8,76,323,161,162,11724.9
8,78,2,1,1,0
8,79,13,7,6,548.6
8,80,7,2,5,235.9
8,81,7,5,2,340.9
8,91,1,0,1,0
8,92,13,7,6,562.9
8,93,15,8,7,954
8,94,23,12,11,1248.9
8,102,24,12,12,1036.8
8,103,69,34,35,2642.7
8,104,86,34,52,4687
8,105,7,5,2,343.7
8,106,16,9,7,857.6
8,107,36,16,20,1432.8
8,108,18,9,9,923.4
8,109,8,5,3,436
8,110,6,4,2,322.8
8,111,5,3,2,228
8,120,4,2,2,0
8,121,5,3,2,321
8,122,3,2,1,0
8,123,16,9,7,640
9,0,9,4,5,356.4
9,2,2,1,1,0
9,12,2,1,1,0
9,15,16,9,7,742.4
9,16,13,7,6,577.2
9,22,8,2,6,288.8
9,23,31,17,14,1419.8
9,24,36,20,16,1170
9,25,3,1,2,0
9,31,3,3,0,0
9,32,5,3,2,275
9,56,16,10,6,782.4
9,57,15,9,6,802.5
9,58,10,2,8,473
9,59,46,23,23,1794
9,60,49,26,23,2018.8
9,61,31,16,15,1391.9
9,62,22,15,7,858
9,63,16,9,7,790.4
9,64,8,3,5,242.4
9,72,54,29,25,1938.6
9,73,39,11,28,1287
9,74,22,12,10,816.2
9,75,10,6,4,570
9,80,1,1,0,0
9,81,10,5,5,421
9,82,20,14,6,684
9,92,51,29,22,2198.1
9,93,46,25,21,1978
9,94,4,3,1,0
9,102,12,7,5,471.6
9,103,30,17,13,1485
9,104,35,17,18,1400
9,107,4,2,2,0
9,118,1,0,1,0
9,121,17,10,7,581.4
9,122,21,11,10,987
9,123,3,2,1,0
9,126,1,1,0,0
9,127,3,2,1,0
10,1,7,4,3,431.2
10,2,2,1,1,0
10,4,5,2,3,305
10,9,2,1,1,0
10,11,3,2,1,0
10,22,4,2,2,0
10,24,36,23,13,1508.4
10,25,14,7,7,509.6
10,26,3,2,1,0
10,27,6,3,3,193.8
10,28,2,1,1,0
10,29,11,4,7,525.8
10,30,4,2,2,0
10,31,5,3,2,320
10,32,6,3,3,343.8
10,54,4,3,1,0
10,55,9,5,4,448.2
10,56,3,2,1,0
10,59,5,3,2,378
10,60,32,15,17,1600
10,61,12,6,6,615.6
10,62,6,3,3,283.2
10,71,19,10,9,703
10,72,101,55,46,4242
10,73,50,23,27,2000
10,74,39,22,17,1731.6
10,75,17,10,7,785.4
10,76,8,4,4,372
10,77,4,3,1,0
10,80,1,1,0,0
10,81,6,3,3,343.2
10,87,1,1,0,0
10,92,32,19,13,1664
10,93,65,33,32,2340
10,94,9,4,5,358.2
10,104,7,5,2,315
10,112,3,2,1,0
10,120,5,4,1,253
10,121,8,4,4,464.8
10,122,8,6,2,414.4
10,123,4,2,2,0
10,124,8,3,5,312.8
10,125,11,5,6,425.7
11,0,1,1,0,0
11,1,1,0,1,0
11,14,4,1,3,0
11,23,2,1,1,0
11,25,4,2,2,0
11,26,12,6,6,531.6
11,27,12,6,6,303.6
11,29,13,7,6,384.8
11,30,5,3,2,160
11,31,8,4,4,491.2
11,32,19,9,10,1041.2
11,33,30,13,17,1104
11,52,9,3,6,365.4
11,53,12,6,6,680.4
11,54,6,3,3,163.2
11,58,6,4,2,225
11,59,1,0,1,0
11,60,9,6,3,251.1
11,61,4,2,2,0
11,70,9,3,6,323.1
11,71,29,14,15,1307.9
11,72,36,17,19,1551.6
11,73,171,89,82,7147.8
11,74,75,40,35,2617.5
11,75,8,5,3,291.2
11,83,2,1,1,0
11,84,1,0,1,0
11,92,52,28,24,2355.6
11,93,45,23,22,2038.5
11,94,9,3,6,470.7
11,103,4,2,2,0
11,104,7,5,2,240.8
11,112,1,1,0,0
11,116,6,3,3,304.2
11,118,11,6,5,594
11,119,9,4,5,330.3
11,120,3,2,1,0
11,121,4,2,2,0
11,122,2,1,1,0
11,124,7,5,2,380.1
11,125,2,1,1,0
11,126,4,3,1,0
12,0,2,1,1,0
12,1,12,5,7,380.4
12,5,3,2,1,0
12,6,9,5,4,560.7
12,10,2,1,1,0
12,11,9,4,5,372.6
12,14,29,18,11,849.7
12,23,4,1,3,0
12,24,7,4,3,249.9
12,31,4,2,2,0
12,33,52,27,25,2496
12,34,5,3,2,277
12,35,10,7,3,622
12,50,6,3,3,324
12,58,21,11,10,921.9
12,59,8,3,5,443.2
12,60,15,8,7,880.5
12,61,6,3,3,298.8
12,62,13,6,7,313.3
12,66,8,5,3,390.4
12,67,19,11,8,843.6
12,68,2,2,0,0
12,69,240,122,118,9384
12,70,227,110,117,7695.3
12,71,6,2,4,226.2
12,72,22,10,12,915.2
12,73,49,22,27,1798.3
12,74,7,4,3,326.2
12,81,3,2,1,0
12,82,22,9,13,996.6
12,83,2,1,1,0
12,84,5,3,2,219
12,91,18,7,11,707.4
12,92,64,33,31,2457.6
12,93,139,71,68,5337.6
12,94,29,12,17,1357.2
12,103,11,5,6,437.8
12,104,21,12,9,989.1
12,113,1,1,0,0
12,118,8,3,5,182.4
12,119,4,2,2,0
12,124,3,1,2,0
12,126,5,3,2,335
13,0,11,5,6,565.4
13,1,8,5,3,360
13,5,3,2,1,0
13,6,4,3,1,0
13,7,17,8,9,892.5
13,13,11,5,6,334.4
13,14,49,26,23,2141.3
13,15,3,2,1,0
13,23,4,3,1,0
13,24,13,7,6,595.4
13,31,5,2,3,178
13,49,3,2,1,0
13,58,16,10,6,672
13,59,38,20,18,1208.4
13,60,7,4,3,329
13,61,13,6,7,625.3
13,62,5,3,2,255
13,63,4,3,1,0
13,65,14,7,7,809.2
13,66,47,26,21,1884.7
13,67,70,37,33,3073
13,68,22,12,10,1179.2
13,69,542,241,301,24606.8
13,70,111,52,59,4140.3
13,71,47,20,27,1823.6
13,72,15,7,8,624
13,73,8,3,5,366.4
13,80,18,10,8,885.6
13,81,11,5,6,488.4
13,90,10,6,4,458
13,91,5,3,2,203
13,92,154,74,80,5929
13,93,80,39,41,3344
13,94,45,24,21,1800
13,102,1,1,0,0
13,103,2,1,1,0
13,104,3,2,1,0
13,113,6,3,3,190.8
13,114,10,4,6,282
13,115,1,0,1,0
13,125,2,2,0,0
14,0,6,2,4,166.8
14,1,2,1,1,0
14,6,11,7,4,566.5
14,7,18,9,9,826.2
14,8,7,4,3,476.7
14,9,33,17,16,1544.4
14,13,20,9,11,686
14,14,134,67,67,5882.6
14,15,7,5,2,336.7
14,22,5,4,1,152
14,24,4,2,2,0
14,58,82,45,37,3296.4
14,59,45,26,19,1674
14,60,7,4,3,343.7
14,62,5,3,2,149
14,63,14,7,7,449.4
14,64,9,5,4,532.8
14,65,22,11,11,1126.4
14,66,2,1,1,0
14,67,13,8,5,447.2
14,68,18,8,10,759.6
14,69,75,42,33,3840
14,70,55,31,24,2425.5
14,71,28,17,11,1100.4
14,80,1,0,1,0
14,88,7,5,2,312.9
14,89,22,11,11,730.4
14,90,27,13,14,1061.1
14,91,117,61,56,5627.7
14,92,113,57,56,4113.2
14,93,57,26,31,2114.7
14,94,29,13,16,864.2
14,102,17,10,7,632.4
14,103,5,4,1,108
15,0,1,1,0,0
15,2,3,1,2,0
15,6,8,4,4,496.8
15,7,7,3,4,252
15,8,1,1,0,0
15,9,3,1,2,0
15,11,6,4,2,280.8
15,12,3,2,1,0
15,13,160,71,89,6864
15,14,620,306,314,26350
15,15,25,14,11,970
15,23,7,3,4,301.7
15,29,1,0,1,0
15,42,1,0,1,0
15,51,3,2,1,0
15,56,9,5,4,404.1
15,57,161,84,77,6069.7
15,58,80,40,40,2952
15,62,3,2,1,0
15,63,11,6,5,377.3
15,64,16,9,7,556.8
15,65,3,2,1,0
15,66,8,3,5,378.4
15,67,25,15,10,1082.5
15,68,52,21,31,2381.6
15,69,13,6,7,627.9
15,70,49,27,22,2141.3
15,71,13,7,6,397.8
15,88,42,22,20,1919.4
15,89,40,20,20,1664
15,90,103,51,52,3811
15,91,50,25,25,1870
15,92,27,14,13,1147.5
15,93,45,25,20,1683
15,101,2,1,1,0
15,102,6,4,2,127.8
15,103,1,1,0,0
16,0,6,3,3,300
16,3,2,2,0,0
16,7,1,0,1,0
16,13,39,20,19,1423.5
16,14,142,76,66,5978.2
16,15,19,11,8,750.5
16,16,8,5,3,380.8
16,17,39,24,15,1462.5
16,18,27,13,14,1576.8
16,22,6,2,4,213
16,29,11,6,5,522.5
16,40,1,1,0,0
16,42,8,6,2,387.2
16,54,1,1,0,0
16,55,91,46,45,4031.3
16,56,353,170,183,15567.3
16,57,210,109,101,8148
16,58,45,24,21,2101.5
16,59,7,1,6,170.8
16,60,8,5,3,487.2
16,61,16,10,6,486.4
16,67,4,3,1,0
16,68,15,8,7,643.5
16,69,40,18,22,1456
16,70,8,5,3,464.8
16,86,25,17,8,1095
16,87,60,33,27,2628
16,88,250,132,118,10700
16,89,44,26,18,1962.4
16,90,795,366,429,41101.5
16,91,55,27,28,2211
16,99,2,1,1,0
16,100,1,0,1,0
16,102,1,0,1,0
16,105,2,1,1,0
17,0,5,3,2,255
17,1,4,0,4,0
17,2,30,14,16,1140
17,3,15,9,6,726
17,8,9,4,5,452.7
17,11,2,1,1,0
17,13,28,17,11,1402.8
17,14,114,66,48,4674
17,15,22,13,9,917.4
17,17,32,18,14,1241.6
17,18,57,29,28,1943.7
17,19,8,4,4,314.4
17,20,11,7,4,531.3
17,21,15,7,8,568.5
17,22,23,12,11,1009.7
17,55,28,17,11,1075.2
17,56,640,325,315,27136
17,57,476,223,253,20991.6
17,58,146,81,65,6117.4
17,59,50,26,24,2395
17,60,2,1,1,0
17,61,8,4,4,440.8
17,62,9,4,5,525.6
17,65,4,2,2,0
17,68,17,7,10,623.9
17,69,127,65,62,5219.7
17,70,140,75,65,6958
17,71,6,4,2,202.2
17,86,25,11,14,895
17,87,47,26,21,2044.5
17,88,5,1,4,68
17,89,88,45,43,4162.4
17,90,64,35,29,2630.4
17,99,17,10,7,596.7
17,102,12,6,6,435.6
18,0,5,1,4,313
18,1,5,3,2,235
18,2,21,11,10,735
18,6,2,1,1,0
18,7,1,1,0,0
18,8,2,1,1,0
18,11,16,8,8,1022.4
18,12,66,38,28,2686.2
18,13,164,84,80,6625.6
18,14,25,12,13,792.5
18,16,12,4,8,555.6
18,17,19,9,10,813.2
18,18,9,5,4,335.7
18,19,34,23,11,1193.4
18,20,21,12,9,873.6
18,32,5,3,2,236
18,33,15,7,8,523.5
18,55,48,28,20,2102.4
18,56,259,134,125,10670.8
18,57,78,43,35,2995.2
18,59,2,2,0,0
18,66,1,1,0,0
18,67,36,20,16,1515.6
18,68,38,22,16,1265.4
18,69,158,90,68,6019.8
18,70,7,4,3,396.2
18,71,21,13,8,1121.4
18,72,10,6,4,645
18,86,12,6,6,408
18,87,48,29,19,2054.4
18,88,157,79,78,6656.8
18,89,28,12,16,856.8
18,95,4,3,1,0
18,97,13,5,8,509.6
18,98,16,7,9,681.6
18,99,28,15,13,1344
18,108,6,2,4,427.2
18,109,1,1,0,0
19,2,26,13,13,1144
19,3,22,12,10,1128.6
19,4,31,18,13,1553.1
19,5,34,17,17,1431.4
19,6,5,2,3,301
19,7,2,2,0,0
19,8,2,1,1,0
19,9,1,1,0,0
19,10,51,25,26,2488.8
19,11,289,151,138,11357.7
19,12,31,18,13,1054
19,13,191,98,93,7105.2
19,14,570,287,283,20976
19,16,2,1,1,0
19,17,5,2,3,247
19,18,4,2,2,0
19,55,123,62,61,4846.2
19,56,132,72,60,5781.6
19,57,4,2,2,0
19,69,17,8,9,775.2
19,70,20,8,12,912
19,71,9,4,5,551.7
19,72,48,30,18,2025.6
19,73,18,7,11,700.2
19,77,1,1,0,0
19,84,3,1,2,0
19,85,13,6,7,682.5
19,86,26,10,16,1112.8
19,87,9,5,4,241.2
19,88,965,507,458,42653
19,89,500,273,227,19300
19,90,304,153,151,12342.4
19,94,5,4,1,302
19,95,16,11,5,624
19,97,1,0,1,0
19,107,1,0,1,0
19,108,27,15,12,1379.7
20,2,7,4,3,480.9
20,3,7,5,2,256.9
20,5,12,7,5,564
20,6,5,2,3,107
20,8,37,19,18,1380.1
20,9,62,33,29,2622.6
20,10,635,310,325,26733.5
20,11,802,394,408,33523.6
20,12,70,34,36,2870
20,13,6,2,4,193.8
20,14,522,249,273,23124.6
20,15,148,76,72,5476
20,19,1,1,0,0
20,24,11,6,5,477.4
20,25,1,1,0,0
20,27,2,1,1,0
20,39,4,2,2,0
20,40,24,12,12,729.6
20,45,4,2,2,0
20,55,38,19,19,1664.4
20,56,41,22,19,1701.5
20,59,3,1,2,0
20,60,5,3,2,210
20,61,3,2,1,0
20,69,29,16,13,1157.1
20,70,50,25,25,1805
20,71,31,18,13,1209
20,72,21,10,11,827.4
20,73,25,12,13,1195
20,77,9,4,5,480.6
20,78,10,4,6,541
20,79,2,1,1,0
20,80,7,3,4,340.9
20,81,8,4,4,439.2
20,82,2,1,1,0
20,83,22,11,11,1141.8
20,84,17,10,7,1004.7
20,87,221,107,114,8817.9
20,88,1573,763,810,64178.4
20,89,1104,554,550,44491.2
20,90,791,391,400,31719.1
20,91,86,45,41,3586.2
20,92,117,67,50,4352.4
20,93,10,4,6,329
20,94,8,3,5,324.8
20,95,11,5,6,482.9
20,107,1,1,0,0
20,108,3,1,2,0
21,2,4,3,1,0
21,3,2,0,2,0
21,7,14,7,7,389.2
21,8,78,35,43,4032.6
21,9,79,41,38,3586.6
21,10,1407,684,723,69224.4
21,11,1171,568,603,52695
21,12,199,94,105,9114.2
21,13,17,7,10,710.6
21,14,87,43,44,3793.2
21,15,121,67,54,4452.8
21,16,12,5,7,531.6
21,17,13,7,6,677.3
21,25,14,8,6,512.4
21,26,7,3,4,389.2
21,33,1,1,0,0
21,35,2,1,1,0
21,39,27,14,13,1142.1
21,44,1,1,0,0
21,45,6,3,3,295.2
21,54,7,4,3,520.8
21,55,35,20,15,1456
21,56,23,13,10,1012
21,59,1,1,0,0
21,60,63,36,27,2973.6
21,61,40,25,15,1896
21,68,3,2,1,0
21,69,11,7,4,581.9
21,70,19,9,10,577.6
21,71,50,27,23,1845
21,72,133,68,65,4721.5
21,73,34,19,15,1577.6
21,74,22,10,12,1014.2
21,75,3,2,1,0
21,76,7,2,5,331.1
21,77,23,9,14,936.1
21,78,10,5,5,397
21,79,11,7,4,354.2
21,80,16,10,6,747.2
21,81,6,3,3,132
21,82,3,2,1,0
21,85,36,19,17,1486.8
21,86,21,10,11,1178.1
21,87,456,211,245,18103.2
21,88,757,357,400,31945.4
21,89,403,185,218,16845.4
21,90,2,1,1,0
21,91,8,6,2,279.2
21,92,5,3,2,137
21,93,78,36,42,3010.8
21,94,87,40,47,3671.4
21,95,19,8,11,680.2
21,101,1,1,0,0
21,102,1,0,1,0
21,106,3,2,1,0
21,107,5,4,1,269
22,3,9,6,3,363.6
22,4,3,2,1,0
22,5,17,9,8,885.7
22,6,33,18,15,1376.1
22,7,17,9,8,884
22,8,4,2,2,0
22,10,262,136,126,13859.8
22,11,527,253,274,25981.1
22,12,2,1,1,0
22,14,14,7,7,683.2
22,15,45,21,24,1962
22,16,13,6,7,655.2
22,17,5,2,3,189
22,20,1,0,1,0
22,24,17,11,6,622.2
22,25,13,6,7,690.3
22,34,17,9,8,865.3
22,37,4,2,2,0
22,39,11,6,5,358.6
22,43,2,1,1,0
22,44,29,16,13,1403.6
22,47,2,1,1,0
22,49,1,1,0,0
22,53,21,10,11,1159.2
22,54,133,72,61,4947.6
22,55,34,14,20,1628.6
22,56,34,19,15,1720.4
22,60,3,1,2,0
22,63,6,3,3,313.2
22,68,4,1,3,0
22,69,3,1,2,0
22,70,3,2,1,0
22,71,62,35,27,2821
22,72,148,72,76,6023.6
22,74,8,3,5,456
22,75,44,25,19,1645.6
22,76,21,11,10,793.8
22,77,27,9,18,1077.3
22,78,10,6,4,390
22,79,34,14,20,1380.4
22,80,5,2,3,294
22,81,8,4,4,410.4
22,82,210,109,101,8673
22,83,76,37,39,3914
22,84,13,7,6,872.3
22,85,19,13,6,807.5
22,86,6,4,2,301.2
22,88,463,228,235,18705.2
22,89,134,71,63,6150.6
22,93,2,1,1,0
22,105,3,2,1,0
22,106,65,38,27,2678
22,107,1,1,0,0
23,7,10,6,4,562
23,8,4,2,2,0
23,9,7,4,3,352.1
23,11,1,0,1,0
23,14,6,3,3,187.2
23,15,9,6,3,496.8
23,17,3,2,1,0
23,19,6,2,4,262.8
23,20,2,2,0,0
23,21,4,2,2,0
23,22,2,1,1,0
23,23,6,4,2,282
23,34,2,0,2,0
23,36,10,4,6,367
23,38,4,3,1,0
23,39,22,9,13,1062.6
23,42,4,2,2,0
23,43,22,11,11,1185.8
23,44,26,13,13,1071.2
23,45,10,6,4,487
23,46,14,5,9,523.6
23,47,11,7,4,345.4
23,50,20,10,10,904
23,51,21,11,10,951.3
23,52,33,16,17,1158.3
23,53,17,9,8,688.5
23,54,17,10,7,938.4
23,55,2,1,1,0
23,56,4,2,2,0
23,75,8,5,3,330.4
23,76,45,25,20,1984.5
23,77,8,4,4,492.8
23,79,5,3,2,216
23,80,28,18,10,1022
23,81,51,27,24,2493.9
23,82,51,22,29,2279.7
23,83,17,9,8,688.5
24,8,11,8,3,471.9
24,9,37,23,14,1587.3
24,11,2,2,0,0
24,13,15,9,6,811.5
24,14,14,9,5,728
24,15,10,4,6,427
24,18,4,2,2,0
24,19,4,2,2,0
24,20,7,6,1,244.3
24,21,19,11,8,801.8
24,22,2,2,0,0
24,33,10,6,4,437
24,35,11,7,4,423.5
24,36,18,8,10,788.4
24,38,6,3,3,390
24,43,3,1,2,0
24,44,4,2,2,0
24,45,1,1,0,0
24,46,9,5,4,343.8
24,47,21,10,11,1085.7
24,48,45,24,21,1809
24,49,17,8,9,409.7
24,50,21,10,11,976.5
24,51,31,19,12,1559.3
24,52,13,6,7,505.7
24,53,20,10,10,946
24,54,5,2,3,259
24,57,11,4,7,464.2
24,58,8,4,4,470.4
25,9,44,22,22,1958
25,10,1,1,0,0
25,13,4,1,3,0
25,15,1,1,0,0
25,16,20,13,7,740
25,17,15,10,5,843
25,18,1,1,0,0
25,19,2,1,1,0
25,20,15,6,9,694.5
25,32,1,0,1,0
25,35,3,1,2,0
25,36,9,3,6,378
25,37,83,43,40,3602.2
25,38,7,6,1,296.1
25,39,16,7,9,656
25,46,8,4,4,311.2
25,47,5,3,2,164
25,48,102,53,49,3692.4
25,49,83,41,42,4183.2
25,50,17,8,9,805.8
25,91,3,2,1,0
25,107,2,1,1,0
25,118,1,1,0,0
26,9,28,16,12,1302
26,10,2,1,1,0
26,13,5,1,4,150
26,14,11,5,6,511.5
26,16,3,2,1,0
26,17,18,8,10,856.8
26,18,10,5,5,396
26,20,2,2,0,0
26,21,20,13,7,1096
26,35,4,2,2,0
26,38,9,6,3,288
26,44,2,1,1,0
26,46,6,3,3,403.2
26,47,12,8,4,597.6
26,49,8,3,5,296
26,52,2,1,1,0
26,105,6,3,3,205.2
26,106,6,5,1,324
26,107,4,1,3,0
27,7,2,1,1,0
27,8,30,16,14,1485
27,9,14,8,6,441
27,10,8,5,3,430.4
27,11,3,2,1,0
27,12,7,3,4,459.2
27,13,4,3,1,0
27,14,3,1,2,0
27,15,1,1,0,0
27,18,13,8,5,497.9
27,19,27,15,12,1061.1
27,21,4,2,2,0
27,38,1,1,0,0
27,46,60,32,28,1926
27,47,92,49,43,2695.6
27,52,1,0,1,0
27,105,13,7,6,708.5
27,107,8,5,3,424.8
27,123,6,3,3,307.8
27,125,8,2,6,418.4
27,127,6,3,3,313.2
28,8,17,6,11,858.5
28,10,9,4,5,343.8
28,12,9,4,5,257.4
28,13,2,1,1,0
28,14,7,4,3,228.2
28,15,1,1,0,0
28,18,6,3,3,238.2
28,19,17,9,8,656.2
28,20,5,2,3,179
28,38,2,1,1,0
28,39,6,3,3,376.2
28,45,18,6,12,961.2
28,46,50,28,22,2030
28,47,10,4,6,435
28,51,45,23,22,1620
28,105,4,2,2,0
28,107,10,6,4,377
28,122,9,4,5,523.8
28,123,4,3,1,0
28,124,5,3,2,97
28,125,5,3,2,320
28,126,8,3,5,395.2
28,127,4,2,2,0
29,12,1,1,0,0
29,19,16,7,9,595.2
29,20,16,8,8,486.4
29,22,4,3,1,0
29,28,2,0,2,0
29,29,3,1,2,0
29,31,1,0,1,0
29,38,16,9,7,481.6
29,39,36,16,20,1465.2
29,40,4,2,2,0
29,41,8,5,3,319.2
29,42,5,3,2,290
29,45,4,3,1,0
29,46,20,9,11,730
29,47,11,5,6,350.9
29,48,2,1,1,0
29,49,9,4,5,320.4
29,50,51,28,23,2040
29,51,7,4,3,156.1
29,90,4,3,1,0
29,103,1,1,0,0
29,104,20,11,9,832
29,105,3,2,1,0
29,106,2,2,0,0
29,120,3,1,2,0
29,121,14,8,6,592.2
29,123,4,1,3,0
29,125,3,2,1,0
29,126,11,5,6,464.2
30,16,2,1,1,0
30,17,48,26,22,2683.2
30,18,8,4,4,403.2
30,19,3,2,1,0
30,20,6,3,3,193.2
30,21,55,28,27,2293.5
30,22,20,11,9,658
30,27,3,1,2,0
30,28,6,3,3,226.8
30,32,1,0,1,0
30,35,15,8,7,753
30,38,10,6,4,247
30,39,131,65,66,6445.2
30,40,2,0,2,0
30,42,14,6,8,659.4
30,43,15,9,6,526.5
30,44,24,13,11,984
30,45,45,24,21,1710
30,46,11,8,3,478.5
30,47,2,1,1,0
30,48,95,49,46,4389
30,49,293,151,142,10635.9
30,50,15,10,5,442.5
30,58,5,4,1,295
30,103,9,4,5,243.9
30,104,4,1,3,0
30,105,1,1,0,0
30,119,3,1,2,0
30,120,15,7,8,547.5
30,121,12,5,7,576
30,122,9,5,4,451.8
30,123,6,2,4,189
30,126,1,1,0,0
30,127,10,5,5,296
31,7,2,1,1,0
31,8,37,21,16,1498.5
31,9,14,5,9,415.8
31,11,1,1,0,0
31,16,11,5,6,691.9
31,17,111,52,59,4784.1
31,18,9,4,5,456.3
31,20,58,33,25,2488.2
31,21,239,128,111,8962.5
31,24,3,2,1,0
31,25,1,1,0,0
31,26,24,13,11,964.8
31,35,66,29,37,2442
31,36,127,72,55,4572
31,37,26,15,11,1255.8
31,38,2,1,1,0
31,39,13,5,8,708.5
31,40,12,6,6,435.6
31,41,22,10,12,875.6
31,42,5,2,3,275
31,43,24,12,12,1027.2
31,44,6,3,3,406.8
31,45,71,34,37,3159.5
31,46,181,91,90,8072.6
31,47,96,47,49,4022.4
31,48,738,391,347,29446.2
31,49,205,103,102,7708
31,92,1,1,0,0
31,93,5,2,3,328
31,94,5,2,3,87
31,103,8,5,3,324.8
31,104,33,16,17,1283.7
31,105,21,9,12,850.5
31,106,2,1,1,0
31,120,26,16,10,1086.8
31,121,58,33,25,2157.6
31,126,9,4,5,420.3
31,127,15,9,6,751.5
32,9,14,8,6,889
32,10,2,1,1,0
32,16,13,8,5,621.4
32,17,6,3,3,405
32,18,48,26,22,2284.8
32,19,18,9,9,696.6
32,20,22,13,9,935
32,21,9,4,5,365.4
32,22,3,0,3,0
32,26,16,9,7,792
32,32,4,2,2,0
32,36,593,300,293,23542.1
32,37,186,96,90,9076.8
32,39,13,9,4,523.9
32,40,15,8,7,694.5
32,41,19,9,10,640.3
32,42,19,12,7,856.9
32,43,7,4,3,301.7
32,44,29,17,12,1319.5
32,45,41,22,19,1623.6
32,46,1077,561,516,41679.9
32,47,788,420,368,26713.2
32,48,238,127,111,10257.8
32,49,209,106,103,9321.4
32,56,13,9,4,549.9
32,58,18,9,9,806.4
32,72,2,1,1,0
32,73,1,1,0,0
32,94,24,11,13,1027.2
32,95,4,2,2,0
32,103,29,10,19,1064.3
32,120,8,4,4,211.2
32,121,186,96,90,8053.8
32,122,7,4,3,275.1
32,127,15,10,5,658.5
33,17,5,2,3,173
33,18,1,1,0,0
33,19,55,32,23,2304.5
33,20,4,3,1,0
33,21,19,10,9,961.4
33,22,117,49,68,6633.9
33,23,15,8,7,784.5
33,26,15,6,9,501
33,32,5,2,3,214
33,33,1,1,0,0
33,35,186,99,87,7402.8
33,36,158,76,82,6588.6
33,40,10,5,5,451
33,41,1,1,0,0
33,42,9,6,3,506.7
33,43,5,2,3,271
33,45,20,11,9,912
33,46,157,77,80,5856.1
33,47,980,496,484,39592
33,48,1594,744,850,73164.6
33,49,2642,1189,1453,101452.8
33,50,172,88,84,7912
33,51,32,17,15,1331.2
33,52,12,7,5,313.2
33,53,46,26,20,1738.8
33,54,64,33,31,2822.4
33,55,29,16,13,1270.2
33,56,28,13,15,1108.8
33,57,9,8,1,259.2
33,58,3,1,2,0
33,69,15,10,5,547.5
33,70,2,1,1,0
33,71,2,1,1,0
33,74,2,1,1,0
33,94,2,2,0,0
33,95,9,4,5,242.1
33,102,4,2,2,0
33,103,11,5,6,444.4
33,118,3,2,1,0
33,119,11,6,5,370.7
33,120,16,7,9,676.8
33,125,3,1,2,0
33,127,9,6,3,428.4
34,17,32,14,18,1478.4
34,18,30,15,15,1590
34,19,53,29,24,2506.9
34,20,2,1,1,0
34,21,23,11,12,943
34,22,27,15,12,1042.2
34,23,5,3,2,270
34,26,23,11,12,991.3
34,28,5,2,3,161
34,29,14,8,6,494.2
34,30,5,2,3,155
34,31,36,21,15,1234.8
34,32,36,20,16,1612.8
34,33,10,6,4,523
34,38,131,74,57,6314.2
34,39,16,9,7,872
34,40,12,5,7,576
34,44,26,14,12,1032.2
34,45,587,295,292,22599.5
34,46,1230,597,633,45756
34,47,1118,577,541,44161
34,48,1226,611,615,51246.8
34,49,326,161,165,12583.6
34,50,141,66,75,5837.4
34,51,332,167,165,10790
34,52,391,213,178,12981.2
34,53,89,44,45,3729.1
34,54,150,77,73,5145
34,55,132,63,69,5478
34,56,32,19,13,1568
34,57,35,20,15,1624
34,58,14,7,7,628.6
34,59,4,1,3,0
34,68,3,3,0,0
34,69,8,6,2,342.4
34,74,5,3,2,206
34,75,4,2,2,0
34,95,1,1,0,0
34,103,3,1,2,0
34,118,27,13,14,899.1
34,119,3,2,1,0
34,122,28,15,13,1380.4
35,18,4,3,1,0
35,19,2,1,1,0
35,20,68,29,39,2733.6
35,21,13,7,6,404.3
35,22,14,7,7,522.2
35,23,25,13,12,777.5
35,25,9,4,5,317.7
35,26,9,6,3,442.8
35,27,5,3,2,316
35,29,14,7,7,544.6
35,30,8,6,2,375.2
35,31,75,40,35,3375
35,32,8,6,2,296.8
35,38,37,21,16,1583.6
35,39,30,19,11,1278
35,40,120,61,59,4884
35,41,546,275,271,22386
35,42,12,7,5,578.4
35,43,18,10,8,585
35,44,336,166,170,13708.8
35,45,972,477,495,39268.8
35,46,595,251,344,25466
35,47,2132,1087,1045,88904.4
35,48,2559,1216,1343,117714
35,49,713,345,368,28520
35,50,888,445,443,33300
35,51,474,229,245,18723
35,52,99,47,52,4316.4
35,53,38,22,16,1459.2
35,54,9,3,6,275.4
35,56,5,4,1,147
35,67,1,1,0,0
35,68,2,1,1,0
35,102,18,11,7,766.8
35,103,66,38,28,2626.8
35,118,21,9,12,869.4
35,119,10,2,8,436
35,121,9,4,5,415.8
35,122,4,3,1,0
35,123,9,4,5,405
36,20,2,1,1,0
36,21,60,30,30,3036
36,22,10,5,5,462
36,23,35,20,15,1424.5
36,24,7,5,2,342.3
36,25,2,1,1,0
36,27,27,14,13,1158.3
36,28,27,15,12,499.5
36,29,148,71,77,4292
36,30,21,13,8,804.3
36,31,47,23,24,1757.8
36,32,30,14,16,1218
36,38,7,4,3,322.7
36,39,437,230,207,17392.6
36,40,979,494,485,41705.4
36,41,1760,851,909,63712
36,42,249,112,137,12425.1
36,43,149,71,78,7330.8
36,44,1534,756,778,58905.6
36,45,2261,1129,1132,89987.8
36,46,1729,833,896,80225.6
36,47,2465,1255,1210,107227.5
36,48,2201,1094,1107,93542.5
36,49,546,258,288,24351.6
36,50,178,98,80,6194.4
36,51,39,20,19,1649.7
36,52,71,41,30,2577.3
36,53,41,25,16,1853.2
36,54,44,22,22,1271.6
36,82,2,1,1,0
36,95,9,5,4,426.6
36,102,14,8,6,532
36,103,36,19,17,1508.4
36,117,4,4,0,0
36,118,17,9,8,853.4
36,119,2,1,1,0
36,120,4,3,1,0
36,123,9,4,5,221.4
36,125,2,1,1,0
36,126,5,2,3,147
36,127,5,2,3,216
37,21,59,30,29,2271.5
37,22,1,1,0,0
37,23,8,4,4,338.4
37,24,40,18,22,1632
37,25,37,21,16,1620.6
37,26,5,4,1,146
37,27,35,15,20,1309
37,28,44,23,21,2063.6
37,29,505,274,231,16867
37,32,14,8,6,614.6
37,33,34,18,16,1434.8
37,34,47,23,24,1959.9
37,35,58,31,27,2395.4
37,36,1022,519,503,39347
37,37,197,104,93,6875.3
37,38,1317,674,643,50704.5
37,39,1844,909,935,83902
37,40,2236,1031,1205,95924.4
37,41,1666,841,825,67139.8
37,42,1188,607,581,48114
37,43,476,239,237,18992.4
37,44,1094,547,547,43322.4
37,45,732,366,366,29646
37,46,1378,673,705,55395.6
37,47,1045,530,515,38665
37,48,328,160,168,12070.4
37,49,60,31,29,2358
37,50,129,64,65,5843.7
37,51,8,4,4,371.2
37,52,9,4,5,471.6
37,53,27,10,17,747.9
37,102,7,5,2,310.8
37,103,26,16,10,1060.8
37,117,13,5,8,460.2
37,118,16,12,4,817.6
37,123,2,1,1,0
37,124,2,2,0,0
37,125,22,12,10,1108.8
37,126,20,9,11,872
37,127,19,12,7,980.4
38,22,6,4,2,229.2
38,23,17,8,9,724.2
38,24,1,0,1,0
38,25,28,15,13,1276.8
38,26,2,1,1,0
38,27,36,20,16,1648.8
38,28,257,138,119,10588.4
38,29,579,289,290,21191.4
38,30,23,13,10,807.3
38,32,141,71,70,5569.5
38,33,606,303,303,21270.6
38,34,82,37,45,3050.4
38,35,791,390,401,30216.2
38,36,1549,762,787,63973.7
38,37,1352,637,715,52457.6
38,38,1243,601,642,50465.8
38,39,2115,1042,1073,93060
38,40,2134,1043,1091,94536.2
38,41,1499,750,749,67005.3
38,42,972,482,490,38199.6
38,43,1433,674,759,61475.7
38,44,253,121,132,10347.7
38,45,33,11,22,1273.8
38,46,3,1,2,0
38,47,27,13,14,1144.8
38,48,267,144,123,10439.7
38,49,21,14,7,827.4
38,50,107,59,48,4290.7
38,51,50,25,25,1915
38,52,28,14,14,1108.8
38,53,21,15,6,959.7
38,58,5,2,3,223
38,59,14,8,6,369.6
38,85,11,6,5,393.8
38,102,27,16,11,1177.2
38,103,38,22,16,1565.6
38,104,9,7,2,390.6
38,111,4,2,2,0
38,114,3,1,2,0
38,116,25,12,13,1062.5
38,117,9,4,5,369
38,118,14,6,8,585.2
38,121,4,1,3,0
38,123,4,2,2,0
38,125,43,17,26,2115.6
38,126,55,25,30,2271.5
39,23,7,3,4,170.1
39,24,19,10,9,874
39,25,54,29,25,2376
39,26,23,14,9,943
39,27,25,11,14,892.5
39,28,897,430,467,38391.6
39,29,1021,504,517,44821.9
39,30,766,384,382,28954.8
39,31,132,67,65,5108.4
39,32,851,432,419,33529.4
39,33,1483,753,730,54871
39,34,1179,594,585,49400.1
39,35,975,498,477,40852.5
39,36,1180,574,606,50858
39,37,263,135,128,12439.9
39,38,342,163,179,13338
39,39,434,229,205,16361.8
39,40,1297,622,675,53695.8
39,41,820,396,424,32636
39,42,840,389,451,44856
39,43,45,22,23,1714.5
39,44,17,9,8,916.3
39,45,16,6,10,585.6
39,46,62,37,25,2529.6
39,47,13,7,6,293.8
39,49,7,4,3,277.2
39,50,12,8,4,560.4
39,51,69,41,28,2553
39,52,24,14,10,1056
39,53,12,6,6,459.6
39,58,16,6,10,592
39,59,87,45,42,3079.8
39,60,12,6,6,348
39,85,14,9,5,460.6
39,86,34,21,13,1305.6
39,87,8,5,3,364
39,92,15,8,7,634.5
39,93,32,19,13,1331.2
39,94,277,147,130,10969.2
39,95,28,12,16,952
39,103,20,10,10,1016
39,104,7,5,2,235.9
39,107,5,3,2,235
39,109,7,4,3,373.1
39,110,8,4,4,336
39,111,32,19,13,1123.2
39,112,59,27,32,2826.1
39,113,15,9,6,675
39,114,2,1,1,0
39,115,13,6,7,453.7
39,116,1,0,1,0
39,117,16,9,7,716.8
39,118,10,4,6,390
39,121,5,4,1,222
39,122,4,3,1,0
39,125,8,6,2,408.8
40,25,14,6,8,529.2
40,26,906,441,465,33703.2
40,27,947,485,462,38069.4
40,28,709,351,358,32401.3
40,29,364,194,170,16926
40,30,827,421,406,37380.4
40,32,163,74,89,7269.8
40,33,368,189,179,12769.6
40,34,310,146,164,11749
40,35,485,222,263,23474
40,36,950,471,479,36195
40,37,847,404,443,32016.6
40,38,432,220,212,14947.2
40,39,16,8,8,587.2
40,40,66,27,39,2422.2
40,41,273,138,135,10619.7
40,42,55,23,32,1963.5
40,43,42,23,19,1717.8
40,44,57,28,29,2479.5
40,45,26,15,11,1175.2
40,46,22,11,11,930.6
40,52,2,1,1,0
40,58,25,14,11,1107.5
40,59,55,31,24,2332
40,60,16,9,7,657.6
40,63,3,2,1,0
40,64,4,2,2,0
40,86,29,14,15,922.2
40,87,12,6,6,500.4
40,88,41,23,18,1750.7
40,89,1,1,0,0
40,92,9,5,4,399.6
40,93,46,22,24,1973.4
40,94,172,78,94,8548.4
40,101,3,2,1,0
40,102,25,9,16,952.5
40,103,10,5,5,495
40,104,34,20,14,1652.4
40,105,33,20,13,1026.3
40,106,10,5,5,370
40,107,22,11,11,897.6
40,108,19,11,8,695.4
40,109,20,12,8,1116
40,110,19,10,9,1252.1
40,111,21,6,15,840
40,112,242,134,108,9946.2
40,113,129,68,61,4734.3
40,114,58,42,16,2430.2
40,115,21,11,10,873.6
40,116,14,5,9,546
40,117,350,156,194,14770
40,118,242,124,118,8808.8
40,120,15,7,8,658.5
40,123,4,1,3,0
40,124,2,1,1,0
40,126,1,1,0,0
40,127,4,2,2,0
41,24,539,281,258,23230.9
41,25,733,357,376,29979.7
41,26,349,171,178,15530.5
41,27,483,229,254,21735
41,29,175,92,83,8487.5
41,31,1,1,0,0
41,32,21,12,9,724.5
41,33,186,100,86,6677.4
41,34,102,59,43,4406.4
41,35,147,72,75,6394.5
41,36,185,85,100,7677.5
41,37,38,21,17,1896.2
41,38,18,11,7,694.8
41,40,6,2,4,238.2
41,41,51,23,28,1932.9
41,42,49,28,21,2141.3
41,43,28,13,15,1503.6
41,44,6,4,2,288
41,46,7,3,4,324.8
41,47,20,10,10,764
41,52,11,6,5,579.7
41,53,97,51,46,3889.7
41,56,37,17,20,2009.1
41,57,19,9,10,1005.1
41,65,1,1,0,0
41,86,11,6,5,628.1
41,87,3,2,1,0
41,88,40,21,19,1544
41,89,12,8,4,498
41,91,12,7,5,656.4
41,92,55,28,27,2343
41,93,76,40,36,3169.2
41,94,89,45,44,3390.9
41,95,175,85,90,6422.5
41,96,658,329,329,24938.2
41,97,500,249,251,19800
41,98,12,7,5,615.6
41,99,476,238,238,21705.6
41,100,740,400,340,27824
41,101,63,33,30,2362.5
41,102,58,33,25,2534.6
41,103,39,21,18,1493.7
41,104,53,22,31,1939.8
41,106,3,2,1,0
41,108,6,3,3,234
41,109,12,4,8,475.2
41,110,5,1,4,172
41,111,17,11,6,693.6
41,112,1,1,0,0
41,113,7,5,2,277.2
41,114,12,6,6,465.6
41,120,2,1,1,0
41,121,3,2,1,0
41,126,2,1,1,0
41,127,2,1,1,0
42,23,702,344,358,34187.4
42,24,824,425,399,34855.2
42,25,677,335,342,25929.1
42,26,6,4,2,261
42,28,4,2,2,0
42,29,126,66,60,6048
42,31,2,2,0,0
42,32,13,7,6,595.4
42,33,23,12,11,903.9
42,34,4,2,2,0
42,36,3,2,1,0
42,37,21,9,12,814.8
42,38,117,63,54,4153.5
42,39,35,20,15,1638
42,40,36,18,18,1306.8
42,41,10,6,4,444
42,42,10,3,7,315
42,43,1,1,0,0
42,44,6,3,3,298.8
42,45,13,5,8,419.9
42,46,3,1,2,0
42,47,5,2,3,200
42,53,74,41,33,2516
42,54,663,332,331,27050.4
42,55,47,26,21,1753.1
42,56,223,117,106,8206.4
42,86,4,2,2,0
42,89,76,43,33,2918.4
42,90,53,29,24,1971.6
42,91,96,46,50,3657.6
42,92,79,43,36,3681.4
42,93,397,197,200,15086
42,94,283,143,140,11659.6
42,95,767,407,360,29606.2
42,96,661,329,332,26572.2
42,97,1172,599,573,49458.4
42,98,1443,719,724,65656.5
42,99,1848,896,952,85377.6
42,100,1202,597,605,44714.4
42,101,133,71,62,6091.4
42,102,32,16,16,1232
42,103,7,2,5,347.9
42,110,7,4,3,380.8
42,111,1,0,1,0
43,24,1,1,0,0
43,30,7,5,2,291.2
43,31,7,4,3,200.2
43,32,5,3,2,135
43,33,8,5,3,375.2
43,34,3,2,1,0
43,35,11,7,4,286
43,39,11,9,2,365.2
43,40,19,10,9,938.6
43,41,16,9,7,873.6
43,42,11,6,5,433.4
43,43,2,1,1,0
43,45,1,1,0,0
43,54,264,124,140,11906.4
43,55,59,29,30,2961.8
43,56,124,64,60,3968
43,68,3,2,1,0
43,70,1,0,1,0
43,87,4,3,1,0
43,88,5,4,1,343
43,89,32,17,15,969.6
43,90,98,52,46,3733.8
43,91,168,84,84,5762.4
43,92,25,15,10,1057.5
43,93,74,35,39,2464.2
43,94,8,3,5,420
43,95,1495,720,775,45896.5
43,96,1398,736,662,54941.4
43,97,1643,851,792,65884.3
43,98,2178,1080,1098,94089.6
43,99,1538,756,782,64442.2
43,100,365,182,183,13140
43,109,2,1,1,0
44,25,3,2,1,0
44,29,8,2,6,382.4
44,30,2,1,1,0
44,34,10,6,4,457
44,41,2,1,1,0
44,42,15,10,5,835.5
44,43,4,2,2,0
44,53,53,28,25,2226
44,54,44,23,21,2200
44,55,117,59,58,4855.5
44,89,3,2,1,0
44,90,87,47,40,3088.5
44,91,20,10,10,644
44,92,13,5,8,527.8
44,93,293,157,136,12159.5
44,94,6,4,2,262.8
44,96,45,25,20,1953
44,97,373,194,179,14658.9
44,98,925,467,458,33947.5
44,99,729,366,363,26535.6
44,100,6,3,3,264
44,101,10,6,4,473
44,105,4,2,2,0
44,107,8,3,5,316.8
44,108,2,0,2,0
44,118,5,3,2,189
44,119,3,2,1,0
45,24,7,4,3,345.1
45,25,2,2,0,0
45,29,1,1,0,0
45,31,2,1,1,0
45,32,2,1,1,0
45,33,51,26,25,2305.2
45,34,6,5,1,373.8
45,38,4,2,2,0
45,43,5,3,2,273
45,44,3,1,2,0
45,51,47,23,24,1837.7
45,52,23,12,11,1209.8
45,53,13,7,6,652.6
45,55,5,2,3,290
45,90,45,26,19,2182.5
45,91,14,8,6,557.2
45,92,10,6,4,436
45,93,76,39,37,2622
45,97,11,5,6,662.2
45,98,19,12,7,870.2
45,99,64,35,29,2700.8
45,100,4,3,1,0
45,101,6,4,2,309
45,102,23,14,9,1018.9
45,103,6,3,3,370.2
45,104,3,1,2,0
45,107,9,4,5,271.8
45,108,15,8,7,403.5
45,109,22,12,10,743.6
45,110,6,4,2,238.2
45,119,3,1,2,0
46,20,1,1,0,0
46,27,7,3,4,366.1
46,30,2,1,1,0
46,32,148,76,72,6482.4
46,33,249,123,126,11379.3
46,34,36,22,14,1486.8
46,35,27,12,15,1201.5
46,36,11,6,5,305.8
46,37,12,5,7,516
46,38,7,4,3,359.8
46,39,12,5,7,567.6
46,40,6,4,2,261
46,41,4,1,3,0
46,44,6,3,3,307.8
46,50,36,19,17,1630.8
46,51,8,5,3,471.2
46,52,5,3,2,276
46,55,7,5,2,328.3
46,89,19,10,9,792.3
46,90,31,14,17,1026.1
46,91,16,9,7,436.8
46,92,23,14,9,1018.9
46,93,50,25,25,1900
46,94,48,23,25,2006.4
46,95,10,4,6,414
46,96,10,3,7,361
46,98,18,7,11,730.8
46,99,21,12,9,1073.1
46,100,8,4,4,304
46,102,4,2,2,0
46,104,3,1,2,0
46,106,4,2,2,0
47,20,29,19,10,1331.1
47,27,3,1,2,0
47,30,7,5,2,275.8
47,31,7,4,3,242.2
47,32,84,40,44,3494.4
47,35,3,2,1,0
47,36,6,2,4,220.2
47,40,1,1,0,0
47,41,5,2,3,218
47,42,42,24,18,1751.4
47,43,63,35,28,2438.1
47,44,13,10,3,332.8
47,50,15,8,7,868.5
47,51,11,6,5,225.5
47,61,1,1,0,0
47,89,27,16,11,1071.9
47,90,12,6,6,712.8
47,91,26,16,10,1141.4
47,92,4,3,1,0
47,95,31,13,18,1212.1
47,96,40,20,20,1268
47,97,5,3,2,255
47,99,5,2,3,267
47,100,37,22,15,1295
47,119,5,2,3,188
47,123,4,3,1,0
47,126,3,2,1,0
48,19,90,45,45,4401
48,20,356,182,174,16482.8
48,21,187,100,87,8302.8
48,22,231,108,123,11896.5
48,23,9,4,5,417.6
48,24,4,2,2,0
48,26,42,22,20,1696.8
48,27,4,3,1,0
48,28,1,0,1,0
48,29,4,3,1,0
48,32,27,14,13,1028.7
48,33,2,2,0,0
48,41,5,2,3,115
48,42,22,10,12,919.6
48,47,6,3,3,331.2
48,48,3,2,1,0
48,49,4,2,2,0
48,50,40,17,23,1780
48,51,9,5,4,245.7
48,89,51,28,23,1790.1
48,90,52,27,25,2303.6
48,91,33,13,20,1560.9
48,92,11,6,5,661.1
48,96,28,16,12,1162
48,97,38,20,18,1208.4
48,98,10,6,4,341
48,99,8,4,4,296
48,100,14,6,8,708.4
48,121,2,1,1,0
48,126,7,4,3,221.9
49,19,37,15,22,1986.9
49,20,20,12,8,740
49,21,249,118,131,11030.7
49,22,455,224,231,19792.5
49,23,264,123,141,7761.6
49,26,64,32,32,2803.2
49,28,8,3,5,230.4
49,30,1,0,1,0
49,42,16,8,8,582.4
49,47,3,1,2,0
49,48,1,1,0,0
49,49,12,7,5,409.2
49,56,5,4,1,246
49,60,2,1,1,0
49,77,3,2,1,0
49,84,8,4,4,268.8
49,85,14,8,6,648.2
49,86,12,7,5,405.6
49,87,18,8,10,741.6
49,88,38,22,16,1193.2
49,89,31,16,15,1302
49,90,15,8,7,495
49,91,49,27,22,2244.2
49,92,31,18,13,1243.1
49,97,12,7,5,537.6
49,98,47,16,31,2100.9
49,99,13,6,7,497.9
49,100,12,7,5,486
49,101,18,9,9,473.4
49,102,13,8,5,312
49,122,4,1,3,0
49,123,26,15,11,990.6
49,124,6,4,2,373.8
50,20,16,7,9,590.4
50,21,70,37,33,2905
50,22,14,7,7,646.8
50,23,6,4,2,280.2
50,24,32,15,17,1075.2
50,27,1,0,1,0
50,31,9,4,5,434.7
50,35,2,2,0,0
50,37,16,9,7,780.8
50,38,14,6,8,747.6
50,41,4,1,3,0
50,42,5,3,2,257
50,43,3,2,1,0
50,47,2,1,1,0
50,48,2,0,2,0
50,49,11,5,6,509.3
50,75,4,2,2,0
50,76,3,1,2,0
50,79,9,5,4,339.3
50,80,13,8,5,529.1
50,81,14,8,6,792.4
50,82,6,4,2,201
50,83,6,4,2,237
50,84,12,8,4,573.6
50,85,50,23,27,1665
50,86,20,9,11,956
50,87,19,11,8,589
50,88,12,7,5,517.2
50,89,25,12,13,1162.5
50,90,37,19,18,1298.7
50,91,15,8,7,558
50,98,5,4,1,354
50,99,26,15,11,1268.8
50,100,2,1,1,0
50,101,169,93,76,6438.9
50,102,11,6,5,541.2
50,122,34,19,15,1363.4
50,123,6,4,2,373.2
51,19,2,1,1,0
51,20,3,2,1,0
51,21,27,15,12,1358.1
51,22,53,27,26,2183.6
51,23,29,15,14,1423.9
51,24,69,40,29,2539.2
51,25,4,3,1,0
51,31,9,6,3,379.8
51,35,3,2,1,0
51,37,23,13,10,963.7
51,38,15,10,5,400.5
51,46,1,0,1,0
51,48,11,6,5,496.1
51,56,6,2,4,190.2
51,57,29,17,12,1139.7
51,58,24,13,11,691.2
51,74,2,1,1,0
51,79,13,8,5,522.6
51,80,90,55,35,3879
51,81,2,1,1,0
51,82,16,9,7,864
51,83,23,10,13,1062.6
51,84,30,15,15,867
51,85,10,5,5,664
51,86,5,4,1,120
51,87,17,10,7,550.8
51,88,3,2,1,0
51,89,6,4,2,306
51,99,11,5,6,427.9
51,100,73,39,34,2868.9
51,101,388,205,183,15791.6
51,102,21,14,7,730.8
51,121,11,6,5,480.7
51,122,36,20,16,1573.2
51,123,4,2,2,0
52,20,67,40,27,2405.3
52,21,40,20,20,1944
52,22,35,19,16,1477
52,23,9,6,3,498.6
52,24,11,6,5,599.5
52,25,61,34,27,2812.1
52,29,6,2,4,277.2
52,31,3,1,2,0
52,34,4,1,3,0
52,35,67,34,33,2378.5
52,36,33,18,15,1478.4
52,37,7,4,3,238
52,38,4,2,2,0
52,39,10,7,3,586
52,40,1,1,0,0
52,41,6,3,3,394.2
52,42,7,3,4,198.8
52,43,10,6,4,390
52,44,2,1,1,0
52,55,14,7,7,487.2
52,56,20,11,9,954
52,57,124,66,58,4588
52,58,90,42,48,4212
52,59,26,15,11,995.8
52,68,6,3,3,126
52,79,19,10,9,896.8
52,80,19,8,11,894.9
52,81,12,7,5,526.8
52,82,30,14,16,1128
52,100,20,12,8,910
52,101,4,1,3,0
52,102,15,7,8,514.5
52,103,7,3,4,238.7
52,107,71,42,29,2165.5
52,120,5,3,2,101
52,121,7,4,3,179.9
52,122,30,17,13,1188
52,123,4,2,2,0
53,19,13,6,7,679.9
53,20,46,22,24,1729.6
53,21,14,7,7,483
53,22,28,12,16,1036
53,23,13,7,6,635.7
53,24,30,19,11,1074
53,25,31,18,13,1171.8
53,26,29,16,13,1206.4
53,29,4,1,3,0
53,30,9,5,4,420.3
53,31,5,4,1,152
53,33,20,10,10,588
53,34,28,14,14,868
53,35,16,8,8,742.4
53,43,6,4,2,229.2
53,44,1,0,1,0
53,45,11,5,6,271.7
53,54,17,11,6,635.8
53,55,38,18,20,1523.8
53,56,49,27,22,2219.7
53,57,28,12,16,1122.8
53,58,11,6,5,691.9
53,59,97,56,41,3288.3
53,60,28,17,11,1324.4
53,61,7,4,3,308.7
53,68,1,1,0,0
53,69,6,5,1,256.8
53,70,8,4,4,364.8
53,71,2,1,1,0
53,72,10,5,5,334
53,79,26,16,10,1209
53,80,21,11,10,1052.1
53,81,10,5,5,517
53,99,9,5,4,514.8
53,100,36,22,14,1436.4
53,103,8,4,4,386.4
53,104,28,15,13,1243.2
53,105,5,2,3,169
53,107,676,358,318,23186.8
53,108,512,246,266,13977.6
53,110,1,1,0,0
53,111,22,13,9,906.4
53,112,10,7,3,454
53,119,15,8,7,688.5
53,120,17,9,8,749.7
53,121,9,5,4,524.7
53,122,11,6,5,623.7
54,20,48,23,25,1924.8
54,21,9,4,5,372.6
54,22,45,26,19,1962
54,23,6,4,2,276
54,24,5,3,2,302
54,25,35,19,16,1249.5
54,26,46,27,19,1582.4
54,29,1,0,1,0
54,30,6,3,3,352.2
54,39,7,4,3,298.2
54,51,21,13,8,840
54,52,18,11,7,696.6
54,54,13,6,7,419.9
54,55,38,15,23,1501
54,56,21,10,11,642.6
54,58,3,2,1,0
54,59,3,3,0,0
54,60,23,15,8,867.1
54,61,15,8,7,717
54,62,14,9,5,593.6
54,68,1,1,0,0
54,69,68,35,33,2699.6
54,70,24,11,13,936
54,71,2,1,1,0
54,72,3,1,2,0
54,78,2,2,0,0
54,79,18,8,10,694.8
54,80,12,7,5,566.4
54,99,22,11,11,847
54,100,1,0,1,0
54,101,34,20,14,1431.4
54,102,231,106,125,9632.7
54,103,105,54,51,4473
54,104,384,185,199,14284.8
54,105,116,64,52,4767.6
54,106,5,3,2,264
54,107,57,28,29,2245.8
54,108,144,71,73,4320
54,109,25,12,13,1237.5
54,110,27,13,14,982.8
54,111,18,12,6,952.2
54,112,23,11,12,1106.3
54,113,24,15,9,804
54,118,14,8,6,519.4
54,119,48,21,27,1603.2
54,120,31,14,17,1221.4
54,126,2,1,1,0
54,127,28,17,11,1520.4
55,21,55,30,25,2106.5
55,22,83,43,40,3635.4
55,23,71,35,36,2840
55,24,71,35,36,2797.4
55,25,46,26,20,2171.2
55,26,78,41,37,3439.8
55,27,12,6,6,595.2
55,28,7,4,3,163.8
55,29,28,16,12,912.8
55,30,8,5,3,247.2
55,39,5,3,2,195
55,40,7,3,4,242.2
55,41,5,1,4,144
55,44,30,17,13,1116
55,45,9,6,3,350.1
55,49,29,16,13,1310.8
55,50,23,7,16,823.4
55,51,12,8,4,583.2
55,52,11,5,6,511.5
55,53,35,17,18,1571.5
55,54,122,64,58,4916.6
55,55,93,52,41,3180.6
55,56,5,3,2,143
55,61,30,16,14,1074
55,62,19,10,9,722
55,63,33,15,18,1425.6
55,64,12,8,4,562.8
55,68,9,5,4,467.1
55,69,30,18,12,909
55,78,18,9,9,889.2
55,79,17,11,6,885.7
55,80,2,2,0,0
55,97,2,1,1,0
55,98,13,8,5,565.5
55,100,7,4,3,214.2
55,101,12,7,5,441.6
55,102,13,8,5,566.8
55,103,338,164,174,14229.8
55,104,639,339,300,26965.8
55,105,721,377,344,29272.6
55,106,15,5,10,466.5
55,107,26,15,11,1157
55,108,35,20,15,1078
55,109,78,45,33,3096.6
55,110,15,9,6,673.5
55,111,34,18,16,1434.8
55,112,33,20,13,1230.9
55,113,9,5,4,333.9
55,114,5,3,2,236
55,115,4,1,3,0
55,116,11,7,4,369.6
55,117,34,17,17,1312.4
55,118,35,16,19,1606.5
55,119,39,19,20,1727.7
55,120,16,9,7,593.6
55,125,27,15,12,1252.8
55,126,34,16,18,1363.4
55,127,23,13,10,1253.5
56,20,11,5,6,448.8
56,21,117,57,60,4399.2
56,22,6,4,2,295.8
56,23,25,14,11,880
56,24,2,2,0,0
56,25,5,4,1,110
56,26,608,289,319,20185.6
56,27,267,138,129,8463.9
56,28,589,307,282,21616.3
56,29,10,5,5,474
56,30,24,13,11,1046.4
56,38,34,15,19,1064.2
56,41,19,9,10,722
56,43,54,32,22,2251.8
56,44,266,112,154,13113.8
56,45,40,20,20,1688
56,46,13,7,6,321.1
56,47,20,13,7,798
56,48,13,7,6,591.5
56,50,12,8,4,550.8
56,51,9,3,6,263.7
56,52,14,7,7,844.2
56,54,31,17,14,877.3
56,55,6,4,2,253.8
56,56,22,12,10,847
56,57,3,2,1,0
56,61,13,5,8,296.4
56,62,55,30,25,2035
56,63,3,2,1,0
56,64,12,6,6,621.6
56,65,24,13,11,1039.2
56,66,13,6,7,556.4
56,67,56,29,27,2228.8
56,68,82,45,37,3148.8
56,69,51,28,23,1759.5
56,77,4,2,2,0
56,78,6,3,3,169.2
56,79,23,11,12,913.1
56,80,5,2,3,159
56,99,9,4,5,348.3
56,103,8,4,4,259.2
56,104,732,373,359,28328.4
56,105,46,27,19,1826.2
56,106,48,30,18,2049.6
56,107,25,15,10,1182.5
56,108,731,373,358,27412.5
56,109,1035,526,509,40054.5
56,110,221,118,103,8044.4
56,111,34,18,16,1560.6
56,112,14,7,7,579.6
56,113,41,19,22,2095.1
56,114,12,4,8,489.6
56,115,45,22,23,1827
56,116,128,70,58,4915.2
56,117,95,48,47,3904.5
56,118,36,17,19,1454.4
56,119,6,3,3,310.2
56,120,6,4,2,268.8
56,121,8,2,6,335.2
56,124,1,1,0,0
56,125,42,22,20,1667.4
56,126,11,5,6,528
56,127,10,4,6,454
57,20,14,7,7,628.6
57,21,47,26,21,1912.9
57,22,275,133,142,11605
57,23,21,13,8,669.9
57,24,822,425,397,28276.8
57,25,56,26,30,2077.6
57,26,139,71,68,4058.8
57,27,39,20,19,1134.9
57,28,1367,672,695,53586.4
57,29,9,4,5,504.9
57,30,41,21,20,1668.7
57,39,3,1,2,0
57,41,18,9,9,786.6
57,42,54,30,24,2214
57,43,99,57,42,4603.5
57,44,664,346,318,23505.6
57,45,32,17,15,1193.6
57,46,10,5,5,573
57,47,44,23,21,1584
57,48,3,1,2,0
57,49,4,2,2,0
57,51,9,5,4,348.3
57,62,2,1,1,0
57,63,12,6,6,588
57,64,20,12,8,926
57,65,11,6,5,314.6
57,66,34,15,19,1210.4
57,67,285,127,158,14478
57,68,59,27,32,2731.7
57,69,34,19,15,1360
57,70,1,1,0,0
57,77,13,5,8,611
57,78,18,9,9,815.4
57,79,4,2,2,0
57,96,1,1,0,0
57,99,13,6,7,421.2
57,103,10,5,5,508
57,104,271,143,128,9566.3
57,105,136,70,66,5208.8
57,106,41,19,22,1525.2
57,107,507,247,260,20787
57,108,569,267,302,25946.4
57,109,624,310,314,24585.6
57,110,102,47,55,3590.4
57,111,56,30,26,2083.2
57,112,72,40,32,2462.4
57,113,80,44,36,3288
57,114,3,1,2,0
57,115,5,2,3,296
57,116,106,59,47,4112.8
57,117,450,237,213,17595
57,118,56,28,28,2223.2
57,119,6,4,2,237
57,120,14,8,6,691.6
57,121,40,22,18,1520
57,122,38,21,17,1436.4
57,123,13,8,5,444.6
57,124,152,79,73,5624
57,125,32,17,15,1436.8
58,20,13,8,5,590.2
58,21,334,146,188,16098.8
58,22,1827,901,926,88609.5
58,23,1264,637,627,53467.2
58,24,205,97,108,7851.5
58,25,318,168,150,13324.2
58,26,297,150,147,12949.2
58,27,159,82,77,7711.5
58,28,1849,912,937,80246.6
58,32,4,2,2,0
58,33,1,0,1,0
58,40,9,5,4,410.4
58,41,4,2,2,0
58,42,5,2,3,300
58,43,69,39,30,2815.2
58,44,47,25,22,1941.1
58,45,46,22,24,1918.2
58,46,13,8,5,468
58,47,18,10,8,784.8
58,64,14,7,7,663.6
58,65,55,32,23,2266
58,66,34,17,17,1254.6
58,67,365,173,192,15841
58,68,27,15,12,1090.8
58,69,12,6,6,555.6
58,70,9,4,5,318.6
58,71,11,4,7,281.6
58,77,28,15,13,1372
58,78,34,21,13,1258
58,93,9,5,4,399.6
58,94,16,8,8,584
58,98,3,2,1,0
58,104,35,16,19,1186.5
58,105,23,12,11,844.1
58,106,12,5,7,489.6
58,107,166,82,84,6806
58,108,1561,787,774,73367
58,109,1251,597,654,50665.5
58,110,643,314,329,25848.6
58,111,279,143,136,11913.3
58,112,40,19,21,1920
58,113,66,38,28,2633.4
58,114,44,19,25,1786.4
58,115,10,6,4,504
58,116,118,66,52,4991.4
58,117,109,62,47,4381.8
58,118,29,14,15,1186.1
58,119,11,6,5,393.8
58,120,9,5,4,253.8
58,121,37,24,13,1346.8
58,122,239,126,113,9942.4
58,123,80,46,34,3040
58,124,61,34,27,2342.4
58,125,8,4,4,308
58,126,4,2,2,0
58,127,7,5,2,371.7
59,22,464,207,257,26772.8
59,23,159,79,80,10255.5
59,24,3,1,2,0
59,27,1234,615,619,58615
59,28,3024,1434,1590,143035.2
59,29,2054,984,1070,93251.6
59,30,496,244,252,18054.4
59,31,6,2,4,157.2
59,32,3,2,1,0
59,33,40,19,21,1424
59,34,3,2,1,0
59,39,28,17,11,982.8
59,40,9,3,6,414
59,41,34,19,15,1540.2
59,42,27,17,10,1128.6
59,43,36,20,16,1623.6
59,44,5,3,2,104
59,65,3,2,1,0
59,66,28,14,14,1290.8
59,67,16,10,6,622.4
59,68,14,10,4,449.4
59,69,22,13,9,979
59,70,3,1,2,0
59,71,14,9,5,546
59,72,9,3,6,338.4
59,76,17,7,10,698.7
59,77,49,26,23,1960
59,78,31,16,15,1336.1
59,92,34,20,14,1346.4
59,93,2,1,1,0
59,96,6,3,3,175.8
59,104,50,25,25,2060
59,105,17,8,9,749.7
59,106,46,25,21,2208
59,107,554,276,278,22769.4
59,108,406,222,184,14940.8
59,109,135,63,72,5278.5
59,110,273,128,145,8108.1
59,115,6,4,2,238.8
59,116,67,37,30,2525.9
59,117,26,15,11,1034.8
59,118,78,42,36,2901.6
59,119,63,32,31,2564.1
59,120,73,42,31,3095.2
59,121,111,58,53,4206.9
59,122,396,206,190,15800.4
59,123,433,209,224,16540.6
59,124,74,46,28,2730.6
59,125,10,6,4,433
59,126,23,10,13,922.3
59,127,37,20,17,1520.7
60,25,2,1,1,0
60,26,677,349,328,25996.8
60,27,753,401,352,29969.4
60,28,2055,1019,1036,82611
60,29,2429,1140,1289,110033.7
60,30,931,482,449,39846.8
60,31,810,396,414,28917
60,33,5,3,2,282
60,35,10,6,4,289
60,36,9,6,3,323.1
60,37,17,10,7,644.3
60,38,21,9,12,777
60,39,26,12,14,1120.6
60,40,75,37,38,2895
60,41,22,10,12,972.4
60,42,6,4,2,177
60,51,2,1,1,0
60,53,5,4,1,135
60,54,2,1,1,0
60,56,6,2,4,153
60,67,11,6,5,504.9
60,68,7,3,4,294
60,69,4,2,2,0
60,70,26,13,13,850.2
60,71,34,19,15,1411
60,72,8,4,4,338.4
60,73,12,7,5,486
60,74,2,1,1,0
60,75,2,1,1,0
60,76,109,51,58,4370.9
60,77,125,64,61,5112.5
60,78,9,4,5,168.3
60,104,30,15,15,1335
60,105,63,37,26,2891.7
60,106,46,27,19,2313.8
60,107,777,418,359,29759.1
60,108,98,53,45,3988.6
60,109,19,9,10,663.1
60,121,378,192,186,16745.4
60,122,905,420,485,42625.5
60,123,186,87,99,7681.8
60,125,24,12,12,1080
60,126,57,29,28,2382.6
60,127,37,21,16,1642.8
61,24,95,50,45,4408
61,25,1389,686,703,55698.9
61,26,1021,490,531,45740.8
61,27,665,318,347,27331.5
61,28,8,2,6,384.8
61,29,181,86,95,9031.9
61,30,14,9,5,583.8
61,31,246,141,105,8462.4
61,32,148,76,72,5313.2
61,33,14,8,6,747.6
61,34,42,24,18,1142.4
61,35,13,7,6,716.3
61,36,22,12,10,983.4
61,37,17,11,6,576.3
61,38,38,23,15,1387
61,39,35,20,15,1361.5
61,40,6,4,2,271.8
61,45,4,3,1,0
61,46,16,8,8,779.2
61,47,4,1,3,0
61,48,4,2,2,0
61,50,2,1,1,0
61,69,8,4,4,443.2
61,70,38,18,20,1645.4
61,71,6,2,4,166.2
61,72,6,3,3,277.2
61,73,5,3,2,292
61,74,105,54,51,4588.5
61,75,173,95,78,7681.2
61,76,496,242,254,23956.8
61,77,255,131,124,10251
61,78,5,3,2,236
61,92,5,2,3,215
61,93,6,3,3,195
61,94,3,2,1,0
61,102,2,1,1,0
61,104,37,19,18,1594.7
61,105,9,4,5,290.7
61,106,92,43,49,3670.8
61,107,842,436,406,30733
61,108,108,59,49,4989.6
61,121,8,4,4,423.2
61,122,130,67,63,4017
61,123,617,318,299,22829
61,124,472,227,245,21240
61,125,11,5,6,492.8
61,126,173,86,87,6297.2
61,127,62,30,32,2802.4
62,24,3,2,1,0
62,25,243,119,124,9136.8
62,26,174,86,88,7151.4
62,27,1018,503,515,37666
62,28,358,177,181,14892.8
62,29,9,7,2,406.8
62,30,16,8,8,630.4
62,31,17,10,7,712.3
62,32,328,171,157,11808
62,33,45,25,20,1872
62,34,5,3,2,250
62,35,4,2,2,0
62,36,30,16,14,1080
62,37,33,17,16,1376.1
62,38,10,4,6,333
62,40,4,2,2,0
62,41,26,11,15,1008.8
62,42,18,9,9,676.8
62,43,5,3,2,312
62,44,15,9,6,651
62,45,25,14,11,867.5
62,46,21,12,9,795.9
62,47,53,31,22,1759.6
62,48,30,14,16,1266
62,49,2,2,0,0
62,55,2,2,0,0
62,56,6,2,4,237
62,57,6,4,2,306
62,58,15,7,8,430.5
62,59,25,12,13,1080
62,71,7,3,4,275.1
62,72,22,12,10,778.8
62,73,25,12,13,1157.5
62,74,10,4,6,450
62,75,33,17,16,1376.1
62,76,47,23,24,2002.2
62,77,11,5,6,511.5
62,88,15,8,7,370.5
62,89,11,6,5,474.1
62,90,1,1,0,0
62,91,8,3,5,330.4
62,92,30,17,13,1293
62,93,1,1,0,0
62,104,128,68,60,4544
62,105,835,420,415,31229
62,106,219,117,102,9000.9
62,107,605,290,315,23171.5
62,108,174,90,84,6925.2
62,124,331,168,163,13537.9
62,125,580,297,283,21692
62,126,351,193,158,13548.6
62,127,78,36,42,3260.4
63,25,7,4,3,377.3
63,26,60,32,28,2922
63,27,137,70,67,5014.2
63,28,87,52,35,3166.8
63,29,16,10,6,702.4
63,30,11,7,4,420.2
63,31,28,17,11,814.8
63,32,585,291,294,21937.5
63,33,58,32,26,2256.2
63,36,17,9,8,583.1
63,37,19,11,8,554.8
63,39,8,3,5,224
63,40,14,6,8,695.8
63,41,17,10,7,635.8
63,42,9,5,4,313.2
63,43,11,5,6,551.1
63,44,37,19,18,1269.1
63,45,58,35,23,2354.8
63,46,63,33,30,2633.4
63,47,2,1,1,0
63,52,9,6,3,306
63,53,25,10,15,1050
63,54,51,25,26,1795.2
63,55,42,23,19,1625.4
63,56,11,5,6,587.4
63,57,17,10,7,776.9
63,58,8,6,2,450.4
63,59,5,3,2,307
63,86,3,2,1,0
63,88,35,19,16,1438.5
63,89,104,56,48,4222.4
63,90,10,5,5,264
63,104,25,16,9,970
63,105,1640,836,804,62812
63,106,1531,710,821,73028.7
63,107,2065,1044,1021,79709
63,108,979,504,475,34265
63,123,3,0,3,0
63,124,23,14,9,995.9
63,125,132,71,61,5385.6
63,126,501,265,236,21292.5
63,127,466,230,236,19805
64,23,6,3,3,115.2
64,24,3,2,1,0
64,25,2,1,1,0
64,26,102,49,53,5436.6
64,27,107,56,51,4793.6
64,28,927,423,504,37265.4
64,29,21,11,10,821.1
64,30,9,4,5,496.8
64,31,44,22,22,1874.4
64,32,35,15,20,1218
64,33,53,29,24,1637.7
64,34,120,64,56,4836
64,35,43,18,25,1720
64,37,4,2,2,0
64,38,24,14,10,1132.8
64,39,29,18,11,1568.9
64,40,2,1,1,0
64,41,13,8,5,478.4
64,42,5,4,1,196
64,44,16,8,8,603.2
64,45,37,18,19,1298.7
64,47,33,19,14,983.4
64,48,3,1,2,0
64,49,6,3,3,165
64,50,13,9,4,477.1
64,51,11,6,5,400.4
64,52,12,7,5,450
64,53,39,15,24,1669.2
64,54,62,25,37,2362.2
64,55,96,46,50,3484.8
64,56,22,10,12,937.2
64,57,7,3,4,256.2
64,58,15,8,7,379.5
64,59,36,21,15,1479.6
64,60,35,16,19,1354.5
64,61,3,1,2,0
64,75,3,1,2,0
64,77,21,12,9,1131.9
64,78,20,11,9,730
64,80,8,4,4,360
64,86,15,7,8,519
64,87,67,37,30,2204.3
64,88,58,31,27,2314.2
64,89,70,39,31,3115
64,103,83,46,37,2763.9
64,104,1481,741,740,52279.3
64,105,1420,714,706,58930
64,106,1129,573,556,44482.6
64,107,1213,597,616,48156.1
64,108,16,8,8,529.6
64,125,7,4,3,384.3
64,126,81,42,39,3207.6
64,127,66,30,36,3115.2
65,24,32,16,16,1504
65,25,32,14,18,1337.6
65,27,92,45,47,3836.4
65,28,346,184,162,13355.6
65,29,135,67,68,5548.5
65,30,36,20,16,1425.6
65,31,16,8,8,720
65,32,31,16,15,1156.3
65,33,32,16,16,1180.8
65,34,14,8,6,721
65,35,122,75,47,5453.4
65,36,15,8,7,733.5
65,37,9,6,3,314.1
65,39,7,3,4,345.1
65,40,18,8,10,806.4
65,41,30,19,11,1278
65,44,6,3,3,234
65,45,49,24,25,1857.1
65,46,3,1,2,0
65,47,26,15,11,1123.2
65,48,6,3,3,208.2
65,49,1,1,0,0
65,52,2,1,1,0
65,55,83,42,41,3411.3
65,56,8,5,3,487.2
65,58,1,1,0,0
65,59,7,3,4,189
65,60,36,22,14,1116
65,61,21,11,10,840
65,62,22,11,11,902
65,71,8,5,3,240
65,72,9,6,3,349.2
65,73,4,3,1,0
65,74,18,6,12,682.2
65,75,2,1,1,0
65,76,13,6,7,503.1
65,77,35,17,18,1333.5
65,78,81,50,31,3078
65,79,4,3,1,0
65,80,31,18,13,1122.2
65,81,359,169,190,15257.5
65,82,72,36,36,3110.4
65,83,57,27,30,2200.2
65,84,24,13,11,1106.4
65,85,62,32,30,2504.8
65,86,27,16,11,1298.7
65,87,33,17,16,1339.8
65,88,1,1,0,0
65,89,4,2,2,0
65,102,7,4,3,357.7
65,103,37,19,18,1713.1
65,104,65,38,27,2372.5
65,105,129,73,56,4927.8
65,106,1461,730,731,55371.9
65,107,1687,825,862,58370.2
66,25,14,6,8,747.6
66,27,2,2,0,0
66,28,44,25,19,1540
66,29,293,153,140,11046.1
66,30,16,11,5,820.8
66,31,31,15,16,1174.9
66,32,1,1,0,0
66,33,14,7,7,610.4
66,34,14,10,4,705.6
66,35,15,7,8,606
66,36,108,58,50,3596.4
66,37,36,15,21,1526.4
66,38,4,3,1,0
66,39,9,6,3,447.3
66,43,9,4,5,378
66,44,32,18,14,1248
66,45,518,256,262,19425
66,46,453,237,216,16489.2
66,47,130,68,62,5226
66,48,14,7,7,414.4
66,51,6,5,1,220.2
66,52,2,1,1,0
66,53,4,3,1,0
66,54,32,16,16,908.8
66,55,26,13,13,1294.8
66,56,2,1,1,0
66,58,6,4,2,346.8
66,61,8,4,4,287.2
66,62,312,173,139,12012
66,63,25,15,10,820
66,64,10,6,4,375
66,65,33,15,18,1514.7
66,66,11,4,7,561
66,67,4,3,1,0
66,68,6,4,2,219
66,69,10,4,6,446
66,70,9,6,3,405.9
66,71,21,15,6,789.6
66,72,6,5,1,199.2
66,73,10,6,4,409
66,74,66,35,31,2349.6
66,75,38,19,19,1326.2
66,76,42,23,19,1810.2
66,77,12,8,4,574.8
66,78,23,14,9,851
66,79,25,13,12,945
66,80,30,13,17,1497
66,81,408,194,214,18727.2
66,82,236,118,118,8968
66,83,33,16,17,1263.9
66,84,10,4,6,524
66,85,8,5,3,498.4
66,86,27,9,18,1015.2
66,87,7,5,2,315.7
66,88,1,1,0,0
66,102,10,6,4,337
66,103,7,4,3,282.1
66,105,2,2,0,0
66,106,536,277,259,21118.4
66,107,1666,843,823,67639.6
67,24,43,24,19,2188.7
67,25,108,56,52,5529.6
67,26,48,27,21,2448
67,27,50,30,20,2165
67,28,69,32,37,3015.3
67,29,9,6,3,492.3
67,30,23,13,10,998.2
67,31,19,10,9,862.6
67,32,24,14,10,1017.6
67,33,55,29,26,2887.5
67,34,57,37,20,2673.3
67,35,15,7,8,472.5
67,36,288,154,134,10972.8
67,37,341,180,161,13367.2
67,38,37,21,16,1446.7
67,39,40,19,21,1520
67,40,29,16,13,1380.4
67,42,14,6,8,603.4
67,43,6,4,2,346.8
67,44,37,21,16,1143.3
67,45,19,10,9,731.5
67,46,48,23,25,1593.6
67,47,14,9,5,425.6
67,48,27,15,12,850.5
67,51,11,4,7,423.5
67,52,48,26,22,1958.4
67,53,3,2,1,0
67,54,9,4,5,440.1
67,55,64,29,35,2835.2
67,56,12,5,7,416.4
67,57,2,1,1,0
67,59,6,3,3,303
67,61,26,12,14,910
67,62,159,75,84,5739.9
67,63,82,43,39,3198
67,64,14,9,5,494.2
67,65,11,6,5,410.3
67,66,27,15,12,1044.9
67,67,15,8,7,808.5
67,68,22,11,11,1071.4
67,69,119,65,54,4474.4
67,70,8,4,4,340
67,71,15,8,7,799.5
67,73,10,4,6,346
67,78,7,3,4,198.8
67,79,57,33,24,2382.6
67,80,42,21,21,1843.8
67,81,21,12,9,707.7
67,82,20,12,8,598
67,83,12,5,7,469.2
67,84,36,21,15,1234.8
67,85,9,4,5,438.3
67,86,6,4,2,253.2
67,87,4,4,0,0
67,102,30,14,16,861
67,103,38,18,20,1584.6
67,105,40,20,20,1636
67,106,129,64,65,4798.8
67,107,1726,838,888,70075.6
67,108,215,96,119,6772.5
68,25,5,4,1,284
68,26,6,3,3,271.8
68,27,13,7,6,483.6
68,28,24,12,12,1192.8
68,29,106,55,51,4674.6
68,30,472,238,234,16236.8
68,31,7,4,3,221.9
68,32,2,1,1,0
68,33,31,18,13,1258.6
68,34,39,23,16,1684.8
68,35,363,189,174,14520
68,36,2317,1127,1190,88741.1
68,37,1370,641,729,54663
68,38,1134,584,550,43092
68,39,44,20,24,1509.2
68,40,65,30,35,2847
68,41,18,12,6,615.6
68,42,11,4,7,547.8
68,43,7,6,1,170.1
68,44,22,13,9,803
68,47,2,1,1,0
68,48,10,4,6,482
68,49,24,14,10,914.4
68,50,10,8,2,428
68,51,31,18,13,1249.3
68,52,18,11,7,761.4
68,53,8,5,3,378.4
68,54,22,13,9,794.2
68,55,96,52,44,3148.8
68,56,38,16,22,1273
68,57,296,153,143,10863.2
68,58,14,7,7,530.6
68,59,12,7,5,362.4
68,60,43,25,18,1909.2
68,61,50,23,27,1720
68,62,24,12,12,708
68,63,11,6,5,489.5
68,64,8,5,3,282.4
68,67,16,9,7,568
68,68,16,7,9,612.8
68,69,4,2,2,0
68,70,20,12,8,810
68,72,5,3,2,246
68,73,3,1,2,0
68,74,1,1,0,0
68,75,8,4,4,264
68,76,2,1,1,0
68,78,99,46,53,4385.7
68,79,431,224,207,18317.5
68,81,9,5,4,460.8
68,82,15,7,8,594
68,83,17,10,7,608.6
68,84,2,1,1,0
68,85,7,4,3,153.3
68,102,2,1,1,0
68,103,90,51,39,4068
68,105,160,90,70,6448
68,106,102,60,42,3957.6
68,107,780,408,372,28860
69,26,54,30,24,2538
69,27,40,24,16,1696
69,28,72,42,30,3456
69,29,29,14,15,1476.1
69,30,174,87,87,6542.4
69,31,730,351,379,29419
69,32,617,300,317,23877.9
69,33,221,116,105,8508.5
69,34,480,236,244,19968
69,35,800,407,393,28960
69,36,1403,669,734,57663.3
69,37,2390,1151,1239,102053
69,38,1185,587,598,42423
69,39,147,79,68,5277.3
69,40,136,68,68,5032
69,41,6,4,2,258
69,43,4,2,2,0
69,44,20,10,10,730
69,45,6,2,4,214.2
69,46,14,9,5,670.6
69,47,49,28,21,2023.7
69,48,1,1,0,0
69,49,50,25,25,1825
69,50,26,17,9,1107.6
69,52,9,6,3,318.6
69,53,14,9,5,551.6
69,54,16,7,9,590.4
69,55,468,232,236,21247.2
69,56,644,308,336,28851.2
69,57,45,26,19,1624.5
69,58,27,13,14,939.6
69,59,8,3,5,268
69,61,22,11,11,891
69,62,3,2,1,0
69,63,36,20,16,1526.4
69,64,45,23,22,1818
69,73,1,1,0,0
69,74,6,3,3,283.8
69,75,13,4,9,401.7
69,76,14,8,6,389.2
69,78,21,13,8,942.9
69,79,19,12,7,771.4
69,84,43,22,21,1302.9
69,88,3,2,1,0
69,89,2,2,0,0
69,98,21,12,9,825.3
69,99,4,2,2,0
69,101,19,9,10,579.5
69,102,44,23,21,1874.4
69,103,125,62,63,4962.5
69,105,240,124,116,9504
69,106,1316,660,656,56982.8
69,107,553,267,286,22562.4
70,26,120,65,55,5052
70,27,24,13,11,1192.8
70,28,4,4,0,0
70,29,3,1,2,0
70,30,5,2,3,271
70,31,87,40,47,3793.2
70,32,905,452,453,36200
70,33,979,506,473,38964.2
70,34,1170,546,624,60723
70,35,798,378,420,32478.6
70,36,4165,1944,2221,209499.5
70,37,1479,742,737,61822.2
70,38,2176,1083,1093,83776
70,39,605,316,289,21356.5
70,40,539,265,274,19943
70,41,450,242,208,14490
70,42,96,47,49,3139.2
70,43,10,5,5,282
70,44,3,2,1,0
70,46,25,14,11,1067.5
70,47,31,13,18,1249.3
70,48,8,4,4,274.4
70,49,1,1,0,0
70,50,12,5,7,502.8
70,51,20,11,9,710
70,52,14,7,7,515.2
70,53,20,12,8,1144
70,54,32,18,14,1008
70,55,519,264,255,17801.7
70,56,72,41,31,2786.4
70,57,14,7,7,568.4
70,61,8,3,5,219.2
70,62,24,13,11,950.4
70,63,20,13,7,638
70,64,64,29,35,1836.8
70,70,5,3,2,291
70,71,14,6,8,481.6
70,72,2,2,0,0
70,73,2,1,1,0
70,74,10,4,6,667
70,75,13,7,6,526.5
70,76,22,15,7,781
70,77,18,8,10,732.6
70,78,60,32,28,2544
70,79,6,5,1,237
70,80,12,5,7,326.4
70,81,17,8,9,831.3
70,82,21,12,9,972.3
70,83,6,2,4,277.2
70,84,19,10,9,628.9
70,88,18,10,8,797.4
70,89,16,10,6,790.4
70,98,34,18,16,1489.2
70,99,50,29,21,1900
70,101,435,219,216,15051
70,102,1434,707,727,52914.6
70,103,1521,727,794,51866.1
70,104,48,25,23,1785.6
70,105,1542,693,849,73861.8
70,106,3203,1467,1736,136447.8
70,107,240,117,123,13440
70,113,7,1,6,263.9
71,32,226,109,117,10260.4
71,33,476,249,227,19611.2
71,34,1658,816,842,67314.8
71,35,1472,735,737,67564.8
71,36,1797,905,892,78888.3
71,37,1281,636,645,50471.4
71,38,831,424,407,33821.7
71,39,12,7,5,604.8
71,40,21,12,9,604.8
71,41,28,12,16,1215.2
71,42,88,49,39,3493.6
71,43,248,115,133,8754.4
71,44,70,37,33,2695
71,45,12,8,4,648
71,47,37,23,14,1787.1
71,48,25,11,14,1030
71,49,48,24,24,2035.2
71,50,20,11,9,978
71,51,96,54,42,3484.8
71,52,12,7,5,429.6
71,53,67,37,30,2479
71,54,56,26,30,2139.2
71,55,192,98,94,6624
71,56,2,1,1,0
71,60,4,3,1,0
71,61,5,3,2,181
71,62,6,2,4,199.8
71,63,9,5,4,466.2
71,64,21,9,12,919.8
71,65,70,35,35,2765
71,66,11,6,5,393.8
71,67,9,3,6,192.6
71,68,5,2,3,102
71,69,37,20,17,1339.4
71,70,120,62,58,4044
71,71,16,8,8,718.4
71,72,28,15,13,1120
71,73,19,9,10,794.2
71,74,74,38,36,2567.8
71,75,18,11,7,714.6
71,76,28,14,14,1134
71,77,43,24,19,1810.3
71,78,143,68,75,5348.2
71,79,17,11,6,780.3
71,80,15,9,6,619.5
71,81,2,1,1,0
71,82,2,1,1,0
71,83,4,1,3,0
71,86,5,3,2,308
71,87,36,17,19,1360.8
71,88,13,8,5,573.3
71,89,14,5,9,488.6
71,90,2,1,1,0
71,97,6,2,4,192
71,98,6,4,2,298.2
71,99,177,87,90,6407.4
71,100,1582,781,801,56477.4
71,101,1202,560,642,56494
71,102,2130,1046,1084,80940
71,103,1195,600,595,44334.5
71,104,1147,557,590,40030.3
71,105,1513,754,759,58855.7
71,106,3570,1644,1926,151725
71,107,41,19,22,2714.2
72,28,9,4,5,448.2
72,29,64,33,31,3270.4
72,30,37,19,18,1757.5
72,31,142,77,65,6390
72,32,585,289,296,22405.5
72,33,174,80,94,7377.6
72,34,969,463,506,37887.9
72,35,1404,721,683,55738.8
72,36,1382,692,690,54727.2
72,37,516,246,270,19092
72,38,527,269,258,19024.7
72,39,37,21,16,1461.5
72,41,46,25,21,1830.8
72,42,36,26,10,1328.4
72,44,78,44,34,3237
72,45,50,29,21,1965
72,46,17,11,6,576.3
72,48,6,3,3,160.2
72,49,3,2,1,0
72,50,4,2,2,0
72,51,42,26,16,1919.4
72,52,12,5,7,495.6
72,53,11,7,4,344.3
72,54,28,14,14,1114.4
72,55,11,7,4,473
72,57,14,6,8,247.8
72,59,5,3,2,225
72,60,39,17,22,1388.4
72,61,13,5,8,409.5
72,62,8,6,2,375.2
72,64,27,16,11,915.3
72,65,20,11,9,862
72,66,6,3,3,220.8
72,67,130,68,62,5187
72,68,105,56,49,3213
72,69,21,11,10,747.6
72,70,23,13,10,752.1
72,71,18,11,7,943.2
72,72,25,10,15,825
72,73,31,19,12,1063.3
72,74,5,3,2,251
72,76,4,2,2,0
72,77,71,36,35,2513.4
72,78,144,77,67,4838.4
72,79,1,1,0,0
72,85,80,41,39,2872
72,86,22,13,9,946
72,87,157,78,79,5557.8
72,88,62,29,33,2108
72,89,15,7,8,706.5
72,90,5,3,2,269
72,97,4,1,3,0
72,98,17,10,7,671.5
72,99,22,9,13,974.6
72,100,60,34,26,2058
72,101,415,209,206,15770
72,102,170,81,89,6460
72,103,262,137,125,9091.4
72,104,1379,707,672,48402.9
72,105,2581,1295,1286,98852.3
72,106,1086,563,523,41159.4
72,107,1,1,0,0
72,115,8,6,2,371.2
73,30,12,6,6,468
73,31,46,19,27,2047
73,32,9,3,6,329.4
73,33,6,3,3,360
73,34,27,14,13,909.9
73,35,975,478,497,36952.5
73,36,974,479,495,37206.8
73,37,168,79,89,7392
73,38,38,19,19,1672
73,39,65,32,33,3126.5
73,40,108,58,50,4438.8
73,41,16,8,8,716.8
73,44,25,16,9,817.5
73,45,42,24,18,1507.8
73,46,75,46,29,2647.5
73,47,26,14,12,1089.4
73,48,1,0,1,0
73,49,3,2,1,0
73,50,28,12,16,1338.4
73,51,58,27,31,2140.2
73,52,486,267,219,16475.4
73,53,60,37,23,2196
73,54,93,50,43,3478.2
73,55,13,7,6,630.5
73,56,24,16,8,796.8
73,57,3,1,2,0
73,59,11,5,6,454.3
73,60,181,92,89,6678.9
73,61,98,48,50,3675
73,62,108,59,49,3974.4
73,63,43,22,21,2180.1
73,64,47,18,29,1978.7
73,65,11,5,6,447.7
73,66,23,11,12,917.7
73,67,29,17,12,1203.5
73,68,112,60,52,4782.4
73,69,16,8,8,667.2
73,70,21,10,11,737.1
73,71,29,12,17,936.7
73,77,37,20,17,1528.1
73,78,130,62,68,4927
73,79,3,2,1,0
73,84,3,2,1,0
73,85,34,20,14,833
73,86,474,226,248,25122
73,87,606,257,349,31693.8
73,88,416,227,189,13395.2
73,89,104,53,51,4004
73,90,112,61,51,3987.2
73,91,58,29,29,1850.2
73,92,2,2,0,0
73,93,19,12,7,815.1
73,94,79,39,40,3215.3
73,95,32,20,12,1372.8
73,96,4,4,0,0
73,97,15,7,8,517.5
73,98,40,23,17,1608
73,99,9,4,5,477
73,103,2037,1030,1007,72313.5
73,104,1805,934,871,65882.5
73,105,2879,1331,1548,128115.5
73,106,523,275,248,19874
73,109,4,2,2,0
73,115,4,2,2,0
73,116,2,1,1,0
74,29,8,4,4,352
74,30,18,10,8,862.2
74,31,32,20,12,1292.8
74,32,34,18,16,1363.4
74,33,35,22,13,1393
74,34,34,16,18,1159.4
74,35,113,59,54,4700.8
74,36,272,146,126,11369.6
74,37,401,207,194,16761.8
74,38,143,65,78,6220.5
74,39,3,1,2,0
74,40,11,5,6,513.7
74,41,24,13,11,811.2
74,42,17,9,8,635.8
74,44,47,27,20,2171.4
74,45,73,39,34,2722.9
74,46,727,385,342,29225.4
74,47,198,98,100,7108.2
74,48,29,17,12,1287.6
74,49,29,14,15,1128.1
74,50,15,7,8,742.5
74,51,11,6,5,432.3
74,52,32,17,15,1465.6
74,53,36,17,19,1659.6
74,54,21,10,11,940.8
74,55,2,1,1,0
74,56,12,6,6,643.2
74,57,29,20,9,1110.7
74,58,8,4,4,460
74,59,74,37,37,2664
74,60,38,24,14,1436.4
74,61,73,35,38,3007.6
74,62,569,267,302,25548.1
74,63,85,45,40,4088.5
74,64,112,57,55,4020.8
74,65,30,13,17,1050
74,66,9,5,4,392.4
74,67,31,15,16,1292.7
74,68,34,18,16,1550.4
74,69,29,17,12,1131
74,70,17,10,7,613.7
74,71,19,11,8,687.8
74,72,24,13,11,984
74,73,20,12,8,780
74,74,14,8,6,625.8
74,75,14,10,4,442.4
74,76,29,18,11,1200.6
74,77,74,44,30,2841.6
74,78,75,39,36,3142.5
74,83,130,69,61,4862
74,84,47,22,25,1988.1
74,85,26,13,13,1214.2
74,86,232,116,116,9094.4
74,87,396,217,179,13741.2
74,88,57,33,24,2291.4
74,89,22,11,11,858
74,90,116,54,62,4442.8
74,91,315,161,154,11907
74,92,173,80,93,5882
74,93,250,124,126,8575
74,94,209,107,102,8192.8
74,95,78,41,37,2886
74,96,24,12,12,756
74,97,41,25,16,1607.2
74,98,29,12,17,1267.3
74,99,64,33,31,2528
74,101,387,209,178,14396.4
74,102,2082,1073,1009,84112.8
74,103,2856,1457,1399,109670.4
74,104,3796,1868,1928,179550.8
74,105,646,340,306,25840
74,107,4,1,3,0
74,108,28,15,13,1178.8
74,109,16,11,5,825.6
74,110,29,15,14,881.6
74,111,25,10,15,1120
74,112,160,82,78,5280
74,113,270,128,142,12825
74,114,11,4,7,567.6
74,115,6,3,3,378
74,116,10,4,6,371
74,117,4,3,1,0
74,125,1,0,1,0
75,31,2,2,0,0
75,32,11,5,6,401.5
75,33,9,5,4,568.8
75,36,12,6,6,489.6
75,37,338,175,163,11965.2
75,38,60,34,26,2820
75,39,36,19,17,1616.4
75,40,23,12,11,1117.8
75,41,18,9,9,549
75,42,35,20,15,1221.5
75,43,42,23,19,1583.4
75,44,14,6,8,702.8
75,45,405,197,208,14661
75,46,1235,571,664,54587
75,47,18,12,6,700.2
75,48,217,122,95,7573.3
75,49,6,2,4,184.2
75,50,29,13,16,1113.6
75,51,18,12,6,694.8
75,52,32,18,14,1462.4
75,53,27,13,14,1128.6
75,54,27,11,16,723.6
75,55,8,5,3,427.2
75,56,12,6,6,380.4
75,57,134,75,59,4797.2
75,58,67,35,32,2673.3
75,59,14,8,6,558.6
75,60,8,4,4,239.2
75,61,51,28,23,1973.7
75,62,965,473,492,38021
75,63,302,137,165,15583.2
75,64,17,7,10,591.6
75,65,7,3,4,301
75,66,8,4,4,338.4
75,67,44,27,17,1570.8
75,68,79,48,31,3081
75,69,80,53,27,2976
75,70,81,39,42,3167.1
75,71,72,40,32,2354.4
75,72,36,19,17,1710
75,73,24,12,12,1012.8
75,74,32,16,16,1180.8
75,75,49,27,22,2175.6
75,76,621,316,305,24032.7
75,77,907,470,437,36370.7
75,78,104,52,52,4700.8
75,81,13,7,6,750.1
75,82,63,36,27,2463.3
75,83,13,8,5,635.7
75,84,2,1,1,0
75,85,228,122,106,8960.4
75,86,861,423,438,34526.1
75,87,101,47,54,3575.4
75,88,67,31,36,2532.6
75,89,186,99,87,6454.2
75,90,18,9,9,541.8
75,91,47,24,23,1612.1
75,92,184,97,87,7194.4
75,93,274,146,128,10384.6
75,94,45,25,20,1975.5
75,95,34,17,17,1139
75,96,29,16,13,980.2
75,97,38,18,20,1444
75,98,138,72,66,4636.8
75,99,51,26,25,2111.4
75,100,392,191,201,13210.4
75,101,4118,1973,2145,148659.8
75,102,3137,1601,1536,114186.8
75,103,907,493,414,31563.6
75,104,3941,1959,1982,173798.1
75,105,1188,557,631,53460
75,106,702,347,355,21762
75,107,277,138,139,8476.2
75,108,37,23,14,1557.7
75,109,46,24,22,1821.6
75,110,35,16,19,1242.5
75,111,94,50,44,3816.4
75,112,176,88,88,6564.8
75,113,102,45,57,4253.4
75,114,36,19,17,1350
75,115,9,4,5,339.3
75,116,73,40,33,3080.6
75,117,62,32,30,2387
75,118,32,16,16,1001.6
76,35,13,5,8,793
76,36,32,14,18,1436.8
76,37,18,12,6,887.4
76,38,4,2,2,0
76,39,10,5,5,352
76,40,19,8,11,571.9
76,41,44,22,22,2015.2
76,42,104,55,49,4076.8
76,43,22,16,6,987.8
76,44,143,77,66,5291
76,45,402,195,207,18291
76,46,533,248,285,28035.8
76,47,276,136,140,9604.8
76,48,45,19,26,1732.5
76,49,46,23,23,1361.6
76,50,93,54,39,3524.7
76,51,246,118,128,8487
76,52,41,24,17,1894.2
76,53,42,23,19,1911
76,54,3,2,1,0
76,55,12,7,5,540
76,56,54,37,17,1906.2
76,57,34,19,15,1101.6
76,58,18,10,8,837
76,59,58,28,30,2424.4
76,60,54,28,26,2300.4
76,61,405,210,195,11988
76,62,19,9,10,900.6
76,63,43,26,17,1526.5
76,64,21,9,12,739.2
76,65,17,11,6,731
76,66,5,2,3,263
76,67,712,363,349,27910.4
76,68,192,97,95,8083.2
76,69,173,97,76,6539.4
76,70,18,10,8,651.6
76,71,20,11,9,800
76,72,31,18,13,1357.8
76,73,30,18,12,1263
76,74,3,1,2,0
76,75,37,18,19,1779.7
76,76,242,125,117,9849.4
76,77,132,63,69,4527.6
76,78,19,8,11,790.4
76,79,123,62,61,3087.3
76,80,9,6,3,511.2
76,83,71,34,37,3706.2
76,84,663,333,330,28509
76,85,473,225,248,17453.7
76,86,5,2,3,373
76,87,1,1,0,0
76,88,4,2,2,0
76,90,21,10,11,684.6
76,91,13,6,7,434.2
76,92,28,13,15,848.4
76,93,53,28,25,2294.9
76,94,6,2,4,211.8
76,95,54,29,25,2208.6
76,96,827,433,394,28862.3
76,97,323,165,158,11046.6
76,98,96,52,44,3916.8
76,99,364,202,162,12194
76,100,141,86,55,4455.6
76,102,2345,1168,1177,96379.5
76,103,34,23,11,1574.2
76,104,428,209,219,14552
76,105,1274,636,638,48029.8
76,106,347,174,173,12283.8
76,107,244,128,116,9662.4
76,108,409,206,203,14887.6
76,109,1028,509,519,37316.4
76,110,96,49,47,3417.6
76,111,67,37,30,2599.6
76,112,56,34,22,2128
76,113,24,16,8,964.8
76,114,50,27,23,2235
76,115,148,74,74,5298.4
76,116,150,82,68,6000
76,117,310,154,156,12152
76,118,264,143,121,9688.8
77,37,5,2,3,244
77,38,35,17,18,1715
77,39,11,3,8,581.9
77,40,7,4,3,305.9
77,41,39,21,18,1856.4
77,43,358,183,175,15000.2
77,44,233,123,110,9692.8
77,45,345,178,167,13627.5
77,46,609,317,292,23872.8
77,47,200,108,92,6840
77,49,1,1,0,0
77,51,436,233,203,16219.2
77,52,812,407,405,31018.4
77,53,22,15,7,895.4
77,54,14,6,8,753.2
77,55,47,24,23,1889.4
77,57,6,3,3,207
77,58,81,43,38,3037.5
77,59,266,134,132,10001.6
77,61,2,1,1,0
77,62,34,19,15,1071
77,63,27,13,14,831.6
77,64,36,20,16,1324.8
77,65,78,38,40,2589.6
77,66,16,10,6,609.6
77,67,19,8,11,925.3
77,68,174,89,85,5933.4
77,69,30,19,11,1308
77,70,19,11,8,668.8
77,71,37,20,17,1598.4
77,72,9,6,3,440.1
77,73,37,17,20,1624.3
77,74,9,7,2,279.9
77,75,262,138,124,9720.2
77,76,712,353,359,32823.2
77,77,393,185,208,16270.2
77,78,960,460,500,38112
77,79,125,70,55,5212.5
77,80,4,2,2,0
77,82,40,24,16,1596
77,83,420,202,218,15078
77,84,87,42,45,3088.5
77,85,21,12,9,758.1
77,93,9,4,5,348.3
77,94,9,4,5,383.4
77,95,4,2,2,0
77,96,23,12,11,998.2
77,97,39,20,19,1868.1
77,98,24,11,13,1375.2
77,99,799,393,406,25488.1
77,100,1487,764,723,57398.2
77,101,1550,758,792,62310
77,102,438,237,201,16030.8
77,105,811,405,406,30007
77,106,334,202,132,12892.4
77,107,231,124,107,8547
77,108,320,170,150,13152
77,109,1063,495,568,49429.5
77,110,93,46,47,3524.7
77,111,56,28,28,2044
77,112,102,54,48,3835.2
77,113,18,10,8,678.6
77,114,49,25,24,2111.9
77,115,1,0,1,0
77,116,62,30,32,2790
77,117,43,24,19,1457.7
77,118,41,18,23,1685.1
77,119,60,34,26,2556
77,120,129,65,64,4295.7
77,121,63,34,29,2790.9
78,37,4,2,2,0
78,38,49,28,21,2092.3
78,39,30,16,14,1617
78,44,23,12,11,1037.3
78,45,127,64,63,5511.8
78,46,199,90,109,6288.4
78,47,136,68,68,5004.8
78,48,125,65,60,4912.5
78,49,69,41,28,2518.5
78,50,27,12,15,710.1
78,51,55,27,28,1985.5
78,52,438,220,218,19009.2
78,53,278,135,143,10258.2
78,54,12,7,5,471.6
78,55,17,13,4,746.3
78,56,4,2,2,0
78,57,27,13,14,1242
78,58,42,26,16,1302
78,59,30,17,13,1008
78,60,21,10,11,882
78,62,5,2,3,78
78,63,9,5,4,372.6
78,64,5,4,1,135
78,65,13,6,7,530.4
78,66,15,9,6,570
78,67,16,9,7,593.6
78,68,10,4,6,310
78,69,19,10,9,965.2
78,70,9,4,5,356.4
78,71,14,5,9,604.8
78,72,8,2,6,347.2
78,73,13,10,3,600.6
78,74,544,264,280,22358.4
78,75,1935,951,984,82237.5
78,76,1051,504,547,52339.8
78,77,147,60,87,6967.8
78,81,29,16,13,1235.4
78,82,28,16,12,1226.4
78,83,14,7,7,721
78,99,328,167,161,11873.6
78,100,49,28,21,1832.6
78,104,103,49,54,3677.1
78,105,129,70,59,4850.4
78,106,51,35,16,1912.5
78,107,28,15,13,1184.4
78,108,85,44,41,3281
78,109,560,336,224,23352
78,110,518,242,276,23931.6
78,111,1686,810,876,73341
78,112,979,476,503,42586.5
78,113,117,69,48,5148
78,114,215,112,103,6751
78,115,95,50,45,3800
78,116,38,24,14,1941.8
78,117,24,12,12,1048.8
78,118,6,4,2,261
78,119,60,32,28,2160
78,120,9,3,6,470.7
78,121,43,23,20,1470.6
78,122,64,37,27,2368
78,125,4,1,3,0
79,32,3,1,2,0
79,33,14,7,7,474.6
79,34,74,39,35,3566.8
79,35,73,34,39,3139
79,36,6,3,3,109.2
79,39,12,6,6,693.6
79,40,107,56,51,4996.9
79,41,96,41,55,3600
79,42,119,62,57,5128.9
79,43,139,67,72,5532.2
79,44,23,14,9,908.5
79,45,4,2,2,0
79,46,331,196,135,7944
79,47,67,29,38,2170.8
79,48,332,164,168,12981.2
79,49,836,417,419,28340.4
79,50,718,355,363,28648.2
79,51,1132,564,568,43921.6
79,52,40,21,19,1676
79,53,202,122,80,7413.4
79,54,128,63,65,4492.8
79,55,68,33,35,2747.2
79,57,17,7,10,724.2
79,59,6,4,2,201
79,60,35,20,15,1211
79,61,17,9,8,620.5
79,62,215,114,101,6665
79,63,28,15,13,1173.2
79,64,54,28,26,2424.6
79,65,29,13,16,1046.9
79,66,16,9,7,720
79,67,30,15,15,1071
79,68,21,14,7,1106.7
79,69,10,6,4,389
79,70,39,22,17,1774.5
79,71,46,25,21,1890.6
79,72,15,8,7,451.5
79,73,153,84,69,5094.9
79,74,490,234,256,20874
79,75,607,294,313,25736.8
79,80,2,1,1,0
79,81,75,35,40,2737.5
79,82,13,6,7,546
79,83,1,0,1,0
79,98,59,31,28,2525.2
79,99,32,19,13,1372.8
79,102,95,46,49,5548
79,103,70,36,34,4326
79,104,345,164,181,13041
79,105,747,363,384,32195.7
79,106,422,219,203,17597.4
79,107,528,286,242,21700.8
79,108,154,77,77,5682.6
79,109,477,231,246,18126
79,111,3,3,0,0
79,112,1161,599,562,46323.9
79,113,1317,645,672,51231.3
79,114,6,4,2,354
79,115,41,21,20,1500.6
79,116,26,14,12,1089.4
79,117,32,17,15,1619.2
79,118,15,12,3,739.5
79,119,10,6,4,350
79,120,45,21,24,1651.5
79,121,90,45,45,3843
79,122,321,165,156,11620.2
79,124,23,13,10,795.8
79,125,57,29,28,2479.5
79,126,9,6,3,358.2
80,27,7,4,3,228.2
80,28,73,37,36,3401.8
80,29,208,98,110,9256
80,30,29,15,14,1380.4
80,31,5,2,3,318
80,32,126,66,60,4863.6
80,33,593,278,315,26625.7
80,34,859,414,445,38311.4
80,35,72,40,32,2894.4
80,36,69,39,30,2863.5
80,37,61,37,24,2476.6
80,38,143,71,72,6964.1
80,39,148,80,68,6808
80,40,141,73,68,6330.9
80,41,205,105,100,8528
80,42,75,37,38,3022.5
80,43,278,132,146,9229.6
80,44,107,56,51,4354.9
80,45,28,13,15,1195.6
80,46,24,11,13,1219.2
80,47,325,162,163,16900
80,48,125,65,60,5175
80,49,282,136,146,12972
80,50,250,134,116,10350
80,51,92,52,40,3468.4
80,52,4,2,2,0
80,53,2,1,1,0
80,54,13,8,5,579.8
80,55,22,10,12,840.4
80,56,27,13,14,1009.8
80,58,22,13,9,842.6
80,59,21,10,11,873.6
80,60,19,11,8,587.1
80,61,258,135,123,8307.6
80,62,105,58,47,4525.5
80,63,76,31,45,2606.8
80,64,60,35,25,2262
80,65,6,3,3,402
80,66,41,21,20,1439.1
80,67,23,15,8,963.7
80,68,13,7,6,418.6
80,69,23,15,8,894.7
80,70,5,4,1,258
80,71,27,16,11,907.2
80,72,42,19,23,1898.4
80,73,64,33,31,2937.6
80,78,36,17,19,1288.8
80,79,186,85,101,7812
80,80,42,21,21,1549.8
80,81,44,22,22,2296.8
80,83,1,1,0,0
80,84,4,2,2,0
80,97,9,5,4,309.6
80,98,48,28,20,1800
80,101,91,43,48,4158.7
80,102,628,314,314,26941.2
80,103,191,99,92,8977
80,104,168,87,81,5964
80,105,8,4,4,275.2
80,111,80,44,36,3568
80,112,75,34,41,3277.5
80,113,105,49,56,3916.5
80,114,4,3,1,0
80,117,5,3,2,181
80,118,10,6,4,450
80,119,18,9,9,689.4
80,120,299,137,162,11182.6
80,121,228,109,119,8892
80,122,14,10,4,487.2
80,123,15,9,6,532.5
80,124,15,9,6,553.5
80,125,14,7,7,617.4
80,126,66,34,32,2712.6
80,127,16,10,6,424
81,28,11,5,6,555.5
81,29,17,11,6,697
81,30,38,21,17,1664.4
81,31,4,2,2,0
81,32,105,48,57,4483.5
81,33,370,189,181,16539
81,34,245,117,128,10045
81,35,95,52,43,4218
81,36,298,142,156,12516
81,37,155,69,86,6835.5
81,38,70,35,35,2905
81,39,151,77,74,6583.6
81,40,97,47,50,4064.3
81,41,146,71,75,5591.8
81,42,107,54,53,4258.6
81,43,194,101,93,7333.2
81,44,64,34,30,2265.6
81,45,169,87,82,7216.3
81,46,278,130,148,12065.2
81,47,1032,439,593,49432.8
81,48,1944,958,986,74455.2
81,49,603,310,293,24481.8
81,50,1422,737,685,59155.2
81,51,34,18,16,1849.6
81,52,19,10,9,725.8
81,53,27,13,14,1017.9
81,56,737,373,364,26458.3
81,57,34,20,14,1506.2
81,58,17,10,7,690.2
81,59,2,1,1,0
81,60,24,10,14,835.2
81,61,37,22,15,1690.9
81,62,29,16,13,1131
81,63,20,12,8,680
81,64,13,5,8,369.2
81,65,18,10,8,822.6
81,66,33,15,18,953.7
81,67,28,16,12,977.2
81,68,170,81,89,6613
81,69,31,16,15,843.2
81,70,29,14,15,1209.3
81,71,2,2,0,0
81,78,8,5,3,464
81,79,8,3,5,408
81,80,51,29,22,2045.1
81,81,50,24,26,1710
81,97,241,124,117,8579.6
81,98,78,39,39,3517.8
81,100,4,2,2,0
81,101,3,3,0,0
81,102,841,395,446,30864.7
81,103,551,295,256,19891.1
81,104,515,246,269,23072
81,105,13,6,7,613.6
81,111,387,200,187,15093
81,112,728,366,362,22276.8
81,113,153,87,66,5569.2
81,114,22,13,9,921.8
81,115,2,1,1,0
81,119,31,17,14,1438.4
81,120,59,28,31,2218.4
81,121,141,74,67,5879.7
81,123,2,1,1,0
81,124,10,7,3,303
81,125,17,12,5,578
81,126,6,3,3,300
81,127,12,6,6,369.6
82,28,21,12,9,1197
82,29,224,110,114,10617.6
82,30,72,36,36,3895.2
82,31,30,16,14,1689
82,32,33,16,17,1768.8
82,34,30,17,13,1413
82,35,12,8,4,745.2
82,37,58,29,29,2865.2
82,38,7,4,3,240.1
82,39,245,119,126,9971.5
82,40,335,169,166,13668
82,41,58,34,24,2140.2
82,42,28,15,13,1327.2
82,43,61,30,31,2592.5
82,44,207,101,106,8983.8
82,45,169,80,89,8652.8
82,46,395,199,196,15168
82,47,1099,552,547,42421.4
82,48,1843,895,948,70586.9
82,49,1970,941,1029,79194
82,50,2654,1371,1283,107752.4
82,51,2665,1300,1365,117526.5
82,52,352,182,170,16931.2
82,53,77,36,41,3103.1
82,54,139,69,70,5073.5
82,55,28,16,12,1251.6
82,56,832,420,412,30284.8
82,57,112,55,57,3931.2
82,58,3,2,1,0
82,60,3,2,1,0
82,61,26,14,12,1271.4
82,62,15,9,6,786
82,63,505,256,249,15453
82,64,363,183,180,13249.5
82,65,39,20,19,1548.3
82,66,6,1,5,283.8
82,67,312,148,164,11856
82,68,311,156,155,13217.5
82,69,68,31,37,2638.4
82,70,1,0,1,0
82,80,74,38,36,3108
82,81,365,191,174,14125.5
82,82,12,8,4,567.6
82,84,6,2,4,201
82,96,83,39,44,3270.2
82,97,597,313,284,22924.8
82,98,2,1,1,0
82,100,14,8,6,694.4
82,101,101,60,41,3625.9
82,102,44,24,20,1839.2
82,103,1305,643,662,49590
82,104,794,371,423,30648.4
82,105,33,20,13,1485
82,106,2,2,0,0
82,107,2,2,0,0
82,111,16,5,11,793.6
82,112,680,348,332,24480
82,113,172,90,82,6725.2
82,114,14,7,7,613.2
82,122,6,4,2,271.2
83,28,5,1,4,244
83,29,112,56,56,5756.8
83,30,120,54,66,5700
83,37,4,3,1,0
83,38,33,15,18,1244.1
83,39,52,24,28,2636.4
83,40,431,209,222,18317.5
83,41,335,156,179,12060
83,42,375,190,185,16087.5
83,43,689,323,366,28317.9
83,44,458,222,236,19190.2
83,45,463,231,232,18658.9
83,46,317,163,154,12680
83,47,692,338,354,31209.2
83,48,233,119,114,9902.5
83,49,463,213,250,22779.6
83,50,1390,675,715,59214
83,51,1745,795,950,68753
83,52,1280,579,701,59776
83,53,1589,819,770,63401.1
83,54,1853,904,949,70969.9
83,55,672,320,352,22780.8
83,56,9,6,3,474.3
83,57,117,70,47,5323.5
83,58,100,54,46,4070
83,59,27,13,14,1390.5
83,60,12,6,6,460.8
83,61,44,24,20,1685.2
83,62,27,15,12,1112.4
83,63,569,295,274,19573.6
83,64,372,180,192,13801.2
83,65,31,17,14,1574.8
83,66,41,24,17,1549.8
83,67,14,6,8,446.6
83,69,15,7,8,682.5
83,70,4,3,1,0
83,80,4,2,2,0
83,81,119,59,60,5331.2
83,82,517,267,250,22489.5
83,83,155,76,79,5983
83,84,65,36,29,2847
83,85,11,6,5,445.5
83,86,23,13,10,844.1
83,88,4,2,2,0
83,89,43,24,19,2266.1
83,90,32,19,13,934.4
83,91,2,1,1,0
83,93,14,8,6,635.6
83,94,78,40,38,4009.2
83,95,73,41,32,3482.1
83,96,63,29,34,2784.6
83,97,23,12,11,807.3
83,100,131,71,60,5122.1
83,101,557,275,282,19160.8
83,102,180,94,86,5796
83,103,231,117,114,9240
83,104,113,55,58,4655.6
83,105,2,1,1,0
83,111,270,137,133,10746
83,112,325,165,160,13000
83,113,24,11,13,1008
83,114,12,10,2,560.4
83,115,6,2,4,304.2
83,123,7,4,3,368.2
84,40,94,47,47,4916.2
84,41,186,100,86,8872.2
84,42,397,189,208,16713.7
84,43,446,221,225,19713.2
84,44,736,369,367,30691.2
84,45,922,451,471,39461.6
84,46,541,276,265,20179.3
84,47,825,398,427,37702.5
84,48,357,180,177,16529.1
84,49,390,199,191,16263
84,50,1450,711,739,58000
84,51,1461,681,780,69689.7
84,52,604,296,308,26998.8
84,53,46,23,23,1973.4
84,54,73,39,34,2423.6
84,55,321,158,163,10593
84,56,16,9,7,830.4
84,57,46,28,18,1807.8
84,58,26,14,12,860.6
84,59,106,49,57,4568.6
84,60,114,67,47,4138.2
84,61,136,85,51,4311.2
84,62,21,12,9,810.6
84,63,98,55,43,3018.4
84,64,17,5,12,697
84,65,50,22,28,1995
84,66,14,8,6,527.8
84,67,16,9,7,772.8
84,68,37,23,14,1476.3
84,69,46,28,18,1964.2
84,70,9,5,4,440.1
84,79,2,1,1,0
84,80,12,6,6,565.2
84,81,2,1,1,0
84,83,21,8,13,827.4
84,86,6,4,2,297
84,87,78,40,38,3307.2
84,88,701,341,360,31965.6
84,89,986,464,522,40820.4
84,90,1271,655,616,53000.7
84,91,215,113,102,7804.5
84,92,7,4,3,265.3
84,93,14,8,6,648.2
84,94,48,26,22,2193.6
84,98,58,27,31,2830.4
84,99,24,13,11,789.6
84,100,32,19,13,1190.4
84,101,55,29,26,1914
84,102,40,18,22,1512
84,103,254,116,138,12954
84,104,77,45,32,2933.7
84,110,475,226,249,16957.5
84,111,441,231,210,16537.5
84,112,859,441,418,31009.9
84,113,98,57,41,3547.6
84,114,21,12,9,802.2
84,127,33,20,13,1395.9
85,43,4,2,2,0
85,45,1,1,0,0
85,46,85,39,46,4267
85,47,839,410,429,34986.3
85,48,851,428,423,37954.6
85,49,1035,500,535,42642
85,50,290,133,157,14587
85,51,2051,951,1100,85936.9
85,52,786,392,394,30182.4
85,53,178,92,86,6497
85,54,89,45,44,3577.8
85,55,57,30,27,2228.7
85,56,36,21,15,1587.6
85,57,7,5,2,343.7
85,58,6,3,3,280.8
85,59,1243,612,631,53821.9
85,60,402,191,211,17205.6
85,61,32,21,11,825.6
85,62,202,101,101,7797.2
85,63,779,386,393,31471.6
85,65,13,9,4,423.8
85,66,14,7,7,505.4
85,67,265,132,133,10361.5
85,68,641,321,320,26281
85,69,628,313,315,27255.2
85,70,134,63,71,6110.4
85,79,6,5,1,183
85,80,7,5,2,434
85,81,19,12,7,841.7
85,82,42,19,23,1965.6
85,83,165,86,79,8596.5
85,88,164,78,86,7511.2
85,89,475,232,243,23085
85,90,163,87,76,6683
85,91,3,2,1,0
85,97,36,23,13,1519.2
85,98,64,31,33,2579.2
85,102,38,13,25,1303.4
85,103,719,363,356,25668.3
85,104,868,423,445,33418
85,105,529,268,261,17668.6
85,106,31,16,15,883.5
85,107,7,4,3,219.8
85,108,1,1,0,0
85,109,5,3,2,258
85,110,287,152,135,10992.1
85,111,25,10,15,1062.5
85,112,1588,776,812,60820.4
85,113,774,372,402,26857.8
85,114,51,34,17,2070.6
85,115,1,1,0,0
85,126,14,9,5,582.4
85,127,48,28,20,2299.2
86,43,5,3,2,169
86,47,95,43,52,5044.5
86,48,117,61,56,4855.5
86,49,474,231,243,19528.8
86,50,1135,586,549,44492
86,51,2212,1086,1126,89364.8
86,52,652,317,335,23928.4
86,53,1300,644,656,41600
86,54,74,37,37,3463.2
86,55,51,29,22,2162.4
86,56,29,14,15,1215.1
86,57,37,22,15,1324.6
86,58,60,29,31,2574
86,59,677,326,351,32157.5
86,60,589,291,298,25857.1
86,62,12,6,6,579.6
86,63,165,86,79,5973
86,64,630,296,334,28602
86,65,1537,778,759,57944.9
86,66,2453,1196,1257,93704.6
86,67,2469,1227,1242,100982.1
86,68,1630,825,805,63081
86,69,301,139,162,14779.1
86,70,1,1,0,0
86,79,11,6,5,429
86,80,5,2,3,246
86,81,12,7,5,610.8
86,82,57,31,26,2445.3
86,83,66,34,32,3616.8
86,84,7,4,3,291.2
86,85,2,1,1,0
86,87,1,0,1,0
86,88,25,16,9,1012.5
86,89,104,52,52,4461.6
86,91,4,1,3,0
86,92,3,0,3,0
86,94,2,1,1,0
86,95,11,8,3,366.3
86,97,65,31,34,2223
86,98,3,1,2,0
86,102,6,3,3,192
86,103,761,398,363,30896.6
86,104,400,205,195,15680
86,105,52,31,21,1476.8
86,106,138,75,63,4857.6
86,107,392,204,188,13641.6
86,108,5,4,1,201
86,109,8,6,2,346.4
86,110,93,49,44,3255
86,111,1,1,0,0
86,112,268,136,132,8897.6
86,113,1381,657,724,51925.6
86,114,321,166,155,12390.6
86,115,100,47,53,4300
86,116,9,4,5,270.9
86,126,21,11,10,772.8
87,48,1,1,0,0
87,49,180,81,99,6264
87,50,174,86,88,8560.8
87,51,488,242,246,20788.8
87,52,729,344,385,27847.8
87,53,433,217,216,18532.4
87,54,109,57,52,3858.6
87,55,303,146,157,10847.4
87,56,251,131,120,8759.9
87,57,91,50,41,4258.8
87,58,197,99,98,8274
87,59,6,4,2,159
87,63,19,9,10,837.9
87,64,4,3,1,0
87,65,1801,897,904,77262.9
87,66,3762,1859,1903,162894.6
87,67,2821,1426,1395,127227.1
87,68,7,4,3,198.8
87,81,37,19,18,1328.3
87,82,82,37,45,2878.2
87,83,51,23,28,2218.5
87,84,17,9,8,569.5
87,88,121,52,69,5432.9
87,89,477,239,238,19318.5
87,90,14,6,8,383.6
87,92,10,4,6,366
87,95,8,5,3,476.8
87,100,15,6,9,580.5
87,101,12,4,8,429.6
87,102,76,45,31,2705.6
87,103,46,25,21,2060.8
87,104,26,15,11,904.8
87,105,20,7,13,898
87,106,43,24,19,1784.5
87,107,649,338,311,22001.1
87,108,623,288,335,27785.8
87,109,671,343,328,24692.8
87,110,30,18,12,1068
87,111,929,441,488,40318.6
87,112,2849,1445,1404,108262
87,113,1913,952,961,69824.5
87,114,1989,958,1031,79560
87,115,403,211,192,15878.2
87,116,15,10,5,691.5
87,117,6,4,2,235.2
87,118,4,3,1,0
87,119,1,0,1,0
87,125,33,18,15,1201.2
87,126,31,15,16,1215.2
88,53,290,145,145,11455
88,54,84,37,47,3452.4
88,55,45,20,25,1858.5
88,56,40,17,23,1708
88,66,29,17,12,1470.3
88,67,68,27,41,3536
88,68,180,86,94,7650
88,79,2,1,1,0
88,80,6,3,3,216
88,81,34,19,15,1186.6
88,82,43,23,20,1831.8
88,83,8,4,4,251.2
88,84,2,1,1,0
88,85,4,3,1,0
88,86,18,9,9,727.2
88,87,61,29,32,2330.2
88,88,48,27,21,1776
88,89,104,60,44,3744
88,90,64,37,27,2387.2
88,99,7,4,3,426.3
88,100,15,7,8,819
88,101,89,49,40,3132.8
88,102,47,23,24,1795.4
88,103,15,8,7,712.5
88,104,27,12,15,1028.7
88,105,702,354,348,25272
88,106,84,46,38,3234
88,107,749,380,369,26514.6
88,108,1425,713,712,55717.5
88,109,493,244,249,19177.7
88,110,346,176,170,14186
88,111,1447,695,752,54696.6
88,112,1595,759,836,75124.5
88,113,1679,831,848,80424.1
88,114,1154,577,577,47429.4
88,115,101,47,54,4393.5
88,116,30,17,13,1617
88,119,47,22,25,2350
88,120,4,1,3,0
88,122,17,10,7,812.6
88,123,3,2,1,0
88,124,14,7,7,442.4
88,125,11,7,4,529.1
88,126,20,8,12,774
89,62,3,3,0,0
89,80,1,1,0,0
89,81,23,10,13,1265
89,82,3,2,1,0
89,83,2,1,1,0
89,84,2,1,1,0
89,86,4,3,1,0
89,87,1,1,0,0
89,88,13,7,6,703.3
89,89,5,1,4,177
89,90,21,9,12,1085.7
89,91,9,5,4,447.3
89,98,13,7,6,468
89,99,78,45,33,3057.6
89,100,55,32,23,2205.5
89,101,9,7,2,403.2
89,102,22,10,12,772.2
89,103,2,1,1,0
89,104,266,151,115,9948.4
89,105,1767,898,869,64848.9
89,106,208,108,100,7529.6
89,107,390,195,195,13884
89,108,439,214,225,14004.1
89,109,66,37,29,2857.8
89,110,546,278,268,18509.4
89,111,1269,645,624,47587.5
89,112,2100,1046,1054,81900
89,113,2322,1138,1184,92183.4
89,114,1816,900,916,67555.2
89,115,1381,706,675,55101.9
89,116,929,449,480,33629.8
89,117,62,29,33,1897.2
89,118,42,23,19,1663.2
89,119,57,31,26,2046.3
89,120,22,8,14,858
89,122,8,4,4,404
89,123,452,233,219,18034.8
89,124,359,200,159,12924
89,125,25,16,9,1230
90,79,6,4,2,307.2
90,81,4,2,2,0
90,82,11,8,3,503.8
90,90,10,5,5,413
90,91,18,10,8,763.2
90,92,8,3,5,359.2
90,98,218,107,111,5951.4
90,99,237,119,118,8484.6
90,100,62,35,27,2653.6
90,101,8,4,4,418.4
90,105,330,169,161,13893
90,106,1806,893,913,68808.6
90,107,1003,505,498,43229.3
90,108,1591,816,775,58389.7
90,109,280,141,139,10640
90,110,1578,791,787,59806.2
90,111,916,444,472,36090.4
90,112,378,175,203,16443
90,113,549,267,282,25473.6
90,114,1361,687,674,53623.4
90,115,1506,733,773,56023.2
90,116,926,463,463,34817.6
90,117,678,320,358,28069.2
90,118,799,411,388,32359.5
90,119,222,116,106,9257.4
90,120,34,21,13,1349.8
90,121,1113,569,544,40735.8
90,122,1032,524,508,41176.8
90,123,531,273,258,20337.3
90,124,1255,603,652,59487
90,125,23,14,9,979.8
90,127,612,317,295,18543.6
91,79,3,2,1,0
91,80,204,111,93,9771.6
91,93,9,4,5,395.1
91,94,39,21,18,1536.6
91,95,76,38,38,2644.8
91,96,1264,644,620,53720
91,97,302,130,172,14435.6
91,98,708,379,329,26550
91,99,822,433,389,30331.8
91,100,181,97,84,6099.7
91,101,210,108,102,8169
91,102,7,2,5,181.3
91,103,47,21,26,2439.3
91,104,1062,513,549,37701
91,105,351,177,174,14461.2
91,106,191,95,96,8404
91,107,851,417,434,40337.4
91,108,115,57,58,4588.5
91,109,247,138,109,10719.8
91,110,102,51,51,5538.6
91,111,3,1,2,0
91,113,28,14,14,1117.2
91,114,138,71,67,5230.2
91,115,286,134,152,11697.4
91,116,1809,896,913,72902.7
91,117,1148,584,564,47068
91,118,2957,1468,1489,112957.4
91,119,1186,600,586,42577.4
91,120,1871,946,925,63426.9
91,121,1672,861,811,59857.6
91,122,509,257,252,20105.5
91,123,3548,1700,1848,144758.4
91,124,2397,1107,1290,104509.2
91,125,45,26,19,2142
91,126,686,353,333,26479.6
91,127,1568,810,758,52841.6
92,80,447,220,227,21456
92,81,149,74,75,6570.9
92,94,100,52,48,2780
92,95,1274,627,647,48666.8
92,96,378,180,198,17388
92,97,14,8,6,721
92,99,91,44,47,4495.4
92,100,41,17,24,1873.7
92,101,55,25,30,2035
92,104,9,6,3,405.9
92,105,78,41,37,3439.8
92,113,110,60,50,4433
92,114,136,70,66,6283.2
92,116,1149,588,561,47453.7
92,117,1649,835,814,65630.2
92,118,2093,1060,1033,80371.2
92,119,2198,1096,1102,87700.2
92,120,1820,841,979,86996
92,121,1508,726,782,58962.8
92,122,1772,848,924,82043.6
92,123,2657,1282,1375,104951.5
92,124,502,264,238,21586
92,125,2729,1328,1401,102610.4
92,126,694,366,328,28662.2
92,127,421,214,207,15534.9
93,67,2,1,1,0
93,80,91,46,45,5159.7
93,81,278,144,134,11870.6
93,82,167,89,78,5978.6
93,83,16,9,7,801.6
93,84,26,14,12,977.6
93,95,344,171,173,13003.2
93,96,5,4,1,195
93,115,37,21,16,1568.8
93,116,1002,473,529,40380.6
93,117,1050,541,509,40530
93,118,795,410,385,28779
93,119,2162,987,1175,108532.4
93,120,2295,1150,1145,87210
93,121,2108,1046,1062,82633.6
93,122,960,479,481,36576
93,124,237,113,124,8650.5
93,125,2732,1349,1383,99718
93,126,917,476,441,35121.1
93,127,40,19,21,1428
94,67,6,1,5,232.8
94,68,227,106,121,8489.8
94,69,28,15,13,1509.2
94,81,104,53,51,4846.4
94,82,681,341,340,28193.4
94,83,414,205,209,17470.8
94,84,93,49,44,3775.8
94,85,29,13,16,1351.4
94,86,3,2,1,0
94,91,4,1,3,0
94,92,4,2,2,0
94,93,11,3,8,500.5
94,94,47,27,20,2025.7
94,95,6,4,2,181.8
94,115,38,19,19,1618.8
94,116,170,81,89,5950
94,117,519,275,244,18320.7
94,118,1,0,1,0
94,119,265,138,127,10176
94,120,1916,953,963,72041.6
94,121,1649,821,828,66124.9
94,122,251,125,126,8534
94,123,8,4,4,324
94,124,29,14,15,988.9
94,125,9,6,3,226.8
94,126,1,1,0,0
95,68,679,358,321,26141.5
95,69,1977,911,1066,90744.3
95,70,288,124,164,15897.6
95,82,1,1,0,0
95,83,178,96,82,7671.8
95,84,7,5,2,242.9
95,85,5,3,2,230
95,86,11,5,6,478.5
95,88,1,1,0,0
95,91,31,18,13,1438.4
95,92,38,18,20,1672
95,93,48,25,23,2044.8
95,95,2,2,0,0
95,102,9,5,4,379.8
95,103,2,1,1,0
95,104,14,7,7,823.2
95,105,2,1,1,0
95,116,2,1,1,0
95,119,568,257,311,27434.4
95,120,2415,1241,1174,86457
95,121,2834,1405,1429,103157.6
95,122,2452,1227,1225,87046
95,123,1535,742,793,65084
95,124,23,11,12,963.7
95,126,4,3,1,0
95,127,3,2,1,0
96,63,7,3,4,279.3
96,64,4,3,1,0
96,67,1189,542,647,59093.3
96,68,2807,1398,1409,107508.1
96,69,1913,957,956,73076.6
96,70,109,63,46,4894.1
96,71,12,4,8,603.6
96,72,4,2,2,0
96,73,7,3,4,357
96,83,133,66,67,6583.5
96,84,211,95,116,11225.2
96,85,32,15,17,1305.6
96,86,7,3,4,378.7
96,87,3,1,2,0
96,88,5,4,1,266
96,90,1,0,1,0
96,91,47,25,22,1800.1
96,92,128,57,71,5324.8
96,93,5,1,4,261
96,94,17,10,7,751.4
96,97,5,3,2,333
96,98,18,10,8,941.4
96,99,15,7,8,798
96,100,44,27,17,2006.4
96,101,338,179,159,12404.6
96,102,1144,555,589,41412.8
96,103,227,122,105,9011.9
96,104,130,64,66,5278
96,105,72,41,31,3722.4
96,106,96,45,51,4252.8
96,114,2,1,1,0
96,116,1,1,0,0
96,119,1513,692,821,67025.9
96,120,2435,1283,1152,91556
96,121,2689,1367,1322,101375.3
96,122,2604,1296,1308,105462
96,123,1177,606,571,46020.7
96,124,50,28,22,2265
96,125,26,11,15,798.2
97,56,236,128,108,10218.8
97,57,261,129,132,10779.3
97,58,82,42,40,3944.2
97,59,3,2,1,0
97,60,4,1,3,0
97,61,201,103,98,7979.7
97,62,81,39,42,3693.6
97,63,427,214,213,18617.2
97,64,236,116,120,9676
97,65,477,243,234,19080
97,66,728,377,351,34798.4
97,67,377,199,178,15758.6
97,68,2788,1404,1384,131872.4
97,69,961,459,502,42284
97,70,61,30,31,2244.8
97,71,11,6,5,531.3
97,72,38,17,21,1577
97,73,55,28,27,2381.5
97,74,9,6,3,511.2
97,92,7,3,4,461.3
97,93,592,290,302,28830.4
97,94,942,448,494,45027.6
97,95,528,260,268,25555.2
97,96,47,19,28,2021
97,97,3,2,1,0
97,98,65,36,29,3328
97,99,19,7,12,609.9
97,100,51,29,22,1922.7
97,101,93,44,49,3459.6
97,102,388,184,204,14317.2
97,103,327,167,160,12654.9
97,104,40,19,21,1504
97,106,80,38,42,3768
97,107,150,70,80,5880
97,108,386,205,181,15710.2
97,109,51,26,25,2499
97,117,74,36,38,2701
97,118,278,146,132,10619.6
97,119,66,33,33,3425.4
97,120,1575,788,787,59377.5
97,121,2137,1035,1102,87189.6
97,122,3003,1427,1576,142041.9
97,123,3158,1573,1585,117477.6
97,124,2426,1181,1245,93886.2
97,125,580,292,288,22736
97,126,98,58,40,4713.8
97,127,2,1,1,0
98,54,12,6,6,639.6
98,55,115,64,51,4278
98,56,568,285,283,24140
98,57,33,17,16,1577.4
98,58,23,14,9,759
98,59,2,1,1,0
98,60,23,13,10,786.6
98,61,62,32,30,2876.8
98,62,173,94,79,6971.9
98,63,164,85,79,5986
98,64,27,12,15,1066.5
98,65,691,304,387,32407.9
98,66,1710,871,839,71307
98,67,3253,1602,1651,125891.1
98,68,2650,1293,1357,121105
98,69,729,355,374,31274.1
98,70,168,79,89,5964
98,73,11,5,6,563.2
98,74,6,3,3,228
98,75,12,8,4,465.6
98,76,1,1,0,0
98,79,6,4,2,322.8
98,80,7,2,5,333.9
98,81,3,2,1,0
98,82,8,5,3,456
98,84,1,1,0,0
98,85,46,22,24,1987.2
98,86,120,63,57,5436
98,87,4,3,1,0
98,88,9,4,5,406.8
98,89,5,3,2,242
98,90,8,4,4,452
98,91,152,78,74,6414.4
98,92,1345,678,667,53800
98,93,2592,1237,1355,105235.2
98,94,1657,787,870,76884.8
98,95,124,62,62,5282.4
98,96,35,21,14,1515.5
98,97,7,5,2,357.7
98,98,18,11,7,871.2
98,99,8,4,4,423.2
98,100,35,24,11,1029
98,101,5,2,3,259
98,102,23,10,13,1023.5
98,103,245,120,125,9628.5
98,104,9,4,5,264.6
98,105,3,1,2,0
98,107,3,2,1,0
98,108,441,226,215,15876
98,109,354,175,179,12602.4
98,110,53,25,28,2363.8
98,111,433,231,202,17276.7
98,117,460,226,234,17434
98,118,1616,820,796,62054.4
98,119,2115,1027,1088,77832
98,120,834,403,431,31275
98,121,3301,1652,1649,136991.5
98,122,2859,1412,1447,105497.1
98,123,3055,1546,1509,113035
98,124,3101,1513,1588,118768.3
98,125,2862,1267,1595,130507.2
98,126,850,407,443,48365
98,127,9,3,6,378.9
99,54,2,1,1,0
99,55,227,118,109,9307
99,56,146,71,75,5840
99,58,20,10,10,710
99,59,6,3,3,250.8
99,60,36,15,21,1386
99,61,8,3,5,402.4
99,62,136,64,72,5276.8
99,63,438,225,213,15023.4
99,64,125,59,66,4487.5
99,65,1667,830,837,62345.8
99,66,1988,998,990,74748.8
99,67,2266,1115,1151,95398.6
99,68,1803,917,886,71759.4
99,69,2149,1057,1092,88323.9
99,70,1561,761,800,58537.5
99,71,776,414,362,32281.6
99,72,151,84,67,5934.3
99,73,10,5,5,257
99,74,195,97,98,7683
99,75,432,211,221,16588.8
99,76,295,147,148,13776.5
99,77,318,147,171,16059
99,78,44,22,22,2450.8
99,79,54,25,29,2883.6
99,80,6,3,3,300
99,81,2,1,1,0
99,82,7,4,3,284.2
99,84,3,2,1,0
99,85,90,44,46,3492
99,86,101,53,48,4555.1
99,87,43,24,19,1913.5
99,88,6,3,3,414
99,89,8,3,5,506.4
99,90,14,6,8,673.4
99,91,32,19,13,1196.8
99,92,123,71,52,4612.5
99,93,876,411,465,33813.6
99,94,1579,769,810,61265.2
99,95,1368,678,690,59644.8
99,96,1240,618,622,49972
99,97,8,7,1,348
99,98,64,28,36,2604.8
99,99,29,19,10,1200.6
99,100,2,1,1,0
99,102,12,7,5,520.8
99,103,46,23,23,2300
99,104,3,2,1,0
99,105,6,4,2,225
99,106,7,3,4,298.9
99,107,33,17,16,1590.6
99,108,76,42,34,3176.8
99,110,4,3,1,0
99,111,404,190,214,14988.4
99,112,1217,589,628,54034.8
99,113,267,105,162,17461.8
99,117,4,2,2,0
99,118,551,271,280,21378.8
99,119,2667,1316,1351,98145.6
99,120,701,369,332,23693.8
99,121,2188,1129,1059,77455.2
99,122,2123,1070,1053,76428
99,123,2709,1350,1359,101045.7
99,124,2480,1236,1244,89776
99,125,2540,1230,1310,96520
99,126,532,265,267,21173.6
99,127,248,127,121,9920
100,46,18,8,10,714.6
100,47,79,38,41,3555
100,48,97,45,52,3870.3
100,49,5,3,2,165
100,50,23,13,10,1062.6
100,55,2,1,1,0
100,56,37,19,18,1901.8
100,57,241,120,121,10628.1
100,58,49,28,21,2200.1
100,59,18,10,8,900
100,60,7,3,4,469
100,61,25,11,14,1090
100,62,29,11,18,1081.7
100,63,17,8,9,690.2
100,64,218,123,95,8611
100,65,18,9,9,631.8
100,66,56,32,24,2368.8
100,67,339,179,160,12237.9
100,68,354,161,193,12071.4
100,69,56,33,23,2536.8
100,70,646,315,331,26033.8
100,71,803,399,404,28506.5
100,72,566,283,283,21621.2
100,73,505,257,248,16766
100,74,388,176,212,16916.8
100,75,573,289,284,21029.1
100,76,1416,702,714,49843.2
100,77,679,342,337,26888.4
100,78,1241,604,637,53735.3
100,79,126,66,60,5808.6
100,80,53,24,29,2756
100,81,28,13,15,991.2
100,82,20,10,10,798
100,83,3,1,2,0
100,84,6,4,2,295.2
100,85,32,20,12,1536
100,86,52,28,24,2262
100,87,21,8,13,808.5
100,88,4,3,1,0
100,89,6,4,2,166.2
100,90,20,11,9,844
100,91,29,18,11,1339.8
100,92,23,13,10,920
100,93,42,16,26,1633.8
100,94,26,15,11,969.8
100,95,31,17,14,1333
100,96,320,152,168,11296
100,98,4,3,1,0
100,99,43,25,18,1784.5
100,100,23,10,13,867.1
100,101,20,12,8,948
100,102,17,8,9,989.4
100,103,38,19,19,1326.2
100,104,66,29,37,2580.6
100,105,21,11,10,921.9
100,106,4,2,2,0
100,107,16,7,9,449.6
100,108,5,3,2,155
100,109,41,21,20,1357.1
100,110,3,3,0,0
100,111,12,7,5,519.6
100,112,41,19,22,1931.1
100,113,473,233,240,23318.9
100,114,1220,629,591,48800
100,115,760,368,392,31084
100,116,265,137,128,11607
100,120,40,20,20,1468
100,121,913,454,459,42637.1
100,122,4360,2109,2251,170912
100,123,3421,1680,1741,147787.2
100,124,4557,2253,2304,180912.9
100,125,3784,1860,1924,150981.6
100,126,3259,1602,1657,119279.4
100,127,1676,814,862,72906
101,45,2,1,1,0
101,46,41,19,22,1959.8
101,47,561,266,295,24235.2
101,48,378,195,183,14931
101,49,260,130,130,10322
101,50,194,102,92,8982.2
101,51,41,20,21,2045.9
101,52,47,26,21,1818.9
101,54,17,12,5,787.1
101,58,4,2,2,0
101,59,20,10,10,654
101,60,43,22,21,1913.5
101,61,335,170,165,12562.5
101,62,34,19,15,1462
101,63,128,74,54,4544
101,64,184,91,93,6936.8
101,65,14,6,8,550.2
101,69,18,9,9,606.6
101,71,5,3,2,165
101,74,2,1,1,0
101,75,61,33,28,2110.6
101,76,1,1,0,0
101,77,308,148,160,13059.2
101,78,703,330,373,27276.4
101,79,11,7,4,445.5
101,80,20,12,8,948
101,81,60,33,27,2304
101,82,6,4,2,283.8
101,83,10,5,5,387
101,84,57,33,24,2365.5
101,85,290,143,147,12151
101,86,1809,916,893,60601.5
101,87,24,13,11,1118.4
101,88,11,6,5,495
101,89,9,4,5,559.8
101,90,20,11,9,682
101,91,15,9,6,642
101,92,49,25,24,2195.2
101,93,14,7,7,624.4
101,94,43,25,18,1664.1
101,95,16,9,7,579.2
101,96,81,47,34,2632.5
101,98,8,4,4,278.4
101,100,39,23,16,1263.6
101,101,17,8,9,698.7
101,102,2,1,1,0
101,103,14,7,7,600.6
101,104,32,16,16,1497.6
101,105,22,10,12,1155
101,106,78,44,34,2698.8
101,107,19,11,8,794.2
101,108,4,2,2,0
101,109,127,56,71,5537.2
101,110,13,5,8,526.5
101,111,44,22,22,1623.6
101,112,195,90,105,8502
101,113,136,70,66,5045.6
101,114,1149,549,600,39295.8
101,115,2649,1272,1377,99867.3
101,116,614,284,330,25358.2
101,119,11,5,6,698.5
101,120,24,16,8,789.6
101,121,9,7,2,433.8
101,122,3701,1852,1849,143228.7
101,123,3369,1623,1746,144867
101,124,2365,1149,1216,106188.5
101,125,4609,2083,2526,180672.8
101,126,3878,1884,1994,152793.2
101,127,2158,1081,1077,92362.4
102,42,1,1,0,0
102,47,29,16,13,1058.5
102,48,73,41,32,2774
102,49,308,157,151,12381.6
102,50,55,26,29,2315.5
102,51,343,170,173,14680.4
102,52,1011,488,523,42360.9
102,53,73,39,34,3175.5
102,54,3,2,1,0
102,55,13,8,5,555.1
102,57,3,2,1,0
102,58,12,5,7,487.2
102,59,22,11,11,851.4
102,60,27,16,11,1058.4
102,61,278,131,147,12482.2
102,62,1012,515,497,43718.4
102,63,32,14,18,1180.8
102,64,23,16,7,1074.1
102,66,2,1,1,0
102,69,10,5,5,409
102,70,1,1,0,0
102,71,5,4,1,122
102,76,15,7,8,685.5
102,77,13,7,6,729.3
102,78,3,2,1,0
102,79,113,60,53,4305.3
102,80,24,13,11,811.2
102,81,14,5,9,595
102,82,38,23,15,1523.8
102,83,12,7,5,627.6
102,84,8,4,4,356
102,85,450,217,233,14535
102,86,313,161,152,10704.6
102,87,28,13,15,1117.2
102,88,13,7,6,400.4
102,89,10,6,4,360
102,90,17,7,10,469.2
102,91,21,10,11,858.9
102,92,5,4,1,178
102,93,107,52,55,4301.4
102,94,14,7,7,639.8
102,95,27,12,15,1147.5
102,96,170,94,76,5865
102,97,46,24,22,1798.6
102,98,12,5,7,603.6
102,100,30,17,13,1179
102,101,46,22,24,1840
102,102,6,2,4,379.8
102,103,121,64,57,4537.5
102,104,19,8,11,693.5
102,105,103,44,59,3718.3
102,106,170,87,83,7344
102,107,83,43,40,3710.1
102,108,141,75,66,6260.4
102,109,201,110,91,7416.9
102,110,167,88,79,6980.6
102,111,232,129,103,8607.2
102,112,1289,606,683,47693
102,113,1526,747,779,55088.6
102,114,378,183,195,14099.4
102,115,2,2,0,0
102,119,405,203,202,17050.5
102,120,2494,1210,1284,102004.6
102,121,50,25,25,2570
102,122,2408,1184,1224,96801.6
102,123,5826,2763,3063,237118.2
102,124,2705,1282,1423,105224.5
102,125,3107,1544,1563,108434.3
102,126,3064,1502,1562,128075.2
102,127,317,166,151,11095
103,43,85,40,45,3782.5
103,44,92,53,39,3799.6
103,47,39,21,18,2086.5
103,48,50,26,24,2120
103,49,815,391,424,27628.5
103,50,459,229,230,17487.9
103,51,27,14,13,1325.7
103,52,350,174,176,13825
103,53,571,295,276,21355.4
103,54,14,7,7,530.6
103,55,8,4,4,183.2
103,57,43,25,18,1801.7
103,58,4,2,2,0
103,59,62,28,34,2114.2
103,60,111,47,64,5361.3
103,61,1030,505,525,44290
103,62,53,27,26,2512.2
103,63,56,29,27,2520
103,64,3,2,1,0
103,65,4,2,2,0
103,70,12,5,7,529.2
103,71,12,6,6,574.8
103,72,2,1,1,0
103,75,4,2,2,0
103,76,5,1,4,226
103,77,28,18,10,1447.6
103,78,55,29,26,2238.5
103,79,238,123,115,9448.6
103,80,629,321,308,20505.4
103,81,15,8,7,721.5
103,82,122,65,57,4611.6
103,83,161,82,79,4604.6
103,84,23,12,11,982.1
103,85,29,17,12,1368.8
103,86,25,14,11,1142.5
103,87,342,179,163,13748.4
103,88,395,211,184,15642
103,89,109,58,51,3934.9
103,90,12,6,6,489.6
103,91,8,4,4,431.2
103,92,15,6,9,484.5
103,93,120,63,57,4272
103,94,28,17,11,1005.2
103,95,74,42,32,2197.8
103,96,59,28,31,2289.2
103,97,18,9,9,808.2
103,99,12,8,4,639.6
103,100,48,25,23,1996.8
103,101,29,16,13,1409.4
103,102,35,18,17,1337
103,103,104,56,48,4763.2
103,104,22,11,11,1038.4
103,105,67,36,31,3343.3
103,106,98,47,51,4772.6
103,107,16,7,9,625.6
103,108,7,1,6,158.2
103,109,19,8,11,699.2
103,120,607,284,323,22459
103,121,981,480,501,46008.9
103,122,7628,3644,3984,314273.6
103,123,1929,949,980,69636.9
103,124,3723,1823,1900,141846.3
103,125,3186,1538,1648,122023.8
103,126,2718,1327,1391,103284
103,127,306,153,153,11597.4
104,41,64,35,29,2809.6
104,42,129,66,63,6295.2
104,43,34,17,17,1380.4
104,44,54,32,22,2467.8
104,46,9,6,3,252.9
104,47,29,15,14,1049.8
104,48,12,7,5,720
104,49,36,16,20,1364.4
104,50,11,6,5,680.9
104,51,23,12,11,1097.1
104,52,39,22,17,1532.7
104,53,17,8,9,836.4
104,54,52,22,30,2506.4
104,55,8,4,4,419.2
104,56,6,4,2,232.8
104,57,27,15,12,1379.7
104,58,35,18,17,1382.5
104,59,33,16,17,1098.9
104,60,163,81,82,6699.3
104,61,126,66,60,5581.8
104,62,16,10,6,819.2
104,63,18,10,8,657
104,64,3,2,1,0
104,65,2,1,1,0
104,68,29,18,11,1087.5
104,70,6,5,1,325.2
104,71,238,115,123,8544.2
104,72,28,13,15,1176
104,73,11,5,6,321.2
104,76,9,6,3,406.8
104,77,9,5,4,537.3
104,78,16,8,8,627.2
104,79,33,20,13,1475.1
104,80,29,17,12,1174.5
104,82,32,16,16,1347.2
104,83,1,1,0,0
104,84,11,6,5,462
104,85,23,13,10,823.4
104,86,2064,990,1074,87307.2
104,87,1055,539,516,38085.5
104,88,598,305,293,23800.4
104,89,17,11,6,460.7
104,90,7,4,3,331.1
104,91,11,8,3,471.9
104,92,117,68,49,3942.9
104,93,288,149,139,10051.2
104,94,109,65,44,4469
104,95,41,23,18,1299.7
104,96,8,3,5,220.8
104,97,62,33,29,2387
104,98,49,24,25,1857.1
104,99,9,6,3,389.7
104,100,238,118,120,7663.6
104,101,256,130,126,10598.4
104,102,201,105,96,8321.4
104,103,157,86,71,6248.6
104,104,22,11,11,1067
104,105,6,4,2,325.8
104,106,126,69,57,5644.8
104,107,37,17,20,1535.5
104,108,6,3,3,438
104,109,2,1,1,0
104,120,1072,607,465,45881.6
104,121,11276,5654,5622,432998.4
104,122,14362,6953,7409,571607.6
104,123,9972,4938,5034,392896.8
104,124,2289,1074,1215,91788.9
104,125,1560,756,804,60060
104,126,1963,953,1010,78323.7
104,127,85,42,43,3238.5
105,39,1,1,0,0
105,40,9,5,4,437.4
105,41,550,267,283,22000
105,42,6,3,3,283.2
105,43,9,4,5,254.7
105,44,30,18,12,939
105,45,16,7,9,790.4
105,46,20,8,12,824
105,47,37,20,17,1798.2
105,48,45,23,22,2187
105,49,25,16,9,1302.5
105,50,67,31,36,2954.7
105,51,17,8,9,635.8
105,52,3,2,1,0
105,53,1,1,0,0
105,54,48,24,24,2260.8
105,55,225,117,108,9652.5
105,56,49,16,33,1901.2
105,57,18,10,8,849.6
105,58,16,8,8,723.2
105,59,25,16,9,1177.5
105,60,122,63,59,5538.8
105,62,17,11,6,695.3
105,63,2,1,1,0
105,64,3,2,1,0
105,67,6,4,2,244.2
105,68,17,10,7,720.8
105,69,26,15,11,938.6
105,70,573,304,269,22232.4
105,71,593,298,295,17908.6
105,72,30,16,14,1119
105,73,2,2,0,0
105,74,4,2,2,0
105,76,8,4,4,335.2
105,77,17,9,8,744.6
105,78,2,1,1,0
105,79,19,9,10,516.8
105,80,10,8,2,503
105,81,27,19,8,1196.1
105,82,36,21,15,1814.4
105,83,28,14,14,1122.8
105,84,22,10,12,836
105,85,7,4,3,175.7
105,86,51,22,29,1881.9
105,87,100,45,55,3150
105,88,10,5,5,345
105,89,33,17,16,1079.1
105,90,2,2,0,0
105,91,41,17,24,1627.7
105,92,119,60,59,4664.8
105,93,918,450,468,24694.2
105,94,21,15,6,724.5
105,95,19,9,10,682.1
105,96,47,29,18,1884.7
105,97,52,26,26,1924
105,98,66,38,28,2263.8
105,99,22,9,13,963.6
105,100,379,202,177,14629.4
105,101,1644,828,816,61156.8
105,102,446,228,218,13603
105,104,12,6,6,382.8
105,106,76,35,41,3085.6
105,107,29,13,16,1325.3
105,109,8,3,5,347.2
105,110,11,6,5,493.9
105,111,7,4,3,363.3
105,118,1,0,1,0
105,120,48,26,22,2332.8
105,121,1219,667,552,45224.9
105,122,17227,8811,8416,599499.6
105,123,13766,6551,7215,502459
105,124,4359,2305,2054,151257.3
105,125,2681,1314,1367,90885.9
105,126,2184,1084,1100,80152.8
105,127,1839,890,949,46158.9
106,28,24,11,13,1243.2
106,29,28,15,13,1503.6
106,30,47,22,25,2542.7
106,31,70,40,30,3612
106,32,15,8,7,858
106,38,177,86,91,7929.6
106,39,204,108,96,9078
106,40,113,53,60,4531.3
106,41,297,156,141,13305.6
106,42,141,75,66,5654.1
106,43,36,15,21,1764
106,44,8,3,5,342.4
106,45,5,2,3,225
106,46,16,7,9,598.4
106,47,29,15,14,1067.2
106,48,30,13,17,1467
106,49,23,11,12,945.3
106,51,15,7,8,679.5
106,52,3,1,2,0
106,53,3,1,2,0
106,54,6,2,4,181.2
106,55,2,1,1,0
106,56,30,13,17,1203
106,58,17,9,8,528.7
106,59,83,45,38,3544.1
106,60,118,59,59,5404.4
106,65,4,2,2,0
106,66,4,2,2,0
106,67,2,1,1,0
106,70,101,55,46,4545
106,71,301,150,151,12551.7
106,72,1,0,1,0
106,74,6,5,1,172.2
106,75,5,4,1,249
106,76,43,23,20,1659.8
106,78,5,4,1,174
106,80,38,22,16,1360.4
106,81,15,10,5,673.5
106,83,37,20,17,1572.5
106,84,204,103,101,5120.4
106,85,16,9,7,640
106,86,6,4,2,169.8
106,87,17,8,9,627.3
106,88,21,13,8,825.3
106,89,26,16,10,1045.2
106,90,31,18,13,936.2
106,91,151,70,81,4832
106,92,1211,603,608,46986.8
106,93,1327,644,683,50426
106,94,322,153,169,11398.8
106,95,30,15,15,1296
106,96,16,8,8,611.2
106,97,139,72,67,4406.3
106,98,27,13,14,999
106,99,95,53,42,3838
106,100,2,1,1,0
106,101,40,24,16,1144
106,102,948,488,460,31852.8
106,103,375,202,173,10950
106,104,12,6,6,526.8
106,106,2,1,1,0
106,107,25,15,10,907.5
106,108,18,10,8,959.4
106,110,9,4,5,332.1
106,111,16,8,8,790.4
106,112,1,1,0,0
106,115,177,92,85,6637.5
106,116,358,186,172,13854.6
106,117,389,186,203,15054.3
106,119,28,22,6,1430.8
106,120,1908,1048,860,72313.2
106,121,6685,3806,2879,213251.5
106,122,16248,8282,7966,547557.6
106,123,11140,5271,5869,401040
106,124,5075,2458,2617,171027.5
106,125,3572,1761,1811,134307.2
106,126,3208,1624,1584,132169.6
106,127,1412,710,702,54503.2
107,28,170,72,98,8041
107,29,84,45,39,4132.8
107,30,284,146,138,12723.2
107,31,130,57,73,5616
107,32,35,18,17,2236.5
107,38,48,22,26,2304
107,39,3,3,0,0
107,40,116,62,54,5104
107,41,124,65,59,5245.2
107,42,17,7,10,800.7
107,43,33,18,15,1567.5
107,44,10,6,4,583
107,45,17,7,10,703.8
107,46,32,18,14,1260.8
107,47,68,43,25,2114.8
107,48,52,23,29,1690
107,49,29,17,12,1136.8
107,51,3,2,1,0
107,54,3,2,1,0
107,55,10,6,4,368
107,56,9,4,5,275.4
107,57,21,11,10,905.1
107,58,51,26,25,2764.2
107,59,20,12,8,698
107,60,11,6,5,477.4
107,65,1,1,0,0
107,66,5,3,2,196
107,67,29,11,18,942.5
107,68,21,11,10,810.6
107,69,29,17,12,1183.2
107,70,8,4,4,358.4
107,71,1,1,0,0
107,74,14,9,5,611.8
107,75,31,18,13,1019.9
107,76,6,3,3,172.8
107,77,11,6,5,543.4
107,79,6,4,2,163.2
107,80,10,5,5,378
107,81,32,16,16,1276.8
107,82,17,9,8,627.3
107,83,55,30,25,1930.5
107,84,39,17,22,1610.7
107,85,14,6,8,376.6
107,87,4,2,2,0
107,88,10,6,4,421
107,89,1,1,0,0
107,90,4,2,2,0
107,91,333,173,160,13153.5
107,92,1657,804,853,60314.8
107,93,1637,804,833,69736.2
107,94,815,423,392,32600
107,95,88,50,38,3097.6
107,96,22,12,10,1170.4
107,97,137,77,60,4822.4
107,98,5,2,3,311
107,99,965,477,488,40916
107,100,99,58,41,3474.9
107,102,1,1,0,0
107,103,4,2,2,0
107,104,11,6,5,473
107,105,72,35,37,2656.8
107,106,432,209,223,14428.8
107,108,9,5,4,441.9
107,109,1849,904,945,74699.6
107,110,1732,877,855,69106.8
107,111,2517,1237,1280,87591.6
107,112,2235,1058,1177,89176.5
107,113,1015,500,515,39483.5
107,114,600,300,300,28140
107,115,83,46,37,3145.7
107,116,1070,528,542,43335
107,117,1652,831,821,65254
107,118,1719,881,838,66697.2
107,119,1015,516,499,38773
107,120,8069,4269,3800,261435.6
107,121,20085,10770,9315,662805
107,122,20428,10348,10080,690466.4
107,123,15071,7585,7486,509399.8
107,124,16407,7996,8411,579167.1
107,125,4183,2082,2101,151842.9
107,126,3422,1693,1729,124903
107,127,1042,526,516,38137.2
108,27,3,2,1,0
108,28,51,27,24,2157.3
108,29,51,25,26,1820.7
108,30,24,13,11,1044
108,31,52,32,20,2168.4
108,39,23,13,10,936.1
108,40,508,257,251,19710.4
108,41,1444,733,711,52850.4
108,42,53,26,27,2448.6
108,43,57,28,29,1789.8
108,46,5,4,1,291
108,47,39,22,17,1797.9
108,48,8,4,4,396.8
108,49,12,5,7,416.4
108,50,15,6,9,522
108,51,2,1,1,0
108,53,22,14,8,902
108,54,14,9,5,544.6
108,55,2,1,1,0
108,56,6,5,1,358.8
108,57,11,4,7,540.1
108,58,1116,569,547,50220
108,59,28,15,13,854
108,60,5,3,2,205
108,66,11,7,4,546.7
108,67,9,5,4,538.2
108,68,22,12,10,1124.2
108,69,10,10,0,452
108,71,26,15,11,949
108,72,31,16,15,1550
108,73,5,3,2,169
108,74,106,61,45,3826.6
108,75,20,10,10,968
108,76,25,16,9,672.5
108,77,50,25,25,1990
108,78,12,8,4,588
108,80,24,16,8,1029.6
108,81,24,13,11,1264.8
108,82,16,9,7,793.6
108,83,9,6,3,404.1
108,84,21,13,8,900.9
108,85,23,9,14,1120.1
108,86,5,3,2,307
108,87,20,12,8,758
108,88,17,7,10,584.8
108,89,9,4,5,407.7
108,90,71,33,38,2875.5
108,91,355,180,175,13241.5
108,92,177,97,80,5628.6
108,93,836,411,425,33858
108,94,255,123,132,9715.5
108,95,82,42,40,2927.4
108,96,18,12,6,583.2
108,98,963,492,471,30623.4
108,99,2692,1359,1333,102834.4
108,100,1554,755,799,57964.2
108,101,3,1,2,0
108,102,11,6,5,381.7
108,103,114,53,61,4343.4
108,104,1489,758,731,54795.2
108,105,2427,1179,1248,101448.6
108,106,1864,976,888,65426.4
108,107,611,291,320,24378.9
108,108,1302,657,645,52210.2
108,109,2550,1221,1329,131325
108,110,1704,837,867,64922.4
108,111,1930,1042,888,77393
108,112,5099,2478,2621,184583.8
108,113,3028,1461,1567,119303.2
108,114,2996,1453,1543,127330
108,115,3526,1708,1818,145623.8
108,116,4230,1980,2250,190350
108,117,3902,1989,1913,154909.4
108,118,1947,948,999,73986
108,119,4799,2450,2349,176123.3
108,120,10064,5104,4960,354252.8
108,121,9319,4688,4631,329892.6
108,122,8518,4175,4343,286204.8
108,123,11961,6416,5545,403085.7
108,124,6580,3249,3331,228984
108,125,5451,2701,2750,206047.8
108,126,3903,1963,1940,142849.8
108,127,1477,750,727,58932.3
109,27,13,5,8,651.3
109,28,51,29,22,2891.7
109,29,50,29,21,1895
109,30,109,54,55,4839.6
109,31,148,78,70,6541.6
109,32,19,8,11,853.1
109,39,11,6,5,463.1
109,40,862,430,432,33790.4
109,41,331,157,174,14564
109,42,636,335,301,25630.8
109,43,765,379,386,30676.5
109,44,282,143,139,12605.4
109,45,13,6,7,604.5
109,46,52,25,27,2319.2
109,47,18,8,10,860.4
109,48,36,18,18,1353.6
109,49,10,4,6,361
109,50,9,5,4,449.1
109,51,24,13,11,1128
109,52,12,6,6,512.4
109,53,31,17,14,1624.4
109,54,30,14,16,1029
109,55,33,18,15,1669.8
109,56,45,26,19,1552.5
109,57,25,12,13,1040
109,58,878,438,440,40914.8
109,59,49,27,22,1881.6
109,60,14,6,8,667.8
109,68,18,9,9,556.2
109,69,71,35,36,3301.5
109,71,28,14,14,826
109,72,147,71,76,4615.8
109,73,97,48,49,3239.8
109,74,803,409,394,26579.3
109,76,9,4,5,345.6
109,77,20,14,6,970
109,79,18,9,9,930.6
109,80,65,33,32,3048.5
109,81,449,232,217,17241.6
109,82,34,18,16,1394
109,83,1,0,1,0
109,84,2,1,1,0
109,85,8,4,4,326.4
109,86,31,17,14,1292.7
109,87,2,1,1,0
109,88,7,4,3,238.7
109,89,27,15,12,1161
109,90,147,71,76,5718.3
109,91,237,134,103,8792.7
109,92,79,40,39,2591.2
109,93,7,3,4,287
109,94,9,5,4,380.7
109,95,33,15,18,1042.8
109,96,8,7,1,284
109,97,69,36,33,2808.3
109,98,1759,893,866,70184.1
109,99,2171,1030,1141,94221.4
109,100,960,478,482,37344
109,101,28,16,12,1223.6
109,102,558,284,274,21259.8
109,103,2451,1261,1190,92402.7
109,104,1322,680,642,49046.2
109,105,1169,576,593,42434.7
109,106,7,2,5,315
109,107,722,348,374,29024.4
109,108,2102,1040,1062,78825
109,109,2671,1295,1376,98827
109,110,2481,1226,1255,104946.3
109,111,2025,1000,1025,76140
109,112,1577,809,768,58033.6
109,113,4086,2041,2045,150773.4
109,114,3161,1578,1583,111899.4
109,115,4028,1973,2055,150647.2
109,116,5439,2595,2844,204506.4
109,117,4354,2030,2324,165016.6
109,118,4151,2071,2080,151926.6
109,119,4555,2130,2425,182655.5
109,120,5181,2551,2630,196878
109,121,3013,1467,1546,106358.9
109,122,1165,548,617,38794.5
109,123,5467,2893,2574,185331.3
109,124,5199,2601,2598,188723.7
109,125,3501,1731,1770,142490.7
109,126,2571,1245,1326,110810.1
109,127,819,407,412,31695.3
110,25,45,30,15,2119.5
110,26,5,3,2,264
110,27,15,8,7,724.5
110,28,29,16,13,1435.5
110,29,114,61,53,5301
110,30,152,79,73,5380.8
110,31,141,76,65,5682.3
110,32,1,1,0,0
110,36,8,3,5,507.2
110,37,10,2,8,275
110,38,6,5,1,139.8
110,39,12,8,4,361.2
110,40,465,227,238,16089
110,41,1209,597,612,51624.3
110,42,596,305,291,24436
110,43,1735,833,902,73390.5
110,44,1776,876,900,79209.6
110,45,195,85,110,8970
110,46,184,99,85,7360
110,47,40,23,17,1348
110,48,106,60,46,4028
110,49,68,35,33,3196
110,50,41,17,24,1176.7
110,51,50,28,22,1915
110,52,28,14,14,1335.6
110,53,15,8,7,565.5
110,54,2,1,1,0
110,55,26,12,14,842.4
110,56,6,4,2,306
110,57,40,18,22,1752
110,58,141,80,61,6401.4
110,59,6,3,3,310.2
110,61,5,3,2,219
110,68,2,1,1,0
110,69,1,1,0,0
110,72,106,55,51,3339
110,73,151,69,82,7353.7
110,74,114,61,53,5050.2
110,78,1,1,0,0
110,79,2,1,1,0
110,80,42,23,19,1822.8
110,81,8,6,2,260
110,82,55,31,24,2299
110,83,20,11,9,1022
110,84,5,2,3,194
110,85,8,5,3,242.4
110,86,2,1,1,0
110,87,7,3,4,156.8
110,88,15,11,4,436.5
110,89,22,11,11,631.4
110,90,53,31,22,2289.6
110,91,2,1,1,0
110,92,23,12,11,756.7
110,93,12,7,5,342
110,94,5,3,2,142
110,95,6,3,3,177
110,96,17,5,12,761.6
110,97,424,215,209,15560.8
110,98,1234,612,622,51457.8
110,99,1639,785,854,71132.6
110,100,303,152,151,11271.6
110,101,44,23,21,1856.8
110,102,1127,576,551,47559.4
110,103,2430,1176,1254,100116
110,104,1339,649,690,44187
110,108,20,15,5,766
110,109,1,1,0,0
110,110,1967,984,983,67271.4
110,111,4483,2273,2210,137628.1
110,112,1769,915,854,55900.4
110,113,4227,2127,2100,137377.5
110,114,2730,1367,1363,102102
110,115,4295,2061,2234,161921.5
110,116,3487,1624,1863,146105.3
110,117,2050,1036,1014,74415
110,118,957,467,490,34356.3
110,119,3660,1765,1895,139812
110,120,2049,1056,993,78476.7
110,121,3882,1990,1892,144798.6
110,122,621,328,293,22977
110,123,4092,2083,2009,146493.6
110,124,5505,2708,2797,208089
110,125,3489,1684,1805,124208.4
110,127,2,1,1,0
111,23,104,55,49,5085.6
111,24,15,8,7,999
111,25,64,35,29,2521.6
111,26,159,84,75,5390.1
111,27,510,250,260,21471
111,28,18,8,10,817.2
111,29,50,27,23,2640
111,30,56,28,28,2721.6
111,33,1,0,1,0
111,34,86,43,43,4007.6
111,35,229,115,114,9411.9
111,36,143,77,66,4676.1
111,37,347,176,171,10965.2
111,38,439,230,209,15672.3
111,39,460,231,229,16698
111,40,398,182,216,17750.8
111,41,1093,518,575,48092
111,42,1391,722,669,57031
111,43,2491,1242,1249,107362.1
111,44,2593,1245,1348,103201.4
111,45,1566,769,797,62640
111,46,1336,675,661,44088
111,47,592,302,290,20364.8
111,48,15,10,5,769.5
111,49,9,5,4,338.4
111,50,6,3,3,244.8
111,52,4,2,2,0
111,53,15,8,7,630
111,54,41,23,18,1533.4
111,55,28,16,12,1078
111,56,9,3,6,370.8
111,57,114,65,49,4400.4
111,58,1,1,0,0
111,59,12,8,4,387.6
111,61,3,1,2,0
111,65,2,1,1,0
111,68,2,1,1,0
111,69,6,4,2,270
111,70,7,2,5,287
111,71,2,1,1,0
111,72,16,8,8,598.4
111,73,28,16,12,1237.6
111,74,2,2,0,0
111,75,42,18,24,1852.2
111,80,12,6,6,568.8
111,81,5,2,3,172
111,82,19,11,8,820.8
111,83,31,15,16,905.2
111,84,14,7,7,572.6
111,85,11,4,7,325.6
111,87,26,9,17,967.2
111,88,17,10,7,545.7
111,89,9,5,4,249.3
111,90,4,1,3,0
111,91,24,14,10,1065.6
111,92,25,13,12,717.5
111,93,40,17,23,1344
111,94,93,59,34,2976
111,95,147,76,71,4615.8
111,96,45,25,20,1935
111,97,24,10,14,931.2
111,98,26,17,9,1123.2
111,99,523,265,258,18514.2
111,100,157,68,89,8697.8
111,101,23,12,11,1002.8
111,102,13,7,6,637
111,103,692,354,338,24981.2
111,104,1967,975,992,63730.8
111,106,5,3,2,202
111,110,165,94,71,5808
111,111,184,90,94,6495.2
111,112,377,207,170,12252.5
111,113,1091,545,546,40039.7
111,114,481,261,220,18566.6
111,115,548,270,278,20878.8
111,116,2813,1318,1495,118708.6
111,117,5987,2815,3172,230499.5
111,118,4663,2321,2342,181390.7
111,119,8716,4089,4627,333822.8
111,120,3311,1644,1667,127804.6
111,121,4312,2017,2295,185416
111,122,422,269,153,17006.6
111,123,679,343,336,24783.5
111,124,5309,2622,2687,187938.6
111,125,606,287,319,22543.2
112,23,54,25,29,2694.6
112,24,11,7,4,501.6
112,25,61,32,29,2543.7
112,27,5,2,3,229
112,28,9,4,5,488.7
112,33,3,1,2,0
112,34,91,44,47,3922.1
112,35,93,45,48,4631.4
112,36,76,43,33,2447.2
112,37,30,16,14,1263
112,38,263,133,130,10441.1
112,39,273,138,135,11466
112,40,549,280,269,21960
112,41,1425,668,757,59992.5
112,42,3574,1778,1796,159400.4
112,43,3090,1544,1546,126381
112,44,1701,863,838,68890.5
112,45,833,429,404,32570.3
112,46,150,83,67,6090
112,47,139,78,61,5504.4
112,48,27,14,13,1190.7
112,50,19,9,10,946.2
112,51,1,1,0,0
112,53,13,7,6,681.2
112,54,2,1,1,0
112,55,52,26,26,1752.4
112,56,32,21,11,1289.6
112,57,404,211,193,16685.2
112,58,39,21,18,1856.4
112,59,1,1,0,0
112,60,10,5,5,583
112,67,2,1,1,0
112,68,3,2,1,0
112,70,4,2,2,0
112,71,2,2,0,0
112,72,8,4,4,280.8
112,73,40,22,18,1720
112,76,8,5,3,386.4
112,77,1,1,0,0
112,84,2,1,1,0
112,85,23,13,10,979.8
112,86,1,1,0,0
112,87,27,11,16,1174.5
112,88,8,4,4,294.4
112,89,5,3,2,319
112,90,4,3,1,0
112,91,18,12,6,766.8
112,92,19,11,8,767.6
112,93,18,9,9,675
112,94,339,178,161,14271.9
112,95,715,368,347,23595
112,96,21,13,8,919.8
112,97,13,8,5,607.1
112,98,31,18,13,1054
112,99,16,10,6,760
112,100,22,10,12,1060.4
112,101,22,10,12,816.2
112,102,23,14,9,940.7
112,103,2,1,1,0
112,104,118,57,61,4779
112,106,5,3,2,303
112,107,741,360,381,27787.5
112,108,6,2,4,313.2
112,109,29,17,12,1655.9
112,110,56,29,27,2475.2
112,111,25,14,11,1192.5
112,112,97,61,36,3753.9
112,116,19,9,10,845.5
112,117,761,344,417,30896.6
112,118,1555,746,809,66243
112,119,1199,591,608,38128.2
112,120,2258,1136,1122,82642.8
112,121,5686,2804,2882,220048.2
112,122,2050,1046,1004,76260
112,123,15,11,4,633
112,124,4446,2265,2181,149830.2
112,125,2972,1463,1509,111747.2
112,126,9,6,3,421.2
113,26,2,1,1,0
113,40,593,285,308,21170.1
113,41,1559,705,854,75299.7
113,42,2103,998,1105,94214.4
113,43,1482,749,733,67431
113,44,1586,752,834,70101.2
113,45,439,221,218,19184.3
113,46,21,11,10,808.5
113,48,21,12,9,989.1
113,50,6,2,4,213
113,52,36,18,18,1620
113,53,25,14,11,1295
113,54,26,14,12,1190.8
113,55,26,12,14,980.2
113,56,37,21,16,1750.1
113,57,384,198,186,12057.6
113,58,60,32,28,1740
113,59,35,21,14,1466.5
113,60,7,3,4,203.7
113,67,5,3,2,358
113,68,2,1,1,0
113,72,3,1,2,0
113,73,48,26,22,1910.4
113,74,1,0,1,0
113,80,5,2,3,108
113,81,3,2,1,0
113,83,4,2,2,0
113,84,3,2,1,0
113,85,15,8,7,610.5
113,86,90,46,44,3591
113,87,23,14,9,841.8
113,88,5,4,1,248
113,89,7,4,3,184.8
113,90,23,14,9,913.1
113,91,12,7,5,567.6
113,92,12,7,5,656.4
113,93,19,10,9,792.3
113,94,33,16,17,1428.9
113,95,12,6,6,520.8
113,96,31,18,13,951.7
113,97,12,8,4,538.8
113,98,32,21,11,1100.8
113,99,11,6,5,473
113,100,9,8,1,456.3
113,101,4,2,2,0
113,102,18,8,10,795.6
113,103,3,2,1,0
113,104,3,2,1,0
113,106,64,33,31,2726.4
113,107,531,269,262,21240
113,108,52,28,24,1851.2
113,109,164,86,78,6986.4
113,110,100,53,47,4220
113,111,10,5,5,376
113,112,3,1,2,0
113,116,2,1,1,0
113,121,577,289,288,19791.1
113,122,6831,3473,3358,247282.2
113,123,1503,736,767,50951.7
113,124,1406,647,759,53849.8
113,125,5317,2543,2774,203109.4
113,126,5884,2951,2933,226534
113,127,601,301,300,25061.7
114,22,16,9,7,996.8
114,23,14,8,6,588
114,24,12,6,6,434.4
114,25,5,2,3,282
114,26,2,1,1,0
114,27,16,10,6,571.2
114,28,1,0,1,0
114,40,179,90,89,6837.8
114,41,77,38,39,3087.7
114,42,1359,622,737,57757.5
114,43,907,427,480,37187
114,44,2081,1082,999,75540.3
114,45,1902,915,987,75509.4
114,46,102,57,45,4284
114,50,5,2,3,137
114,51,31,14,17,1023
114,52,170,85,85,6018
114,53,59,26,33,2442.6
114,54,67,36,31,2800.6
114,55,30,15,15,1260
114,56,62,35,27,2597.8
114,57,3,2,1,0
114,59,15,8,7,472.5
114,60,27,15,12,1131.3
114,61,13,8,5,513.5
114,67,5,4,1,231
114,68,14,6,8,575.4
114,72,49,20,29,1543.5
114,73,4,3,1,0
114,74,5,3,2,285
114,75,2,1,1,0
114,76,14,8,6,708.4
114,77,6,2,4,252
114,80,8,5,3,196
114,85,15,9,6,718.5
114,86,23,13,10,1122.4
114,87,43,21,22,1896.3
114,88,1,1,0,0
114,89,8,4,4,466.4
114,90,13,9,4,608.4
114,91,9,6,3,429.3
114,92,9,4,5,525.6
114,93,20,10,10,956
114,94,20,12,8,848
114,95,2,1,1,0
114,96,12,8,4,570
114,97,14,7,7,579.6
114,98,18,11,7,707.4
114,99,17,7,10,603.5
114,100,22,12,10,774.4
114,101,9,7,2,440.1
114,102,14,7,7,477.4
114,103,117,60,57,4329
114,104,118,60,58,4578.4
114,105,180,110,70,6876
114,106,190,98,92,7068
114,109,29,18,11,1247
114,110,93,56,37,4036.2
114,111,6,4,2,310.8
114,122,1207,605,602,42727.8
114,123,2514,1294,1220,96034.8
114,124,4886,2412,2474,182247.8
114,125,2630,1382,1248,93102
114,126,5784,2910,2874,226732.8
114,127,493,235,258,18043.8
115,21,17,7,10,979.2
115,22,28,18,10,1176
115,23,7,4,3,415.1
115,24,22,12,10,783.2
115,25,20,10,10,956
115,26,19,8,11,566.2
115,27,12,7,5,597.6
115,28,6,3,3,448.8
115,40,42,24,18,1911
115,41,113,62,51,4361.8
115,42,1176,583,593,48333.6
115,43,703,329,374,33251.9
115,44,2429,1213,1216,96188.4
115,45,360,197,163,14580
115,46,1300,657,643,51870
115,47,1119,502,617,53152.5
115,48,565,275,290,23278
115,49,2,1,1,0
115,50,3,1,2,0
115,51,96,52,44,3830.4
115,52,18,10,8,646.2
115,53,22,9,13,1056
115,54,106,57,49,4346
115,55,72,37,35,3139.2
115,56,32,17,15,1392
115,59,5,3,2,279
115,61,3,3,0,0
115,65,5,3,2,268
115,66,2,1,1,0
115,67,10,5,5,398
115,68,3,1,2,0
115,69,15,9,6,637.5
115,70,9,5,4,362.7
115,71,11,4,7,528
115,72,1,1,0,0
115,73,1,0,1,0
115,74,2,1,1,0
115,75,5,2,3,104
115,76,5,2,3,145
115,77,1,1,0,0
115,86,2,1,1,0
115,87,32,16,16,1171.2
115,88,81,46,35,3159
115,89,26,13,13,964.6
115,90,16,9,7,718.4
115,91,14,8,6,631.4
115,92,402,200,202,13386.6
115,93,150,78,72,5970
115,94,6,4,2,262.2
115,95,20,13,7,690
115,96,4,3,1,0
115,100,6,3,3,199.2
115,101,55,28,27,2249.5
115,102,50,25,25,2240
115,103,25,16,9,1152.5
115,104,80,44,36,3320
115,105,110,57,53,4092
115,106,98,54,44,3488.8
115,108,16,9,7,617.6
115,111,2,1,1,0
115,118,6,2,4,210
115,120,20,11,9,802
115,121,3,2,1,0
115,122,952,484,468,32272.8
115,123,3939,1980,1959,154802.7
115,124,5722,2851,2871,204847.6
115,125,2948,1466,1482,107307.2
115,126,1660,829,831,67396
115,127,1938,921,1017,73450.2
116,21,509,245,264,26569.8
116,22,312,154,158,14726.4
116,23,29,13,16,1426.8
116,24,28,12,16,1428
116,25,32,14,18,1376
116,26,21,10,11,1104.6
116,27,4,2,2,0
116,28,7,4,3,464.8
116,36,3,1,2,0
116,37,4,2,2,0
116,38,31,16,15,1258.6
116,39,17,8,9,591.6
116,40,16,8,8,817.6
116,41,6,3,3,220.2
116,42,1446,711,735,55960.2
116,43,772,395,377,27946.4
116,44,1316,651,665,49350
116,45,873,435,438,35705.7
116,46,561,295,266,20813.1
116,47,416,189,227,18761.6
116,48,1217,593,624,45272.4
116,49,132,70,62,5596.8
116,50,44,20,24,1874.4
116,51,196,106,90,7977.2
116,52,5,3,2,238
116,53,58,27,31,2673.8
116,54,21,11,10,739.2
116,55,16,5,11,657.6
116,56,4,3,1,0
116,57,10,5,5,173
116,59,20,10,10,648
116,65,7,6,1,277.9
116,66,3,3,0,0
116,67,40,19,21,1404
116,70,2,1,1,0
116,71,2,1,1,0
116,74,4,2,2,0
116,75,3,2,1,0
116,76,2,1,1,0
116,86,1,1,0,0
116,87,9,4,5,464.4
116,88,16,6,10,654.4
116,89,45,18,27,1822.5
116,90,26,16,10,1086.8
116,91,6,4,2,246
116,92,14,8,6,449.4
116,93,9,2,7,304.2
116,101,48,25,23,1934.4
116,102,1,1,0,0
116,103,4,2,2,0
116,104,21,13,8,936.6
116,105,52,23,29,1903.2
116,106,25,15,10,1342.5
116,107,48,26,22,2251.2
116,120,1446,742,704,52779
116,121,1911,999,912,74337.9
116,122,1248,633,615,45676.8
116,123,3894,1904,1990,147582.6
116,124,4016,2039,1977,158632
116,125,4655,2300,2355,176890
116,126,9079,4606,4473,335923
116,127,3845,1905,1940,149570.5
117,17,4,2,2,0
117,18,15,8,7,937.5
117,19,5,3,2,325
117,21,17,10,7,885.7
117,22,25,12,13,1417.5
117,23,11,5,6,580.8
117,24,5,1,4,146
117,25,10,4,6,359
117,26,23,13,10,1113.2
117,34,6,3,3,244.8
117,35,28,16,12,1038.8
117,36,14,7,7,616
117,37,118,61,57,4873.4
117,38,38,17,21,1440.2
117,39,261,126,135,11614.5
117,40,230,124,106,9269
117,41,8,2,6,412
117,42,3,1,2,0
117,43,16,7,9,585.6
117,44,158,78,80,5688
117,45,776,395,381,28168.8
117,46,651,328,323,23305.8
117,47,216,102,114,7884
117,48,742,394,348,28121.8
117,49,749,395,354,29435.7
117,50,88,43,45,3933.6
117,51,13,8,5,770.9
117,52,11,6,5,364.1
117,53,75,43,32,3037.5
117,54,25,15,10,1150
117,55,220,110,110,9152
117,58,6,2,4,187.8
117,59,12,7,5,338.4
117,64,4,2,2,0
117,65,116,60,56,4756
117,66,303,144,159,11847.3
117,67,69,31,38,2359.8
117,68,4,2,2,0
117,69,6,2,4,214.8
117,70,46,24,22,1858.4
117,71,14,8,6,466.2
117,72,7,2,5,261.8
117,74,8,2,6,310.4
117,76,1,1,0,0
117,77,9,6,3,383.4
117,80,2,1,1,0
117,81,9,4,5,171
117,85,2,1,1,0
117,86,5,3,2,208
117,87,24,13,11,883.2
117,88,13,7,6,586.3
117,89,22,13,9,1009.8
117,90,38,21,17,1679.6
117,91,17,11,6,683.4
117,92,12,6,6,499.2
117,93,16,10,6,628.8
117,94,19,9,10,803.7
117,100,4,2,2,0
117,101,4,3,1,0
117,102,4,2,2,0
117,103,18,12,6,628.2
117,104,2,2,0,0
117,106,150,80,70,6495
117,107,1,1,0,0
117,118,7,4,3,357
117,119,22,9,13,693
117,120,1772,910,862,66627.2
117,121,4367,2149,2218,171186.4
117,122,3356,1670,1686,150013.2
117,123,1569,844,725,58680.6
117,124,2691,1417,1274,99567
117,125,1573,780,793,67481.7
117,126,164,73,91,6428.8
117,127,904,458,446,34442.4
118,19,18,11,7,858.6
118,20,88,46,42,4681.6
118,21,1,1,0,0
118,24,15,6,9,901.5
118,25,25,15,10,987.5
118,26,13,8,5,577.2
118,27,2,1,1,0
118,34,3,2,1,0
118,35,16,9,7,732.8
118,36,19,9,10,904.4
118,37,27,15,12,1158.3
118,38,16,9,7,518.4
118,39,311,153,158,11507
118,40,8,3,5,328.8
118,41,29,17,12,1426.8
118,42,413,208,205,15900.5
118,43,83,41,42,2938.2
118,44,23,13,10,775.1
118,45,11,2,9,385
118,46,23,10,13,1076.4
118,47,83,46,37,2913.3
118,48,1719,867,852,63431.1
118,49,1667,864,803,64346.2
118,50,367,192,175,13946
118,51,180,97,83,7524
118,52,54,28,26,2916
118,54,4,2,2,0
118,55,17,7,10,482.8
118,57,7,6,1,189
118,59,19,11,8,708.7
118,64,2,2,0,0
118,65,44,20,24,1262.8
118,66,30,11,19,1077
118,68,37,15,22,1864.8
118,69,11,5,6,550
118,70,7,4,3,273.7
118,72,1,1,0,0
118,73,18,8,10,799.2
118,74,17,8,9,819.4
118,75,1,1,0,0
118,76,3,2,1,0
118,77,9,4,5,260.1
118,78,5,2,3,157
118,79,4,1,3,0
118,80,4,2,2,0
118,85,8,4,4,331.2
118,86,3,2,1,0
118,87,17,9,8,593.3
118,88,8,5,3,232
118,89,14,8,6,534.8
118,90,54,28,26,1544.4
118,91,227,127,100,6787.3
118,92,1358,682,676,51468.2
118,93,65,29,36,2385.5
118,94,10,6,4,271
118,100,24,12,12,1053.6
118,101,77,44,33,3149.3
118,102,43,25,18,1302.9
118,104,115,79,36,3990.5
118,105,17,12,5,572.9
118,106,10,3,7,528
118,117,1,1,0,0
118,118,41,20,21,1615.4
118,119,30,13,17,1128
118,120,3036,1508,1528,120225.6
118,121,3480,1716,1764,137460
118,122,1921,894,1027,84908.2
118,123,2896,1489,1407,107731.2
118,124,277,145,132,9141
118,127,128,78,50,4915.2
119,21,3,2,1,0
119,22,1,1,0,0
119,25,6,3,3,345
119,26,16,8,8,681.6
119,27,5,2,3,369
119,36,7,5,2,259.7
119,37,4,3,1,0
119,38,62,28,34,2473.8
119,39,200,105,95,8400
119,40,4,3,1,0
119,41,5,3,2,183
119,42,212,105,107,7928.8
119,43,58,26,32,2314.2
119,44,14,9,5,481.6
119,45,2,1,1,0
119,46,33,14,19,1247.4
119,47,147,77,70,6394.5
119,48,1301,656,645,48397.2
119,49,2007,969,1038,89311.5
119,50,1561,790,771,61971.7
119,51,906,458,448,33793.8
119,52,257,124,133,9226.3
119,55,4,1,3,0
119,56,5,3,2,293
119,58,9,4,5,371.7
119,59,6,3,3,253.8
119,65,32,15,17,1289.6
119,66,12,7,5,435.6
119,67,2,2,0,0
119,69,2,0,2,0
119,76,4,2,2,0
119,79,7,5,2,371.7
119,80,10,7,3,535
119,81,5,3,2,173
119,82,7,5,2,154
119,83,4,3,1,0
119,84,5,2,3,178
119,85,5,2,3,245
119,87,160,71,89,7952
119,88,604,306,298,21019.2
119,89,69,35,34,2014.8
119,90,19,13,6,704.9
119,91,43,22,21,1586.7
119,92,107,54,53,4290.7
119,93,207,114,93,8942.4
119,94,7,3,4,301.7
119,99,9,4,5,335.7
119,100,127,58,69,5016.5
119,101,342,178,164,12996
119,102,189,107,82,7654.5
119,103,47,23,24,1950.5
119,105,5,2,3,183
119,107,5,2,3,100
119,109,1,0,1,0
119,116,11,4,7,402.6
119,117,15,9,6,744
119,118,19,10,9,779
119,119,12,5,7,561.6
119,120,241,121,120,9615.9
119,121,309,157,152,12761.7
119,122,244,128,116,8906
119,123,2501,1287,1214,94287.7
119,124,1693,881,812,62641
119,125,843,407,436,32034
119,126,78,41,37,3127.8
119,127,97,60,37,3899.4
120,20,1,0,1,0
120,21,5,3,2,309
120,23,3,2,1,0
120,36,8,4,4,352
120,37,41,24,17,1775.3
120,38,29,14,15,1226.7
120,39,3,1,2,0
120,40,30,18,12,1122
120,41,21,8,13,693
120,42,412,230,182,16438.8
120,43,39,21,18,1427.4
120,44,25,13,12,962.5
120,45,23,10,13,972.9
120,46,29,17,12,1177.4
120,47,31,14,17,1426
120,48,707,349,358,26088.3
120,49,336,173,163,13171.2
120,50,284,151,133,11274.8
120,51,235,100,135,12314
120,52,22,11,11,499.4
120,56,8,4,4,272
120,57,41,21,20,1586.7
120,58,1,0,1,0
120,64,3,2,1,0
120,65,21,11,10,686.7
120,66,10,5,5,432
120,67,4,2,2,0
120,69,11,7,4,610.5
120,72,2,2,0,0
120,73,1,1,0,0
120,75,9,5,4,548.1
120,81,41,26,15,1672.8
120,82,27,14,13,1217.7
120,83,7,3,4,356.3
120,85,16,9,7,763.2
120,86,19,10,9,625.1
120,87,298,160,138,11830.6
120,88,550,270,280,22165
120,90,7,3,4,368.9
120,91,2,1,1,0
120,92,10,5,5,526
120,93,31,18,13,1388.8
120,94,62,34,28,2523.4
120,95,22,12,10,816.2
120,96,2,0,2,0
120,98,1,1,0,0
120,99,12,9,3,459.6
120,100,723,368,355,28197
120,101,389,194,195,13459.4
120,102,3,3,0,0
120,120,5,2,3,210
120,121,80,44,36,3864
120,122,1158,561,597,41224.8
120,123,3210,1610,1600,112671
120,124,2002,1016,986,80880.8
120,125,2546,1280,1266,90892.2
120,126,3288,1648,1640,121656
120,127,856,420,436,30730.4
121,38,4,2,2,0
121,39,55,32,23,2035
121,40,23,12,11,1104
121,41,61,29,32,2842.6
121,42,50,28,22,1865
121,43,16,10,6,756.8
121,44,10,6,4,562
121,45,26,15,11,855.4
121,46,380,192,188,14934
121,47,370,202,168,13838
121,48,891,462,429,33412.5
121,49,2093,1040,1053,82882.8
121,50,2429,1198,1231,90844.6
121,51,1424,672,752,57672
121,52,129,66,63,5121.3
121,54,10,7,3,339
121,55,25,12,13,1055
121,56,9,3,6,496.8
121,58,15,7,8,595.5
121,59,12,8,4,495.6
121,60,1,1,0,0
121,64,6,3,3,259.2
121,65,12,6,6,432
121,66,19,12,7,680.2
121,67,2,2,0,0
121,69,1,1,0,0
121,74,5,3,2,196
121,75,7,4,3,196.7
121,80,5,3,2,301
121,81,12,7,5,589.2
121,82,6,2,4,223.8
121,83,45,26,19,1548
121,84,8,3,5,352
121,85,5,4,1,168
121,86,2,1,1,0
121,87,303,148,155,10423.2
121,88,6,2,4,222
121,89,4,0,4,0
121,90,6,4,2,262.8
121,91,19,12,7,722
121,93,7,4,3,196.7
121,94,44,25,19,1474
121,95,28,15,13,1296.4
121,96,19,12,7,1024.1
121,97,12,5,7,544.8
121,98,4,1,3,0
121,99,1054,532,522,44900.4
121,100,523,271,252,21756.8
121,101,11,7,4,426.8
121,107,5,2,3,264
121,121,6,3,3,388.2
121,122,1801,921,880,74201.2
121,123,2970,1487,1483,113454
121,124,4643,2277,2366,188041.5
121,125,2837,1469,1368,104117.9
121,126,1254,588,666,51414
121,127,149,80,69,6198.4
122,30,1,1,0,0
122,33,6,3,3,234
122,34,18,9,9,1101.6
122,35,49,30,19,2190.3
122,36,13,8,5,538.2
122,37,12,7,5,481.2
122,38,11,6,5,335.5
122,39,5,3,2,88
122,40,3,1,2,0
122,41,26,11,15,1086.8
122,42,16,6,10,699.2
122,45,6,3,3,438
122,46,62,35,27,2343.6
122,47,272,139,133,9574.4
122,48,2,2,0,0
122,49,2043,1048,995,88461.9
122,50,3285,1547,1738,165235.5
122,51,2593,1219,1374,110202.5
122,52,1199,574,625,53475.4
122,54,6,2,4,411
122,55,9,3,6,361.8
122,56,12,6,6,595.2
122,59,5,4,1,134
122,60,1,1,0,0
122,61,5,2,3,202
122,62,6,3,3,430.8
122,66,28,15,13,1044.4
122,67,16,8,8,838.4
122,72,6,4,2,363
122,73,18,9,9,552.6
122,74,41,20,21,1508.8
122,75,2,1,1,0
122,79,19,9,10,689.7
122,80,22,11,11,968
122,81,59,36,23,2430.8
122,82,4,3,1,0
122,83,34,17,17,1047.2
122,84,3,1,2,0
122,85,867,454,413,29478
122,86,487,237,250,19333.9
122,87,1076,512,564,47344
122,88,6,5,1,124.2
122,89,4,3,1,0
122,90,3,1,2,0
122,91,18,11,7,658.8
122,92,12,8,4,452.4
122,94,22,13,9,1181.4
122,97,1,1,0,0
122,98,37,22,15,1224.7
122,99,541,256,285,18556.3
122,100,306,146,160,9792
122,101,20,12,8,794
122,122,3089,1521,1568,125104.5
122,123,865,405,460,36503
122,124,1856,942,914,72569.6
122,125,2432,1220,1212,98739.2
122,126,341,158,183,14049.2
122,127,787,408,379,24318.3
123,34,30,13,17,1323
123,35,32,15,17,1513.6
123,36,144,74,70,6422.4
123,37,34,16,18,1397.4
123,38,2,2,0,0
123,39,24,12,12,1044
123,40,40,20,20,1488
123,41,33,14,19,1270.5
123,43,4,2,2,0
123,44,2,1,1,0
123,45,21,12,9,945
123,46,118,68,50,4590.2
123,47,1019,522,497,39027.7
123,48,218,105,113,8850.8
123,49,939,496,443,36245.4
123,50,596,315,281,21992.4
123,51,888,415,473,35608.8
123,52,716,362,354,30286.8
123,53,454,230,224,15299.8
123,54,15,9,6,585
123,55,12,7,5,606
123,56,13,7,6,583.7
123,57,6,4,2,303
123,61,12,8,4,564
123,62,1,1,0,0
123,64,4,2,2,0
123,65,12,7,5,444
123,66,12,7,5,367.2
123,67,44,22,22,1949.2
123,70,8,3,5,328.8
123,71,8,6,2,466.4
123,72,38,20,18,1428.8
123,73,34,20,14,1530
123,74,34,20,14,1081.2
123,75,3,1,2,0
123,76,7,3,4,160.3
123,78,21,13,8,741.3
123,79,14,8,6,666.4
123,80,46,23,23,1757.2
123,81,10,5,5,458
123,82,2,1,1,0
123,83,18,7,11,876.6
123,84,25,14,11,1100
123,85,14,9,5,478.8
123,86,322,162,160,13974.8
123,87,1308,632,676,56374.8
123,88,20,9,11,758
123,89,16,7,9,822.4
123,90,15,7,8,721.5
123,91,7,4,3,245
123,94,20,12,8,882
123,95,2,1,1,0
123,97,10,5,5,512
123,98,34,15,19,1390.6
123,99,125,61,64,5025
123,100,13,7,6,517.4
123,121,115,65,50,4174.5
123,122,970,466,504,36957
123,123,2050,1058,992,77080
123,124,2309,1153,1156,102288.7
123,125,4894,2451,2443,222187.6
123,126,1147,609,538,49206.3
123,127,833,423,410,27655.6
124,34,10,6,4,478
124,35,1,0,1,0
124,36,37,21,16,1679.8
124,37,151,74,77,6402.4
124,38,105,53,52,4326
124,39,16,9,7,750.4
124,40,23,10,13,864.8
124,41,60,34,26,2700
124,42,15,7,8,862.5
124,43,5,3,2,364
124,44,32,21,11,1251.2
124,45,36,22,14,1562.4
124,46,95,56,39,3695.5
124,47,585,267,318,25564.5
124,48,1662,848,814,61992.6
124,49,323,155,168,13178.4
124,50,1056,525,531,43718.4
124,51,1134,576,558,45927
124,52,133,64,69,5253.5
124,53,8,5,3,438.4
124,54,23,13,10,1076.4
124,55,20,13,7,748
124,56,35,23,12,1288
124,57,27,15,12,1358.1
124,58,3,1,2,0
124,60,9,6,3,226.8
124,61,8,4,4,407.2
124,62,14,8,6,483
124,64,1,0,1,0
124,65,5,3,2,208
124,67,4,2,2,0
124,68,18,10,8,781.2
124,69,2,2,0,0
124,70,9,6,3,423
124,71,7,4,3,189.7
124,72,16,10,6,553.6
124,73,5,1,4,190
124,74,3,2,1,0
124,75,46,21,25,1688.2
124,76,29,15,14,1151.3
124,77,11,6,5,491.7
124,78,24,13,11,1044
124,79,17,9,8,579.7
124,80,2,1,1,0
124,81,5,2,3,176
124,82,21,11,10,869.4
124,83,229,123,106,8404.3
124,84,332,180,152,12250.8
124,85,58,32,26,2296.8
124,86,26,12,14,936
124,87,18,9,9,817.2
124,88,16,8,8,496
124,89,22,12,10,732.6
124,90,24,14,10,832.8
124,91,43,23,20,1578.1
124,92,30,18,12,1029
124,93,9,5,4,322.2
124,94,13,5,8,600.6
124,95,6,3,3,148.8
124,97,25,15,10,980
124,98,40,20,20,1732
124,99,50,28,22,1955
124,100,6,3,3,268.2
124,115,66,35,31,2204.4
124,116,41,19,22,1373.5
124,120,180,92,88,6210
124,121,492,254,238,22090.8
124,122,2115,1085,1030,77409
124,123,47,24,23,2129.1
124,124,2186,1119,1067,79789
124,125,2229,1105,1124,86708.1
124,126,521,261,260,19381.2
124,127,38,17,21,1789.8
125,32,1,0,1,0
125,33,3,1,2,0
125,34,4,3,1,0
125,35,19,12,7,824.6
125,36,2,1,1,0
125,39,169,85,84,7064.2
125,40,193,97,96,7662.1
125,41,42,22,20,1474.2
125,42,28,14,14,1220.8
125,43,9,4,5,487.8
125,44,3,2,1,0
125,46,530,267,263,22419
125,47,1589,777,812,66579.1
125,48,1430,684,746,56342
125,49,8,5,3,356
125,50,16,7,9,694.4
125,51,99,47,52,4138.2
125,52,197,105,92,8293.7
125,53,496,239,257,20286.4
125,54,44,22,22,1399.2
125,55,33,16,17,1188
125,56,30,17,13,1026
125,57,13,7,6,613.6
125,58,31,16,15,1249.3
125,59,7,2,5,279.3
125,60,243,122,121,8140.5
125,61,7,4,3,282.1
125,62,4,2,2,0
125,65,10,5,5,376
125,66,12,5,7,384
125,67,23,13,10,1028.1
125,68,15,8,7,628.5
125,69,66,33,33,2369.4
125,70,12,6,6,447.6
125,71,29,17,12,1322.4
125,72,22,11,11,541.2
125,73,12,6,6,345.6
125,75,14,7,7,473.2
125,76,33,13,20,1105.5
125,77,12,9,3,502.8
125,78,47,27,20,2096.2
125,79,4,3,1,0
125,80,7,4,3,452.9
125,81,11,7,4,504.9
125,82,32,17,15,1315.2
125,83,332,179,153,10989.2
125,84,479,244,235,17435.6
125,85,347,172,175,12700.2
125,86,5,2,3,197
125,87,24,10,14,602.4
125,88,17,8,9,542.3
125,89,24,14,10,1027.2
125,90,3,2,1,0
125,91,21,12,9,844.2
125,92,3,1,2,0
125,93,7,4,3,329
125,96,3,1,2,0
125,97,12,7,5,550.8
125,98,24,14,10,933.6
125,99,43,25,18,1827.5
125,100,13,7,6,611
125,102,3,3,0,0
125,104,23,12,11,961.4
125,105,2,1,1,0
125,113,131,65,66,5502
125,114,622,321,301,22951.8
125,115,293,151,142,10899.6
125,116,72,39,33,2786.4
125,117,38,26,12,1691
125,118,849,412,437,27083.1
125,119,1250,623,627,35625
125,120,255,129,126,9817.5
125,121,12,7,5,669.6
125,126,8,4,4,180
125,127,4,3,1,0
126,28,1,0,1,0
126,31,2,1,1,0
126,33,36,19,17,1796.4
126,34,11,5,6,498.3
126,35,97,53,44,3850.9
126,36,8,4,4,240.8
126,37,6,2,4,322.2
126,38,6,4,2,291
126,39,223,110,113,10012.7
126,40,259,142,117,10126.9
126,41,882,446,436,34839
126,42,182,91,91,6916
126,43,23,12,11,864.8
126,44,3,2,1,0
126,45,452,232,220,19616.8
126,46,1187,582,605,46411.7
126,47,1000,476,524,41000
126,48,1059,559,500,36747.3
126,49,131,60,71,5305.5
126,50,4,1,3,0
126,55,18,10,8,739.8
126,56,154,73,81,6221.6
126,57,111,58,53,4295.7
126,58,44,25,19,1425.6
126,59,12,5,7,488.4
126,60,81,38,43,3013.2
126,61,10,5,5,514
126,63,23,14,9,995.9
126,64,10,4,6,333
126,65,7,4,3,322
126,66,19,10,9,862.6
126,67,43,22,21,1986.6
126,68,36,18,18,1288.8
126,69,40,20,20,1444
126,70,1108,532,576,44320
126,71,548,269,279,22194
126,72,17,10,7,579.7
126,73,38,19,19,1314.8
126,74,14,8,6,670.6
126,75,32,14,18,1152
126,76,20,13,7,738
126,77,57,29,28,2337
126,78,1,1,0,0
126,79,23,11,12,961.4
126,80,57,31,26,2046.3
126,81,21,13,8,1129.8
126,82,541,283,258,21640
126,83,1462,732,730,58041.4
126,84,273,141,132,11384.1
126,85,12,5,7,549.6
126,86,11,7,4,367.4
126,87,3,1,2,0
126,89,46,26,20,1757.2
126,90,19,10,9,887.3
126,91,17,8,9,564.4
126,92,14,7,7,476
126,93,2,2,0,0
126,97,6,4,2,316.8
126,98,15,9,6,598.5
126,99,13,7,6,400.4
126,100,2,1,1,0
126,102,14,8,6,499.8
126,103,97,44,53,3744.2
126,104,228,113,115,8527.2
126,105,4,1,3,0
126,111,210,106,104,7308
126,112,21,10,11,783.3
126,113,11,5,6,377.3
126,116,5,3,2,230
126,117,24,14,10,705.6
126,118,150,86,64,5280
126,119,45,20,25,1390.5
126,123,340,182,158,12036
126,124,33,20,13,1280.4
126,125,46,22,24,1421.4
126,126,11,4,7,324.5
126,127,24,13,11,811.2
127,28,79,36,43,4139.6
127,29,17,7,10,897.6
127,30,13,7,6,434.2
127,31,2,1,1,0
127,32,2,1,1,0
127,33,12,6,6,613.2
127,34,3,2,1,0
127,37,18,9,9,867.6
127,38,5,3,2,261
127,39,55,34,21,2040.5
127,40,94,47,47,3581.4
127,41,193,94,99,6465.5
127,42,5,3,2,132
127,43,4,2,2,0
127,44,22,12,10,1005.4
127,45,170,96,74,7497
127,47,8,5,3,295.2
127,48,320,159,161,11040
127,49,148,75,73,4839.6
127,50,23,13,10,890.1
127,51,17,9,8,642.6
127,52,29,14,15,1157.1
127,53,2,1,1,0
127,54,10,4,6,442
127,56,10,5,5,469
127,57,58,30,28,2012.6
127,58,4,2,2,0
127,60,6,3,3,211.8
127,61,40,20,20,1612
127,62,15,8,7,729
127,63,2,2,0,0
127,64,16,9,7,488
127,66,34,15,19,1448.4
127,67,48,29,19,1742.4
127,68,35,18,17,1053.5
127,69,67,34,33,2391.9
127,70,109,40,69,5842.4
127,71,60,29,31,2436
127,72,10,5,5,353
127,73,13,6,7,434.2
127,74,28,14,14,960.4
127,75,17,7,10,707.2
127,76,32,15,17,1491.2
127,77,50,32,18,1815
127,78,28,11,17,627.2
127,79,89,48,41,3551.1
127,80,19,11,8,948.1
127,81,81,40,41,3240
127,82,1287,594,693,57271.5
127,83,1772,841,931,86119.2
127,84,455,224,231,17836
127,85,19,8,11,763.8
127,86,15,7,8,634.5
127,87,47,21,26,1513.4
127,88,62,33,29,1909.6
127,89,45,23,22,1665
127,90,16,10,6,585.6
127,91,12,5,7,560.4
127,92,31,18,13,1224.5
127,95,4,1,3,0
127,96,6,2,4,238.2
127,97,6,3,3,202.8
127,99,3,3,0,0
127,100,14,7,7,712.6
127,101,37,15,22,1461.5
127,102,129,69,60,4592.4
127,103,307,145,162,15012.3
127,104,23,12,11,917.7
127,105,14,7,7,651
127,110,793,392,401,26803.4
127,111,1716,883,833,65208
127,112,5,2,3,191
127,119,59,33,26,2625.5
127,120,142,79,63,5154.6
127,121,183,93,90,7137
127,122,344,168,176,14241.6
127,123,150,74,76,5595
127,124,101,53,48,4433.9
127,125,38,23,15,1565.6
127,126,4,1,3,0
127,127,29,15,14,1481.9