x,y,p,m,f,ta
2,106,4,2,2,0
2,107,4,4,0,0
3,106,68,42,26,2917.2
3,107,37,21,16,1909.2
3,116,2,1,1,0
4,107,129,64,65,5856.6
4,108,11,9,2,531.3
4,115,2,1,1,0
4,118,1,0,1,0
4,119,3,1,2,0
5,107,42,21,21,1890
5,108,213,108,105,9755.4
5,109,27,14,13,1593
5,119,1,1,0,0
6,108,1,0,1,0
6,109,27,16,11,1117.8
6,115,1,1,0,0
6,116,2,1,1,0
7,111,2,2,0,0
7,112,185,96,89,8954
7,113,121,65,56,5203
7,124,1,1,0,0
8,112,25,14,11,930
8,113,94,47,47,3647.2
9,113,8,4,4,356.8
9,114,37,17,20,1535.5
9,125,1,1,0,0
10,125,4,2,2,0
10,126,1,0,1,0
10,127,1,1,0,0
11,119,7,5,2,387.1
11,120,16,7,9,905.6
11,121,15,8,7,841.5
11,122,27,14,13,1317.6
11,124,4,1,3,0
11,126,3,1,2,0
12,120,13,9,4,510.9
12,121,8,4,4,239.2
12,122,30,17,13,1104
13,120,46,22,24,2189.6
13,121,22,12,10,743.6
14,125,9,4,5,438.3
14,126,40,19,21,1640
14,127,7,3,4,259
15,124,17,10,7,899.3
15,125,27,19,8,1225.8
18,123,16,7,9,718.4
19,0,10,5,5,665
19,123,15,7,8,684
20,0,1,0,1,0
23,1,13,6,7,300.3
24,0,14,7,7,652.4
24,1,1,1,0,0
25,0,2,1,1,0
25,1,1,1,0,0
26,126,2,2,0,0
26,127,68,32,36,2522.8
27,0,6,4,2,283.8
27,127,338,175,163,12776.4
30,1,3,2,1,0
30,2,1,1,0,0
31,1,29,14,15,925.1
31,2,1,0,1,0
32,1,32,18,14,1564.8
32,2,4,2,2,0
32,4,2,0,2,0
33,1,5,2,3,313
33,2,36,20,16,1616.4
33,41,20,10,10,720
34,25,1,1,0,0
34,26,3,2,1,0
35,3,5,1,4,324
35,4,18,9,9,829.8
35,26,5,3,2,345
35,27,1,1,0,0
36,3,31,16,15,1351.6
40,8,2,0,2,0
40,52,77,37,40,2864.4
40,54,3,2,1,0
41,52,1,1,0,0
41,53,1,1,0,0
42,3,11,7,4,543.4
42,8,3,2,1,0
42,22,31,17,14,1150.1
42,23,2,1,1,0
42,55,3,2,1,0
43,3,18,13,5,644.4
43,4,14,8,6,588
43,5,24,13,11,1044
43,8,9,5,4,429.3
43,22,48,23,25,2064
43,23,124,66,58,5059.2
43,24,13,7,6,382.2
43,25,1,1,0,0
44,4,1,1,0,0
44,5,8,5,3,479.2
44,24,21,13,8,921.9
44,25,7,4,3,469.7
44,38,2,1,1,0
44,39,1,1,0,0
44,54,2,1,1,0
44,56,11,7,4,589.6
45,10,123,64,59,5571.9
45,11,373,170,203,14211.3
45,12,7,4,3,287
45,18,4,1,3,0
45,19,28,17,11,1274
45,25,12,11,1,435.6
46,6,2,1,1,0
46,7,1,1,0,0
46,9,12,6,6,429.6
46,11,100,55,45,4220
46,12,111,59,52,4340.1
46,13,1,1,0,0
46,14,6,3,3,328.8
46,15,23,8,15,1147.7
46,16,23,12,11,933.8
46,18,12,6,6,771.6
46,19,10,4,6,249
46,20,20,8,12,986
46,21,3,2,1,0
46,22,3,2,1,0
47,6,7,2,5,282.8
47,7,1,0,1,0
47,15,3,2,1,0
47,16,3,2,1,0
47,21,21,9,12,1014.3
47,22,41,22,19,1779.4
47,23,1,0,1,0
48,22,18,10,8,959.4
48,23,47,20,27,2256
48,24,24,8,16,1171.2
49,10,4,1,3,0
49,11,3,2,1,0
49,12,14,7,7,655.2
49,23,20,10,10,852
49,24,6,4,2,252
50,3,1,1,0,0
51,4,13,7,6,747.5
51,21,17,8,9,851.7
52,7,5,3,2,298
53,11,2,1,1,0
53,12,7,3,4,359.8
53,15,2,1,1,0
53,16,18,12,6,1000.8
53,17,2,1,1,0
53,18,1,0,1,0
53,23,6,2,4,343.8
54,7,8,5,3,360.8
54,13,8,3,5,567.2
54,20,1,1,0,0
55,10,6,3,3,184.8
55,11,4,2,2,0
55,14,2,1,1,0
55,15,18,8,10,847.8
55,21,1,0,1,0
55,22,1,0,1,0
55,28,18,11,7,894.6
55,50,18,7,11,1067.4
56,11,3,2,1,0
56,19,19,9,10,1031.7
56,24,2,1,1,0
56,49,1,1,0,0
56,50,26,13,13,855.4
57,15,16,8,8,888
57,17,9,4,5,460.8
57,18,32,17,15,1142.4
57,19,22,8,14,1315.6
57,20,19,9,10,402.8
57,28,1,0,1,0
58,14,1,0,1,0
58,15,24,10,14,1344
58,17,9,5,4,387.9
58,18,15,9,6,691.5
58,19,14,9,5,519.4
58,20,56,24,32,2296
58,21,47,23,24,2256
59,15,2,1,1,0
59,21,5,4,1,334
59,27,5,1,4,198
59,37,10,9,1,389
60,28,3,1,2,0
60,30,24,14,10,1020
60,31,7,3,4,228.2
60,37,46,24,22,1596.2
60,38,2418,1183,1235,104215.8
60,39,20,9,11,1106
61,16,13,8,5,570.7
61,17,2,1,1,0
61,28,4,2,2,0
61,29,10,7,3,422
61,30,3,2,1,0
61,31,17,8,9,695.3
61,37,18,10,8,754.2
61,38,3396,1639,1757,137877.6
61,39,1739,917,822,76863.8
61,40,89,48,41,3809.2
61,41,71,34,37,2364.3
61,51,6,4,2,370.8
62,28,1,1,0,0
62,29,4,3,1,0
62,37,7,4,3,277.2
62,38,3181,1569,1612,133283.9
62,39,2631,1302,1329,105766.2
62,40,2078,995,1083,92886.6
62,41,112,60,52,4771.2
63,28,4,1,3,0
63,29,1,1,0,0
63,30,3,2,1,0
63,37,562,281,281,20456.8
63,38,169,88,81,5965.7
63,39,2141,1045,1096,81143.9
63,40,2505,1196,1309,105460.5
63,41,1114,568,546,40772.4
64,29,8,2,6,438.4
64,37,1025,502,523,37515
64,38,2245,1147,1098,73187
64,39,731,345,386,27485.6
64,40,564,294,270,20473.2
64,41,14,8,6,652.4
64,42,1098,549,549,38430
64,43,56,33,23,2083.2
65,27,3,1,2,0
65,28,15,10,5,577.5
65,29,19,9,10,1016.5
65,32,6,2,4,315
65,33,1,1,0,0
65,37,57,32,25,1812.6
65,38,2448,1251,1197,83966.4
65,43,63,37,26,2047.5
66,27,3,2,1,0
66,32,13,4,9,556.4
66,33,20,10,10,862
66,38,1784,901,883,66186.4
66,43,8,5,3,468.8
66,44,11,6,5,629.2
67,8,5,2,3,287
67,27,28,13,15,1302
67,38,1733,869,864,58922
67,39,380,198,182,15960
67,40,2,1,1,0
67,41,8,5,3,328
67,42,8,7,1,184
67,43,2,1,1,0
67,45,27,12,15,901.8
68,8,9,6,3,399.6
68,9,36,19,17,1900.8
68,10,4,1,3,0
68,11,8,4,4,450.4
68,27,2,1,1,0
68,30,26,14,12,1284.4
68,33,41,20,21,1886
68,38,827,411,416,25058.1
68,39,1438,738,700,52487
68,40,134,73,61,5869.2
68,42,10,6,4,468
68,45,9,4,5,207
68,46,62,33,29,2213.4
69,7,8,3,5,347.2
69,8,65,32,33,2730
69,9,5,4,1,278
69,10,1,1,0,0
69,11,9,6,3,532.8
69,12,4,3,1,0
69,15,2,2,0,0
69,31,9,6,3,363.6
69,33,53,31,22,2098.8
69,38,216,108,108,6501.6
69,39,1497,737,760,56586.6
69,40,997,505,492,35493.2
69,43,9,6,3,492.3
69,46,13,7,6,468
69,47,32,11,21,1280
69,48,57,29,28,1806.9
70,7,6,2,4,337.2
70,8,97,49,48,4141.9
70,28,12,7,5,333.6
70,29,3,2,1,0
70,30,19,11,8,841.7
70,33,68,35,33,2631.6
70,38,53,25,28,1839.1
70,39,1231,662,569,42469.5
70,40,1129,552,577,38837.6
70,43,12,7,5,618
70,48,10,5,5,410
70,49,9,3,6,340.2
71,7,15,8,7,730.5
71,8,2,0,2,0
71,30,13,5,8,503.1
71,31,81,42,39,2681.1
71,32,92,46,46,3965.2
71,33,174,90,84,7377.6
71,34,59,29,30,1834.9
71,39,563,306,257,16721.1
71,40,30,14,16,855
71,43,23,12,11,818.8
71,49,146,83,63,5694
71,50,11,4,7,302.5
71,52,11,6,5,256.3
71,53,17,7,10,549.1
72,6,13,7,6,578.5
72,7,11,5,6,570.9
72,31,17,8,9,698.7
72,32,17,10,7,528.7
72,33,19,10,9,853.1
72,34,9,6,3,360
72,39,92,45,47,3082
72,40,86,43,43,3680.8
72,41,10,3,7,468
72,42,28,13,15,924
72,43,8,3,5,419.2
72,49,7,4,3,261.1
72,50,177,90,87,5734.8
72,51,40,25,15,1856
72,52,56,28,28,2228.8
72,53,1,1,0,0
73,6,10,6,4,471
73,7,27,15,12,1290.6
73,29,9,4,5,192.6
73,30,19,7,12,830.3
73,31,6,3,3,384
73,33,1,1,0,0
73,40,48,25,23,1790.4
73,43,6,2,4,321
73,50,5,3,2,232
73,51,27,13,14,1009.8
73,52,10,5,5,416
74,6,4,2,2,0
74,7,28,11,17,1178.8
74,29,4,2,2,0
74,30,11,6,5,531.3
74,33,14,9,5,683.2
74,34,6,3,3,274.8
75,6,12,7,5,550.8
75,7,10,5,5,499
75,33,44,24,20,1548.8
75,34,6,2,4,390
75,35,21,9,12,821.1
75,39,16,9,7,595.2
75,40,27,15,12,999
75,41,1,1,0,0
75,58,4,1,3,0
75,62,7,3,4,308.7
75,63,6,3,3,252
75,98,2,1,1,0
76,6,15,7,8,808.5
76,7,23,13,10,1200.6
76,34,9,3,6,386.1
76,36,70,34,36,2807
76,37,114,61,53,4491.6
76,38,63,37,26,2570.4
76,39,920,476,444,30636
76,40,1775,874,901,64787.5
76,41,216,110,106,7192.8
76,42,130,71,59,4511
76,62,25,13,12,1412.5
76,63,47,24,23,2115
76,64,2,1,1,0
77,5,10,4,6,662
77,6,39,19,20,1875.9
77,7,13,8,5,543.4
77,28,12,6,6,570
77,36,33,17,16,1221
77,37,21,12,9,770.7
77,40,248,133,115,9399.2
77,41,73,37,36,2270.3
77,43,3,1,2,0
77,45,3,1,2,0
77,55,24,11,13,931.2
77,56,11,4,7,500.5
77,62,2,1,1,0
77,63,2,1,1,0
77,64,3,2,1,0
77,65,34,16,18,1462
78,0,18,9,9,847.8
78,2,4,2,2,0
78,4,13,7,6,517.4
78,5,47,21,26,2256
78,6,58,29,29,2424.4
78,33,6,4,2,348
78,46,18,13,5,833.4
78,55,71,37,34,2712.2
78,56,10,5,5,506
78,65,127,62,65,6426.2
78,81,1,0,1,0
78,88,86,44,42,3818.4
78,89,51,23,28,1759.5
78,100,6,3,3,159
79,1,5,2,3,296
79,2,3,2,1,0
79,4,12,6,6,609.6
79,5,13,5,8,694.2
79,39,1,1,0,0
79,40,1,1,0,0
79,56,3,2,1,0
79,65,15,7,8,633
79,66,26,13,13,1339
79,89,112,53,59,4726.4
79,97,4,3,1,0
79,99,15,10,5,429
79,100,64,31,33,3187.2
80,2,3,2,1,0
80,3,4,2,2,0
80,4,29,16,13,1331.1
80,30,3,1,2,0
80,33,3,1,2,0
80,37,4,2,2,0
80,38,22,14,8,862.4
80,39,14,8,6,637
80,40,25,12,13,1175
80,66,5,3,2,337
80,87,5,2,3,393
80,89,28,12,16,1187.2
80,94,4,2,2,0
80,96,1,1,0,0
80,97,7,3,4,469.7
80,100,6,3,3,363
81,1,4,3,1,0
81,37,13,6,7,652.6
81,38,71,36,35,2335.9
81,39,3,1,2,0
81,40,10,4,6,591
81,46,2,1,1,0
81,47,6,2,4,196.8
81,67,18,9,9,676.8
81,87,1,0,1,0
81,89,53,24,29,2056.4
81,94,2,1,1,0
81,97,3,2,1,0
81,103,1,1,0,0
82,38,2,0,2,0
82,39,4,3,1,0
82,62,4,1,3,0
82,67,4,2,2,0
82,68,7,3,4,203
82,89,45,22,23,2047.5
82,103,2,1,1,0
83,24,12,5,7,792
83,27,6,3,3,168
83,32,13,8,5,634.4
83,62,5,2,3,180
83,87,4,2,2,0
83,88,36,20,16,1882.8
83,89,18,8,10,536.4
83,95,4,2,2,0
83,105,15,7,8,768
84,13,2,1,1,0
84,23,1,0,1,0
84,24,6,3,3,295.2
84,28,6,3,3,475.2
84,29,16,8,8,636.8
84,32,7,3,4,305.2
84,33,6,5,1,189
84,39,2,1,1,0
84,40,1,0,1,0
84,62,7,4,3,230.3
84,103,7,3,4,266
84,105,1,0,1,0
85,21,3,2,1,0
85,22,3,1,2,0
85,23,2,1,1,0
85,29,17,11,6,649.4
85,30,10,6,4,461
85,33,8,5,3,248
85,34,3,1,2,0
85,39,2,1,1,0
85,40,6,4,2,210
85,62,2,2,0,0
85,81,4,3,1,0
85,82,1,0,1,0
85,103,2,0,2,0
85,109,3,3,0,0
85,110,5,2,3,197
85,111,1,0,1,0
86,15,13,7,6,715
86,17,1,1,0,0
86,18,20,11,9,916
86,23,6,3,3,408
86,29,26,13,13,1151.8
86,34,39,25,14,1337.7
86,35,3,2,1,0
86,82,10,4,6,506
86,91,2,1,1,0
86,95,6,4,2,280.2
86,110,1,1,0,0
86,111,7,3,4,196.7
86,112,34,14,20,1448.4
87,11,4,2,2,0
87,12,11,5,6,458.7
87,13,10,4,6,445
87,15,14,7,7,725.2
87,16,7,4,3,287
87,17,3,1,2,0
87,20,69,34,35,3450
87,21,9,3,6,405.9
87,22,2,2,0,0
87,29,8,5,3,344
87,30,6,4,2,300
87,33,1,1,0,0
87,40,13,5,8,444.6
87,41,10,6,4,521
87,62,2,1,1,0
87,71,3,2,1,0
87,72,3,1,2,0
87,83,1,1,0,0
87,90,13,7,6,747.5
87,95,10,6,4,410
87,96,5,2,3,130
87,103,2,1,1,0
87,104,2,1,1,0
87,110,17,10,7,680
87,111,41,18,23,1389.9
88,5,3,2,1,0
88,11,16,11,5,795.2
88,12,5,4,1,242
88,15,6,3,3,214.8
88,16,11,6,5,577.5
88,19,7,3,4,207.9
88,20,183,81,102,8912.1
88,21,31,17,14,1457
88,31,1,0,1,0
88,32,5,3,2,257
88,33,102,53,49,4212.6
88,40,3,1,2,0
88,63,4,2,2,0
88,83,11,6,5,600.6
88,90,9,5,4,455.4
88,93,201,92,109,9286.2
88,94,5,4,1,257
88,95,16,9,7,588.8
88,104,3,2,1,0
88,110,60,32,28,2670
88,113,6,2,4,156
88,114,8,5,3,240
88,115,17,7,10,622.2
89,11,2,1,1,0
89,14,1,0,1,0
89,20,6,4,2,322.2
89,32,7,3,4,300.3
89,33,26,15,11,1149.2
89,43,1,1,0,0
89,62,2,1,1,0
89,83,25,13,12,1032.5
89,89,5,3,2,336
89,90,21,10,11,1142.4
89,92,75,45,30,3202.5
89,93,61,29,32,2598.6
89,95,13,7,6,663
89,104,3,2,1,0
89,106,1,0,1,0
89,109,6,5,1,226.8
89,110,34,19,15,1397.4
89,114,38,18,20,1824
89,115,6,3,3,330
90,84,6,1,5,354
90,85,5,3,2,261
90,90,3,2,1,0
90,95,22,14,8,1058.2
90,96,8,4,4,318.4
90,105,2,1,1,0
90,107,8,3,5,198.4
90,109,15,6,9,685.5
90,110,1,0,1,0
90,114,3,1,2,0
91,43,10,5,5,258
91,85,13,7,6,482.3
91,92,6,1,5,276
91,96,3,1,2,0
91,104,2,1,1,0
91,105,2,1,1,0
91,106,2,1,1,0
91,107,12,7,5,494.4
91,108,4,3,1,0
91,109,11,7,4,508.2
91,110,38,14,24,1656.8
92,18,1,0,1,0
92,38,23,9,14,995.9
92,43,1,0,1,0
92,64,1,1,0,0
92,70,2,2,0,0
92,85,2,0,2,0
92,86,10,5,5,579
92,91,3,1,2,0
92,92,1,0,1,0
92,103,10,5,5,370
92,106,2,1,1,0
92,107,10,5,5,525
92,110,14,8,6,712.6
92,115,1,1,0,0
92,116,5,4,1,182
92,118,2,1,1,0
93,30,4,3,1,0
93,31,3,2,1,0
93,37,14,7,7,379.4
93,38,22,12,10,748
93,39,36,18,18,1324.8
93,70,7,4,3,361.9
93,86,6,3,3,282
93,87,1,1,0,0
93,91,4,2,2,0
93,92,16,9,7,486.4
93,98,5,3,2,208
93,99,2,0,2,0
93,104,1,1,0,0
93,107,1,0,1,0
93,109,3,2,1,0
93,110,17,9,8,513.4
93,114,14,8,6,642.6
93,118,2,1,1,0
94,30,56,27,29,2581.6
94,36,20,12,8,982
94,37,16,8,8,721.6
94,38,24,13,11,998.4
94,39,59,29,30,2560.6
94,40,51,25,26,2111.4
94,87,11,7,4,652.3
94,88,2,1,1,0
94,92,14,8,6,551.6
94,93,16,7,9,641.6
94,94,2,1,1,0
94,100,8,6,2,384.8
94,101,7,4,3,263.2
94,106,2,2,0,0
94,109,42,26,16,1566.6
94,110,13,8,5,748.8
94,113,8,6,2,316.8
95,11,1,0,1,0
95,29,3,2,1,0
95,30,45,25,20,2205
95,35,22,12,10,1102.2
95,36,19,9,10,894.9
95,39,38,19,19,1132.4
95,40,167,92,75,6563.1
95,41,225,113,112,8910
95,43,30,17,13,1086
95,44,30,16,14,1176
95,87,2,1,1,0
95,88,6,3,3,424.2
95,89,1,1,0,0
95,90,6,3,3,465
95,91,4,3,1,0
95,93,18,10,8,669.6
95,101,7,5,2,259.7
95,102,4,3,1,0
95,104,2,1,1,0
95,107,35,15,20,1249.5
95,109,41,21,20,1853.2
95,110,21,8,13,791.7
95,113,5,4,1,104
96,10,1,1,0,0
96,36,14,8,6,656.6
96,40,45,25,20,2808
96,41,83,38,45,2722.4
96,43,6,3,3,220.8
96,44,3,2,1,0
96,89,21,12,9,852.6
96,91,15,7,8,544.5
96,102,3,1,2,0
96,105,8,4,4,396
96,106,20,8,12,1106
96,107,93,48,45,4398.9
96,110,1,0,1,0
96,111,8,4,4,292.8
96,113,2,1,1,0
97,36,33,18,15,1468.5
97,37,18,11,7,617.4
97,41,35,18,17,1172.5
97,45,3,2,1,0
97,46,18,8,10,698.4
97,60,8,4,4,306.4
97,73,1,1,0,0
97,92,123,62,61,4981.5
97,102,1,0,1,0
97,111,8,4,4,320
97,112,11,4,7,430.1
97,113,6,3,3,355.2
98,33,4,3,1,0
98,37,23,12,11,954.5
98,41,66,33,33,2904
98,43,2,1,1,0
98,45,7,4,3,422.8
98,46,11,7,4,469.7
98,47,16,8,8,667.2
98,48,4,2,2,0
98,83,1,1,0,0
98,92,33,14,19,1428.9
98,93,36,21,15,2102.4
98,104,1,1,0,0
98,105,3,2,1,0
98,106,5,3,2,274
98,110,6,3,3,178.8
98,111,25,13,12,1040
99,14,4,3,1,0
99,16,1,0,1,0
99,33,4,2,2,0
99,37,7,4,3,354.9
99,42,6,4,2,241.2
99,43,18,10,8,759.6
99,44,54,29,25,1938.6
99,45,52,24,28,2017.6
99,46,34,19,15,1411
99,48,4,1,3,0
99,49,6,4,2,399
99,93,14,5,9,715.4
99,105,1,0,1,0
99,106,21,8,13,924
99,107,7,3,4,328.3
99,110,2,1,1,0
99,111,6,3,3,396
100,1,21,10,11,896.7
100,29,1,1,0,0
100,36,5,4,1,189
100,37,5,2,3,240
100,45,2,1,1,0
100,46,21,13,8,615.3
100,47,13,8,5,572
100,48,15,11,4,670.5
100,49,1,1,0,0
100,84,2,1,1,0
100,88,1,0,1,0
100,95,15,8,7,796.5
100,96,14,6,8,544.6
101,0,39,18,21,1630.2
101,1,57,31,26,2171.7
101,2,48,23,25,1857.6
101,3,24,14,10,1046.4
101,4,18,10,8,739.8
101,5,180,100,80,7812
101,6,81,42,39,3993.3
101,7,24,14,10,993.6
101,19,6,1,5,133.8
101,33,5,3,2,200
101,34,4,1,3,0
101,37,43,24,19,2068.3
101,48,4,3,1,0
101,49,3,2,1,0
101,50,1,1,0,0
101,53,1,1,0,0
101,95,15,9,6,859.5
101,107,4,1,3,0
101,109,1,1,0,0
101,120,144,72,72,6480
101,121,36,20,16,1695.6
102,0,3,2,1,0
102,4,12,6,6,465.6
102,5,58,31,27,2888.4
102,6,91,47,44,3867.5
102,7,74,42,32,3137.6
102,8,54,28,26,1976.4
102,9,52,29,23,2402.4
102,34,34,16,18,1516.4
102,35,11,6,5,418
102,36,2,1,1,0
102,37,57,32,25,2223
102,49,2,1,1,0
102,50,3,1,2,0
102,51,10,4,6,413
102,96,1,1,0,0
102,109,17,10,7,899.3
102,120,14,9,5,441
102,122,7,3,4,387.1
103,4,2,2,0,0
103,5,12,5,7,595.2
103,8,7,3,4,347.2
103,9,14,8,6,596.4
103,10,45,22,23,1579.5
103,11,17,10,7,809.2
103,14,3,1,2,0
103,15,2,1,1,0
103,16,312,163,149,12604.8
103,17,38,19,19,1645.4
103,19,2,2,0,0
103,20,5,2,3,335
103,32,7,3,4,298.9
103,35,557,272,285,23059.8
103,36,946,466,480,40488.8
103,37,46,24,22,2189.6
103,38,2,1,1,0
103,50,15,6,9,502.5
103,96,4,2,2,0
103,121,7,3,4,231.7
104,0,2,1,1,0
104,2,6,3,3,343.8
104,3,7,3,4,380.8
104,4,6,3,3,261
104,10,4,3,1,0
104,11,43,21,22,1720
104,12,62,34,28,3199.2
104,13,59,28,31,2454.4
104,14,101,48,53,4050.1
104,15,107,55,52,4718.7
104,16,27,15,12,1136.7
104,17,295,172,123,12036
104,18,550,260,290,23155
104,20,66,35,31,2409
104,21,51,24,27,2330.7
104,27,2,2,0,0
104,31,2,1,1,0
104,32,67,37,30,2800.6
104,33,2,1,1,0
104,35,153,83,70,6548.4
104,36,993,487,506,42003.9
104,37,500,249,251,20750
104,38,1,1,0,0
104,39,23,12,11,768.2
104,40,20,12,8,790
104,63,1,1,0,0
104,67,1,1,0,0
104,99,1,1,0,0
104,109,9,6,3,354.6
104,119,15,8,7,577.5
104,122,5,2,3,275
104,123,18,5,13,849.6
104,124,2,1,1,0
104,126,7,2,5,389.2
105,0,4,2,2,0
105,1,1,1,0,0
105,12,3,2,1,0
105,13,5,3,2,235
105,16,5,3,2,306
105,17,88,46,42,3432
105,18,823,389,434,36047.4
105,20,29,14,15,1093.3
105,23,18,10,8,846
105,25,1,1,0,0
105,31,3,2,1,0
105,32,78,41,37,2901.6
105,33,140,62,78,5348
105,34,4,3,1,0
105,36,1004,467,537,49196
105,37,354,163,191,16567.2
105,38,2,1,1,0
105,39,20,12,8,670
105,40,29,14,15,1270.2
105,41,32,18,14,1388.8
105,42,2,1,1,0
105,119,14,6,8,659.4
105,120,5,3,2,220
105,123,9,5,4,383.4
105,124,33,16,17,1244.1
105,125,10,5,5,343
106,0,6,3,3,157.8
106,1,5,3,2,137
106,3,1,1,0,0
106,4,7,3,4,382.2
106,5,1,1,0,0
106,17,5,2,3,138
106,18,460,235,225,17572
106,19,8,5,3,547.2
106,34,33,16,17,1623.6
106,35,251,125,126,10793
106,36,524,271,253,20645.6
106,37,719,372,347,28400.5
106,39,17,11,6,676.6
106,40,55,28,27,2392.5
106,41,7,3,4,380.8
106,42,17,9,8,731
106,124,2,1,1,0
106,126,6,5,1,301.2
107,5,16,9,7,819.2
107,7,3,2,1,0
107,17,1,1,0,0
107,18,2,1,1,0
107,19,7,3,4,287
107,22,33,17,16,1524.6
107,23,18,9,9,734.4
107,24,5,3,2,292
107,34,20,11,9,830
107,35,61,36,25,2287.5
107,36,66,35,31,1933.8
107,37,12,7,5,342
107,39,13,5,8,586.3
107,40,12,5,7,445.2
107,41,18,8,10,741.6
107,42,3,2,1,0
107,43,12,7,5,453.6
107,44,13,7,6,301.6
107,58,4,3,1,0
107,60,95,56,39,3847.5
107,61,46,19,27,1968.8
107,67,1,0,1,0
107,98,1,1,0,0
107,110,2,1,1,0
107,111,6,3,3,430.2
107,117,2,1,1,0
107,124,1,1,0,0
107,126,16,6,10,681.6
108,6,6,2,4,196.2
108,17,7,2,5,501.2
108,18,8,3,5,451.2
108,19,27,16,11,1255.5
108,20,5,3,2,182
108,26,2,1,1,0
108,34,6,4,2,406.2
108,35,38,19,19,1565.6
108,40,11,4,7,511.5
108,41,6,3,3,318
108,43,1,1,0,0
108,45,23,13,10,926.9
108,46,12,4,8,469.2
108,56,15,8,7,604.5
108,57,30,16,14,1434
108,58,13,9,4,721.5
108,59,3,2,1,0
108,60,60,23,37,2550
108,61,3,1,2,0
108,67,4,2,2,0
108,119,5,3,2,109
108,127,19,11,8,566.2
109,4,4,3,1,0
109,5,4,2,2,0
109,6,7,4,3,412.3
109,25,51,26,25,2050.2
109,26,24,15,9,1051.2
109,28,1,1,0,0
109,33,42,19,23,1717.8
109,34,36,16,20,1522.8
109,35,19,10,9,799.9
109,41,24,12,12,703.2
109,42,10,6,4,296
109,43,9,4,5,273.6
109,45,22,11,11,638
109,46,43,23,20,1926.4
109,47,1,1,0,0
109,54,5,2,3,186
109,55,43,22,21,1715.7
109,56,10,4,6,329
109,64,6,4,2,238.2
109,65,17,10,7,799
109,66,4,1,3,0
109,112,5,2,3,356
109,118,12,4,8,451.2
109,127,12,6,6,394.8
110,6,5,2,3,107
110,16,2,1,1,0
110,34,25,13,12,1162.5
110,42,10,7,3,451
110,43,32,18,14,1049.6
110,46,23,8,15,678.5
110,47,13,7,6,283.4
110,48,16,8,8,779.2
110,53,6,3,3,334.8
110,60,5,2,3,206
110,64,13,5,8,639.6
110,65,22,12,10,1427.8
110,118,10,7,3,307
111,44,13,7,6,555.1
111,45,4,3,1,0
111,46,14,8,6,660.8
111,48,6,3,3,328.2
111,49,19,11,8,1024.1
111,50,6,4,2,289.2
111,52,2,1,1,0
111,56,6,2,4,208.2
111,57,26,14,12,980.2
111,58,11,9,2,432.3
111,59,8,5,3,380.8
111,60,7,2,5,401.1
111,110,5,2,3,276
111,111,1,0,1,0
111,118,7,3,4,361.2
112,31,3,1,2,0
112,44,17,9,8,705.5
112,45,14,8,6,537.6
112,46,6,2,4,271.8
112,47,4,2,2,0
112,48,11,7,4,495
112,58,1,1,0,0
112,59,45,21,24,1908
112,63,1,1,0,0
112,118,6,4,2,183
113,32,16,7,9,624
113,45,320,165,155,12480
113,46,516,261,255,21001.2
113,47,6,3,3,166.2
113,51,17,8,9,736.1
113,52,2,1,1,0
113,61,1,1,0,0
113,65,1,0,1,0
113,118,5,1,4,387
113,127,28,18,10,691.6
114,46,18,9,9,644.4
114,47,21,9,12,873.6
114,48,4,2,2,0
114,49,6,3,3,261
114,118,1,1,0,0
114,127,37,25,12,1047.1
115,48,3,2,1,0
115,49,20,11,9,766
115,52,4,2,2,0
115,53,9,5,4,584.1
115,54,1,0,1,0
116,50,6,2,4,358.2
116,51,4,2,2,0
116,52,41,20,21,1750.7
116,53,9,5,4,592.2
116,54,2,1,1,0
116,68,2,1,1,0
116,119,10,3,7,343
117,51,19,9,10,963.3
117,52,24,13,11,1291.2
117,79,2,2,0,0
117,119,1,0,1,0
118,29,2,0,2,0
118,51,12,6,6,517.2
118,54,1,1,0,0
118,56,4,2,2,0
118,73,6,1,5,249
118,74,4,2,2,0
118,75,1,1,0,0
118,123,2,1,1,0
118,124,1,1,0,0
119,27,2,2,0,0
119,28,2,1,1,0
119,56,16,7,9,915.2
119,71,5,3,2,271
119,72,5,2,3,348
119,77,2,0,2,0
119,119,3,2,1,0
119,123,1,0,1,0
120,58,2,1,1,0
120,71,1,1,0,0
120,118,1,1,0,0
120,119,7,4,3,478.1
120,125,1,1,0,0
121,58,1,0,1,0
121,72,2,1,1,0
121,84,3,0,3,0
121,85,3,2,1,0
122,72,7,3,4,429.1
122,84,18,9,9,936
122,86,3,2,1,0
123,72,16,6,10,958.4
123,73,7,2,5,228.9
123,84,35,20,15,1883
123,85,4,3,1,0
123,86,16,6,10,968
123,104,2,2,0,0
123,108,4,2,2,0
124,86,20,12,8,864
124,87,1,0,1,0
124,107,5,3,2,311
124,108,4,4,0,0
124,110,4,1,3,0
125,71,19,11,8,875.9
125,72,4,2,2,0
125,73,22,11,11,1229.8
125,109,1,0,1,0
125,113,25,13,12,955
125,116,3,2,1,0
125,117,11,6,5,669.9
125,127,1,1,0,0
126,53,2,1,1,0
126,72,14,7,7,539
126,89,2,1,1,0
126,103,1,0,1,0
126,114,31,17,14,1466.3
126,115,48,26,22,1900.8
126,127,1,1,0,0
127,73,7,3,4,261.8
127,77,7,5,2,331.8
127,78,4,2,2,0
127,88,1,0,1,0
127,103,2,2,0,0
127,104,1,0,1,0
127,114,11,7,4,524.7
127,115,103,50,53,3955.2