x,y,p,m,f,ta
10,0,2,1,1,0
10,1,11,5,6,308
10,2,29,14,15,1015
10,3,1,1,0,0
11,0,33,16,17,1508.1
11,1,95,44,51,4218
11,2,19,11,8,904.4
12,3,2,1,1,0
14,1,64,29,35,2880
14,2,118,54,64,5463.4
14,3,41,21,20,1775.3
15,2,11,4,7,555.5
15,3,17,7,10,946.9
17,1,18,8,10,788.4
17,3,5,3,2,282
17,6,8,2,6,268
17,7,21,11,10,1249.5
18,0,13,6,7,313.3
18,1,9,5,4,336.6
18,3,11,6,5,420.2
18,5,5,3,2,231
18,7,55,32,23,1820.5
19,4,39,19,20,1587.3
19,5,22,12,10,1150.6
19,10,3,2,1,0
20,5,1,0,1,0
20,6,11,7,4,438.9
20,9,11,6,5,732.6
21,6,57,27,30,2171.7
22,6,78,35,43,3143.4
22,8,5,2,3,179
22,9,8,5,3,252.8
23,6,123,62,61,4858.5
23,7,26,13,13,1084.2
24,1,4,2,2,0
24,2,2,0,2,0
24,3,37,21,16,1461.5
24,4,17,12,5,552.5
24,5,4,3,1,0
25,3,2,2,0,0
25,4,10,5,5,401
25,5,36,21,15,1526.4
25,6,14,7,7,628.6
25,11,2,1,1,0
26,0,59,30,29,2277.4
26,1,6,4,2,198
26,4,106,50,56,4038.6
26,5,174,87,87,5689.8
26,6,35,16,19,1550.5
26,7,19,9,10,418
26,8,6,2,4,175.2
26,10,9,4,5,297
26,15,21,7,14,812.7
27,0,357,181,176,13601.7
27,1,112,57,55,3841.6
27,2,107,54,53,3712.9
27,3,93,50,43,3431.7
27,4,522,262,260,21349.8
27,5,537,255,282,19761.6
27,6,92,51,41,3956
27,7,56,24,32,2139.2
27,8,29,13,16,1067.2
27,9,8,3,5,607.2
27,11,7,3,4,294.7
27,13,11,8,3,431.2
28,0,1,1,0,0
28,1,7,5,2,310.1
28,2,3,2,1,0
28,3,30,17,13,1419
28,4,216,104,112,8445.6
28,6,32,19,13,1433.6
28,7,5,3,2,213
28,10,7,3,4,370.3
28,11,8,4,4,475.2
29,6,112,49,63,3617.6
29,7,471,206,265,20818.2
29,8,21,8,13,1125.6
29,9,23,12,11,920
29,11,9,3,6,210.6
29,12,43,20,23,1634
29,13,7,5,2,217
29,18,3,2,1,0
29,21,23,12,11,1283.4
30,6,67,40,27,2747
30,7,621,287,334,27324
30,8,563,296,267,19873.9
30,9,25,15,10,1427.5
30,10,28,19,9,1033.2
30,11,14,7,7,600.6
30,12,12,6,6,567.6
30,13,1,0,1,0
30,19,15,8,7,703.5
31,0,13,4,9,458.9
31,1,8,5,3,398.4
31,2,9,5,4,406.8
31,3,42,25,17,1617
31,4,26,11,15,1016.6
31,5,91,40,51,3266.9
31,6,31,19,12,1209
31,7,593,307,286,23542.1
31,8,421,196,225,14019.3
31,9,224,117,107,7392
31,10,60,26,34,2364
31,11,46,24,22,1591.6
31,12,19,12,7,750.5
31,14,5,3,2,78
31,18,46,19,27,1472
31,19,34,19,15,1060.8
32,2,15,7,8,658.5
32,3,23,9,14,807.3
32,4,43,24,19,1625.4
32,6,75,39,36,2145
32,7,35,17,18,1312.5
32,8,37,18,19,1790.8
32,9,11,6,5,402.6
32,12,102,53,49,3386.4
32,13,28,16,12,1002.4
32,14,38,19,19,1345.2
32,15,6,4,2,262.8
32,17,1,1,0,0
32,18,58,28,30,1977.8
32,19,12,7,5,441.6
33,3,16,7,9,833.6
33,4,4,2,2,0
33,8,16,9,7,617.6
33,9,2,1,1,0
33,12,5,3,2,149
33,13,52,29,23,1752.4
33,14,53,30,23,2072.3
33,15,37,19,18,1184
33,16,7,5,2,168
33,18,52,22,30,1944.8
33,19,18,10,8,707.4
33,25,59,31,28,2920.5
34,1,8,5,3,422.4
34,2,3,0,3,0
34,3,52,25,27,2808
34,4,45,23,22,2155.5
34,14,21,11,10,743.4
34,15,29,17,12,1046.9
34,17,6,3,3,184.8
34,18,34,19,15,1268.2
34,19,35,18,17,1253
34,25,18,11,7,700.2
35,2,7,4,3,289.8
35,3,10,4,6,356
35,4,2,1,1,0
35,6,13,6,7,458.9
35,7,9,3,6,366.3
35,8,37,22,15,1905.5
35,14,21,7,14,1031.1
35,15,35,17,18,1540
35,16,68,35,33,2740.4
35,17,51,33,18,1841.1
35,21,14,7,7,620.2
35,22,14,6,8,791
35,23,6,5,1,397.8
36,6,14,7,7,484.4
36,7,32,15,17,1299.2
36,8,37,18,19,1476.3
36,9,13,6,7,477.1
36,17,55,28,27,2392.5
36,18,149,82,67,6109
36,19,42,19,23,1806
37,4,34,16,18,1819
37,5,9,5,4,507.6
37,6,6,2,4,264
37,7,2,1,1,0
37,8,49,29,20,1881.6
37,9,16,9,7,537.6
37,17,9,5,4,444.6
37,18,11,4,7,398.2
37,19,85,37,48,3459.5
37,20,53,23,30,2125.3
37,22,6,3,3,219
38,8,4,2,2,0
38,9,14,8,6,596.4
38,17,10,7,3,404
38,20,11,3,8,257.4
38,21,18,7,11,957.6
39,4,13,8,5,603.2
39,5,203,107,96,7429.8
39,6,480,219,261,21120
39,7,86,43,43,3336.8
39,8,12,6,6,406.8
39,10,1,1,0,0
39,12,1,0,1,0
39,13,2,1,1,0
39,18,1,0,1,0
39,19,4,1,3,0
39,20,44,26,18,2142.8
39,21,1,1,0,0
40,4,3,0,3,0
40,5,184,90,94,7488.8
40,6,80,42,38,3496
40,7,35,17,18,1484
40,8,19,12,7,834.1
40,12,4,2,2,0
40,17,13,7,6,809.9
40,18,5,2,3,234
40,19,34,17,17,1360
40,20,1,0,1,0
40,22,2,1,1,0
40,24,2,1,1,0
40,25,3,2,1,0
41,12,4,1,3,0
41,13,2,2,0,0
41,14,16,8,8,622.4
41,17,3,2,1,0
41,23,7,3,4,396.2
41,24,6,3,3,295.2
41,25,39,21,18,1353.3
41,26,27,15,12,1609.2
41,27,1,1,0,0
41,28,1,1,0,0
42,13,9,5,4,369.9
42,14,2,2,0,0
42,18,14,5,9,428.4
42,22,5,2,3,329
42,23,4,2,2,0
42,25,1,1,0,0
42,26,6,3,3,220.8
42,28,1,1,0,0
43,12,12,9,3,717.6
43,17,3,1,2,0
43,19,2,1,1,0
43,20,10,4,6,387
43,21,16,5,11,908.8
43,22,22,6,16,1469.6
43,24,2,1,1,0
43,26,1,1,0,0
43,27,9,4,5,482.4
43,29,2,1,1,0
44,12,14,5,9,571.2
44,13,35,17,18,1421
44,20,2,1,1,0
44,21,28,15,13,1341.2
45,12,3,1,2,0
45,13,6,3,3,276
45,21,14,6,8,609
45,22,5,3,2,256
45,29,12,8,4,693.6
46,12,2,1,1,0
46,13,8,5,3,427.2
46,19,8,5,3,394.4
46,20,6,4,2,298.8
46,21,1,1,0,0
46,22,18,8,10,730.8
46,23,11,3,8,730.4
46,24,9,4,5,462.6
46,27,5,2,3,315
46,28,9,6,3,522.9
47,19,8,4,4,480.8
47,20,4,3,1,0
47,22,2,1,1,0
47,25,15,7,8,651
47,26,14,4,10,641.2
48,13,3,0,3,0
48,14,13,8,5,687.7
48,15,7,3,4,312.9
48,20,10,4,6,721
48,21,19,10,9,813.2
49,15,11,6,5,372.9
49,16,2,2,0,0
49,21,17,9,8,970.7
49,22,9,4,5,500.4
50,16,4,3,1,0
50,22,4,3,1,0
50,23,1,1,0,0
50,24,4,3,1,0
50,25,3,2,1,0
50,26,1,1,0,0
50,28,2,2,0,0
50,29,4,2,2,0
51,17,19,7,12,784.7
51,18,1,0,1,0
51,25,7,4,3,343.7
51,27,6,2,4,189
51,28,5,2,3,328
51,29,1,1,0,0
52,28,10,5,5,339
53,21,2,1,1,0
53,27,5,3,2,107
53,28,29,13,16,930.9
54,7,104,49,55,4160
54,8,224,109,115,8400
54,23,4,3,1,0
54,26,23,12,11,972.9
54,27,25,17,8,865
55,7,20,9,11,790
55,8,102,55,47,4243.2
55,16,6,4,2,231
55,22,5,3,2,187
55,26,23,9,14,844.1
55,27,4,2,2,0
56,13,3,1,2,0
56,14,7,4,3,396.9
56,17,5,5,0,282
56,26,27,14,13,1174.5
57,17,22,11,11,807.4
57,19,8,3,5,346.4
57,22,5,2,3,189
57,23,3,1,2,0
58,17,10,3,7,537
58,18,8,5,3,280.8
58,19,6,2,4,234
59,17,2,1,1,0
59,18,13,7,6,400.4
59,19,9,6,3,444.6
59,21,36,17,19,1522.8
59,22,13,7,6,504.4
59,23,23,11,12,864.8
59,24,49,27,22,2136.4
59,25,2,1,1,0
60,11,1,0,1,0
60,12,31,17,14,1162.5
60,13,2,1,1,0
60,19,3,1,2,0
60,21,7,4,3,443.1
60,22,14,9,5,469
60,23,70,34,36,2513
60,24,7,4,3,291.9
60,27,23,11,12,1087.9
61,12,2,1,1,0
61,13,96,51,45,2995.2
61,14,9,6,3,363.6
61,23,9,5,4,348.3
62,12,7,4,3,147
62,13,112,63,49,4345.6
62,14,133,69,64,5293.4
63,13,46,20,26,1324.8
63,14,97,43,54,3074.9
63,34,15,8,7,645
63,67,8,3,5,312.8
64,14,201,100,101,6190.8
64,15,22,10,12,748
64,34,190,94,96,7714
64,60,3,2,1,0
64,62,9,5,4,428.4
64,63,1,0,1,0
64,65,20,13,7,960
64,66,8,4,4,404.8
64,67,1,1,0,0
65,13,73,41,32,2576.9
65,14,387,206,181,14435.1
65,15,106,53,53,3678.2
65,30,10,6,4,471
65,34,50,28,22,2070
65,58,2,1,1,0
65,59,127,56,71,5308.6
65,60,235,116,119,10645.5
65,61,19,9,10,942.4
65,62,68,23,45,3264
65,63,49,26,23,2469.6
65,64,21,9,12,1022.7
65,66,16,8,8,544
65,67,30,17,13,1296
66,13,27,15,12,1196.1
66,14,1030,492,538,43981
66,15,77,38,39,2987.6
66,34,67,34,33,3169.1
66,35,5,4,1,206
66,58,20,10,10,900
66,59,260,139,121,10972
66,60,99,55,44,4009.5
66,62,1,1,0,0
66,64,9,6,3,599.4
66,65,15,6,9,651
66,66,100,31,69,7230
66,67,121,62,59,5154.6
66,68,62,29,33,2139
66,77,48,23,25,2496
67,15,43,26,17,1810.3
67,27,2,1,1,0
67,28,25,14,11,1025
67,34,6,3,3,180
67,35,13,7,6,533
67,58,45,22,23,1908
67,59,55,24,31,2458.5
67,65,25,15,10,1095
67,66,7,4,3,238
67,67,177,74,103,6602.1
67,68,25,12,13,930
67,77,28,17,11,1302
68,15,1,0,1,0
68,16,108,56,52,3499.2
68,17,399,203,196,15361.5
68,18,7,5,2,301
68,26,2,1,1,0
68,27,2,1,1,0
68,35,9,5,4,489.6
68,58,7,5,2,349.3
68,59,4,1,3,0
68,66,6,3,3,418.2
68,67,10,4,6,593
68,68,2,1,1,0
68,69,12,6,6,608.4
68,74,13,5,8,799.5
69,16,625,282,343,29125
69,17,1131,561,570,45579.3
69,18,571,306,265,19699.5
69,36,1,1,0,0
69,37,11,3,8,436.7
69,59,22,11,11,1040.6
69,60,3,1,2,0
69,66,23,11,12,1122.4
69,70,10,5,5,585
69,71,17,8,9,710.6
69,80,4,1,3,0
69,81,15,7,8,1033.5
70,16,143,68,75,7135.7
70,17,917,466,451,35763
70,18,461,219,242,19961.3
70,37,1,1,0,0
70,59,3,2,1,0
70,60,36,19,17,1342.8
70,66,19,9,10,767.6
70,70,1,1,0,0
70,71,16,10,6,774.4
70,72,2,1,1,0
70,73,6,3,3,334.8
70,74,6,2,4,339
70,80,3,1,2,0
70,81,6,3,3,406.8
71,17,13,6,7,531.7
71,26,1,1,0,0
71,33,2,1,1,0
71,34,1,0,1,0
71,38,1,1,0,0
71,60,42,23,19,2163
71,64,22,10,12,1106.6
71,65,7,5,2,412.3
71,66,12,7,5,588
71,67,5,3,2,254
71,68,14,6,8,684.6
71,69,21,14,7,682.5
71,71,87,46,41,3053.7
71,72,58,30,28,2488.2
71,73,83,45,38,3436.2
71,74,5,2,3,327
71,75,1,1,0,0
72,38,1,0,1,0
72,39,16,10,6,726.4
72,53,3,2,1,0
72,60,37,20,17,1772.3
72,61,26,14,12,1281.8
72,62,10,8,2,440
72,63,2,1,1,0
72,64,15,6,9,675
72,65,5,3,2,193
72,66,2,0,2,0
72,68,5,3,2,321
72,71,12,8,4,517.2
72,72,19,9,10,881.6
72,73,15,8,7,877.5
73,9,131,66,65,5908.1
73,17,4,0,4,0
73,26,3,2,1,0
73,38,1,1,0,0
73,39,11,5,6,539
73,51,11,7,4,512.6
73,54,6,4,2,274.2
73,55,10,5,5,392
73,61,3,0,3,0
73,62,6,3,3,108
73,63,19,11,8,818.9
73,64,22,10,12,972.4
73,68,1,1,0,0
73,69,2,0,2,0
73,71,8,5,3,404.8
73,72,22,11,11,1034
73,73,50,25,25,2175
73,74,19,9,10,1035.5
73,79,2,2,0,0
74,9,75,38,37,3187.5
74,18,13,8,5,395.2
74,19,15,8,7,612
74,22,5,4,1,213
74,27,1,1,0,0
74,38,9,5,4,568.8
74,50,20,11,9,954
74,51,2,1,1,0
74,55,14,6,8,796.6
74,56,1,0,1,0
74,64,9,4,5,375.3
74,70,8,3,5,251.2
74,75,5,3,2,323
75,22,6,4,2,222
75,26,5,3,2,304
75,27,33,20,13,1725.9
75,37,4,2,2,0
75,38,1,1,0,0
75,49,5,4,1,321
75,50,4,3,1,0
75,55,13,7,6,392.6
75,56,16,9,7,760
75,68,5,2,3,403
75,70,8,4,4,403.2
75,74,9,4,5,604.8
75,75,16,7,9,945.6
75,76,6,4,2,315
75,77,2,0,2,0
76,26,2,1,1,0
76,28,16,9,7,737.6
76,30,50,29,21,2100
76,34,1,1,0,0
76,38,5,2,3,141
76,39,11,8,3,369.6
76,47,4,2,2,0
76,48,47,28,19,1729.6
76,54,1,0,1,0
76,55,26,13,13,1209
76,65,4,1,3,0
76,66,4,2,2,0
76,67,30,17,13,1401
76,68,3,2,1,0
76,69,6,3,3,342
76,74,4,0,4,0
76,75,4,2,2,0
77,28,39,21,18,1864.2
77,29,37,21,16,1650.2
77,30,46,26,20,2065.4
77,31,11,5,6,341
77,39,54,32,22,2532.6
77,46,4,2,2,0
77,47,35,20,15,1340.5
77,48,1,1,0,0
77,53,10,5,5,714
77,54,3,2,1,0
77,55,17,8,9,858.5
77,65,7,3,4,447.3
77,66,7,4,3,433.3
77,67,15,7,8,531
77,76,3,1,2,0
78,27,10,5,5,415
78,28,4,3,1,0
78,31,6,4,2,223.8
78,39,4,2,2,0
78,46,235,119,116,8601
78,55,11,6,5,402.6
78,59,2,1,1,0
78,64,5,2,3,270
78,65,4,2,2,0
78,81,1,1,0,0
78,83,1,0,1,0
79,17,4,3,1,0
79,33,2,1,1,0
79,37,1,0,1,0
79,39,1,1,0,0
79,46,663,322,341,26387.4
79,47,77,40,37,3295.6
79,55,5,2,3,305
79,61,2,1,1,0
80,33,3,2,1,0
80,34,1,0,1,0
80,38,15,9,6,613.5
80,39,32,16,16,1161.6
80,46,272,139,133,13246.4
80,47,728,379,349,28028
80,54,10,5,5,533
80,55,5,2,3,140
80,59,16,6,10,489.6
80,60,24,16,8,1029.6
80,61,9,5,4,516.6
80,62,25,11,14,882.5
80,81,1,1,0,0
81,16,9,6,3,308.7
81,17,3,0,3,0
81,46,79,39,40,3112.6
81,47,130,60,70,4940
81,53,1,0,1,0
81,54,29,16,13,1383.3
81,56,2,1,1,0
81,59,39,19,20,1524.9
81,62,2,2,0,0
81,80,1,1,0,0
82,16,7,5,2,233.1
82,46,17,7,10,875.5
82,47,17,8,9,693.6
82,53,107,50,57,3028.1
82,54,347,171,176,12387.9
82,56,53,30,23,1923.9
82,57,10,6,4,269
82,59,37,16,21,1524.4
82,60,1,1,0,0
82,63,3,2,1,0
83,24,1,0,1,0
83,41,12,6,6,502.8
83,46,10,5,5,461
83,47,44,21,23,2358.4
83,53,258,116,142,9313.8
83,54,551,282,269,22315.5
83,56,199,103,96,7721.2
83,58,2,1,1,0
83,63,1,1,0,0
83,81,1,0,1,0
83,88,5,3,2,301
84,25,2,1,1,0
84,47,32,17,15,1446.4
84,52,222,110,112,8635.8
84,53,624,294,330,27393.6
84,54,294,146,148,13053.6
84,55,13,6,7,462.8
84,56,156,78,78,6442.8
84,63,12,4,8,519.6
84,64,13,7,6,625.3
84,88,18,9,9,1135.8
85,22,15,8,7,957
85,47,1,0,1,0
85,48,1,1,0,0
85,49,30,16,14,1227
85,52,105,58,47,3927
85,53,118,58,60,3752.4
85,54,465,248,217,20367
85,56,25,15,10,1085
85,64,6,4,2,186
85,65,8,4,4,436
85,78,2,1,1,0
85,79,9,2,7,563.4
85,80,3,1,2,0
85,88,2,1,1,0
86,49,30,16,14,1560
86,50,20,9,11,876
86,51,4,2,2,0
86,52,4,2,2,0
86,53,6,3,3,298.2
86,54,186,89,97,6975
86,56,42,28,14,1650.6
86,59,1,1,0,0
86,64,1,1,0,0
86,65,11,5,6,554.4
86,77,1,1,0,0
86,78,2,1,1,0
87,25,58,27,31,2528.8
87,26,5,2,3,55
87,50,22,11,11,1029.6
87,51,15,6,9,853.5
87,52,41,24,17,1676.9
87,56,29,18,11,1322.4
87,65,2,1,1,0
87,76,2,1,1,0
87,77,1,0,1,0
87,86,1,1,0,0
88,20,18,8,10,714.6
88,24,17,10,7,717.4
88,56,8,5,3,324.8
88,57,1,1,0,0
88,76,1,1,0,0
88,79,11,5,6,476.3
88,80,1,1,0,0
88,81,4,2,2,0
88,82,19,10,9,701.1
88,83,7,5,2,182
88,101,16,9,7,518.4
88,102,2,1,1,0
89,24,2,1,1,0
89,40,5,3,2,227
89,42,1,0,1,0
89,55,17,10,7,690.2
89,57,18,7,11,630
89,66,2,1,1,0
89,76,3,2,1,0
89,78,31,15,16,1100.5
89,79,26,8,18,920.4
89,91,16,8,8,512
89,94,29,13,16,1078.8
89,101,3,1,2,0
90,23,4,2,2,0
90,24,9,4,5,423
90,25,5,1,4,341
90,29,2,1,1,0
90,30,1,1,0,0
90,55,3,2,1,0
90,56,6,3,3,181.2
90,57,11,6,5,454.3
90,66,9,4,5,293.4
90,67,4,2,2,0
90,75,6,2,4,148.2
90,76,13,8,5,449.8
90,90,34,16,18,1169.6
90,91,238,128,110,8782.2
90,92,251,129,122,10014.9
90,93,290,143,147,11020
90,94,21,9,12,835.8
91,23,6,3,3,403.2
91,24,17,12,5,853.4
91,57,16,8,8,724.8
91,58,11,4,7,358.6
91,68,3,1,2,0
91,75,11,6,5,423.5
91,89,19,9,10,758.1
91,90,50,31,19,1720
91,91,148,75,73,5239.2
91,92,516,226,290,23787.6
91,93,596,304,292,24018.8
92,34,7,2,5,259.7
92,58,62,32,30,2721.8
92,59,58,32,26,2180.8
92,69,27,15,12,1255.5
92,70,8,4,4,290.4
92,75,29,14,15,1455.8
92,86,33,16,17,1145.1
92,87,9,6,3,331.2
92,89,1,0,1,0
92,90,9,4,5,347.4
92,91,34,18,16,1383.8
92,92,56,32,24,2206.4
92,93,25,10,15,985
92,94,47,25,22,1804.8
92,95,56,33,23,2609.6
92,97,3,2,1,0
92,104,24,13,11,1226.4
93,21,4,2,2,0
93,35,16,10,6,832
93,44,6,2,4,340.2
93,58,6,3,3,313.8
93,59,51,24,27,1999.2
93,68,4,2,2,0
93,69,35,19,16,1666
93,70,22,11,11,644.6
93,71,34,20,14,1302.2
93,72,112,49,63,3987.2
93,73,39,19,20,1306.5
93,74,46,21,25,1660.6
93,75,43,26,17,1758.7
93,76,5,2,3,203
93,85,26,12,14,1157
93,90,32,18,14,1254.4
93,91,79,40,39,2891.4
93,92,32,17,15,1273.6
93,95,5,4,1,226
93,96,13,7,6,470.6
93,99,1,0,1,0
93,103,5,3,2,269
93,104,111,62,49,4262.4
94,37,3,1,2,0
94,38,6,4,2,166.8
94,39,1,0,1,0
94,40,2,2,0,0
94,59,73,35,38,3270.4
94,66,4,2,2,0
94,68,11,6,5,543.4
94,69,11,5,6,617.1
94,70,102,59,43,3294.6
94,71,58,34,24,1827
94,72,21,12,9,848.4
94,74,29,14,15,901.9
94,75,13,7,6,574.6
94,81,60,31,29,2448
94,82,25,12,13,890
94,85,2,1,1,0
94,91,14,5,9,641.2
94,92,23,12,11,708.4
94,97,76,35,41,3397.2
94,99,12,4,8,417.6
94,100,26,14,12,1107.6
94,102,4,2,2,0
94,103,17,8,9,647.7
94,104,8,5,3,459.2
95,27,3,1,2,0
95,39,2,1,1,0
95,43,2,1,1,0
95,50,13,9,4,720.2
95,51,4,2,2,0
95,59,4,2,2,0
95,60,27,14,13,1028.7
95,67,2,1,1,0
95,68,41,19,22,1849.1
95,69,27,15,12,1163.7
95,70,21,11,10,724.5
95,71,6,4,2,208.2
95,75,20,15,5,564
95,81,12,6,6,476.4
95,90,1,1,0,0
95,92,18,10,8,680.4
95,93,6,4,2,246
95,97,92,39,53,3238.4
95,98,30,16,14,1512
95,99,18,9,9,955.8
95,100,36,19,17,1310.4
95,101,7,4,3,476.7
95,103,1,1,0,0
96,37,1,1,0,0
96,38,8,7,1,442.4
96,39,3,2,1,0
96,50,36,22,14,2091.6
96,51,23,12,11,825.7
96,52,57,28,29,2610.6
96,53,5,3,2,323
96,54,3,2,1,0
96,60,1,1,0,0
96,61,48,24,24,2179.2
96,69,5,2,3,261
96,70,14,7,7,589.4
96,74,10,4,6,510
96,75,6,2,4,360
96,81,11,8,3,346.5
96,91,5,2,3,292
96,92,35,15,20,1312.5
96,93,16,9,7,617.6
97,46,10,4,6,384
97,47,1,1,0,0
97,50,47,20,27,2458.1
97,53,2,1,1,0
97,54,23,7,16,1223.6
97,55,8,4,4,264.8
97,61,47,23,24,1880
97,62,3,2,1,0
97,66,5,2,3,161
97,69,3,2,1,0
97,70,17,9,8,775.2
97,74,1,1,0,0
97,75,12,7,5,207.6
97,82,4,3,1,0
97,91,5,3,2,183
97,92,63,30,33,2331
97,93,36,18,18,1249.2
98,32,2,0,2,0
98,46,1,0,1,0
98,48,1,0,1,0
98,49,10,4,6,535
98,50,38,23,15,1877.2
98,61,12,8,4,562.8
98,62,75,39,36,2662.5
98,69,11,5,6,565.4
98,70,6,3,3,181.2
98,74,6,3,3,256.8
98,75,23,12,11,556.6
98,82,1,0,1,0
98,86,6,3,3,169.8
98,90,16,9,7,782.4
98,91,84,43,41,3133.2
98,92,14,7,7,572.6
98,93,17,6,11,676.6
98,94,11,7,4,522.5
98,95,51,22,29,1999.2
99,49,32,19,13,1430.4
99,50,1,1,0,0
99,54,24,10,14,1082.4
99,55,6,4,2,307.8
99,62,105,55,50,3580.5
99,63,59,35,24,1947
99,69,8,4,4,228.8
99,70,8,4,4,271.2
99,74,17,10,7,700.4
99,75,31,11,20,1267.9
99,76,10,6,4,518
99,77,1,1,0,0
99,86,1,1,0,0
99,87,27,12,15,1233.9
99,88,41,19,22,1738.4
99,89,34,17,17,1421.2
99,90,98,47,51,4272.8
99,91,265,120,145,10494
99,92,34,17,17,1237.6
99,93,25,13,12,1015
99,94,5,3,2,142
99,95,9,6,3,458.1
99,96,1,1,0,0
100,43,1,1,0,0
100,54,8,3,5,420.8
100,63,35,14,21,1515.5
100,64,43,27,16,1393.2
100,74,40,15,25,1432
100,76,10,5,5,286
100,77,3,2,1,0
100,79,5,2,3,265
100,80,13,5,8,419.9
100,90,2,1,1,0
100,91,12,8,4,321.6
101,63,16,8,8,790.4
101,64,98,53,45,3655.4
101,73,17,9,8,589.9
101,74,80,41,39,3216
101,79,11,6,5,484
101,87,8,6,2,336
102,30,4,2,2,0
102,35,5,2,3,368
102,36,4,2,2,0
102,54,1,1,0,0
102,57,6,3,3,238.8
102,64,33,18,15,1069.2
102,65,95,41,54,3724
102,66,3,1,2,0
102,73,37,16,21,1583.6
102,80,12,7,5,414
103,29,4,2,2,0
103,30,6,4,2,291
103,33,3,2,1,0
103,34,2,1,1,0
103,37,1,0,1,0
103,57,44,22,22,2310
103,58,20,9,11,1004
103,65,31,18,13,961
103,66,518,259,259,18492.6
103,67,515,244,271,16995
103,68,730,377,353,25331
103,69,99,55,44,3296.7
103,70,42,22,20,1894.2
103,71,60,30,30,2388
103,73,27,12,15,982.8
103,83,2,1,1,0
104,30,18,7,11,912.6
104,34,1,0,1,0
104,58,17,11,6,882.3
104,66,53,21,32,1547.6
104,67,1022,516,506,43946
104,68,1171,541,630,51641.1
104,69,819,397,422,30221.1
104,70,83,42,41,3328.3
104,71,43,18,25,2154.3
104,72,23,12,11,1064.9
104,73,4,2,2,0
104,91,1,0,1,0
105,5,3,2,1,0
105,29,3,1,2,0
105,30,21,10,11,915.6
105,31,2,1,1,0
105,35,2,1,1,0
105,59,9,5,4,556.2
105,68,28,15,13,1831.2
105,69,16,6,10,729.6
105,70,26,14,12,943.8
105,89,1,0,1,0
105,99,12,6,6,555.6
105,100,7,4,3,324.1
105,101,3,2,1,0
106,6,16,9,7,697.6
106,29,5,3,2,327
106,30,6,3,3,415.8
106,67,73,41,32,2379.8
106,68,548,282,266,17810
106,69,30,16,14,1461
106,71,29,15,14,1035.3
106,74,3,2,1,0
106,75,26,12,14,949
106,81,6,5,1,166.8
106,88,3,1,2,0
107,6,4,2,2,0
107,7,4,3,1,0
107,29,5,2,3,254
107,30,1,1,0,0
107,63,7,4,3,289.1
107,64,90,38,52,3465
107,65,37,16,21,1409.7
107,66,25,16,9,932.5
107,67,9,7,2,305.1
107,71,8,5,3,440.8
107,74,118,65,53,4625.6
107,75,2,1,1,0
107,77,27,15,12,801.9
107,78,18,8,10,480.6
107,81,3,2,1,0
107,88,8,3,5,576.8
107,89,3,2,1,0
108,3,9,6,3,440.1
108,4,2,2,0,0
108,7,1,1,0,0
108,29,39,18,21,1778.4
108,30,11,6,5,685.3
108,31,11,4,7,508.2
108,62,146,80,66,5475
108,63,361,186,175,13284.8
108,64,70,42,28,2261
108,67,5,2,3,206
108,71,6,4,2,165
108,73,72,29,43,2779.2
108,74,48,25,23,1843.2
108,77,2,0,2,0
108,89,18,9,9,1022.4
108,90,2,1,1,0
108,106,21,13,8,865.2
108,107,45,22,23,1656
108,108,3,1,2,0
109,2,24,10,14,852
109,3,2,1,1,0
109,7,2,1,1,0
109,28,1,0,1,0
109,29,5,2,3,315
109,30,2,2,0,0
109,61,1,1,0,0
109,62,150,75,75,6075
109,64,11,6,5,229.9
109,71,41,14,27,1422.7
109,72,104,60,44,3286.4
109,73,34,19,15,1081.2
109,80,2,1,1,0
109,81,3,1,2,0
109,82,5,3,2,122
109,90,6,4,2,310.2
109,91,5,3,2,302
109,106,1,0,1,0
109,110,1,0,1,0
110,2,3,2,1,0
110,28,11,5,6,641.3
110,61,12,4,8,745.2
110,62,48,26,22,1838.4
110,68,3,1,2,0
110,73,31,18,13,1342.3
110,86,22,13,9,935
110,87,23,10,13,890.1
110,88,4,2,2,0
110,93,9,4,5,539.1
110,94,1,0,1,0
110,95,2,0,2,0
110,100,1,1,0,0
110,110,5,3,2,299
110,111,28,17,11,1461.6
111,0,6,2,4,298.8
111,1,7,3,4,231
111,26,1,1,0,0
111,28,7,4,3,352.1
111,60,1,0,1,0
111,61,8,5,3,438.4
111,62,2,1,1,0
111,73,72,39,33,2390.4
111,82,5,2,3,115
111,85,17,10,7,612
111,89,5,2,3,214
111,98,2,1,1,0
111,110,1,0,1,0
112,0,25,12,13,1197.5
112,2,4,1,3,0
112,3,7,4,3,427.7
112,26,8,6,2,263.2
112,27,7,4,3,363.3
112,28,8,4,4,594.4
112,60,5,3,2,245
112,64,5,2,3,327
112,73,13,9,4,627.9
112,74,20,9,11,696
112,81,4,1,3,0
112,82,3,2,1,0
112,84,9,5,4,646.2
112,91,6,2,4,193.2
112,93,11,5,6,306.9
112,102,7,3,4,300.3
112,111,2,1,1,0
113,0,208,108,100,9339.2
113,2,1,0,1,0
113,4,2,0,2,0
113,6,6,3,3,373.8
113,26,13,9,4,405.6
113,27,21,11,10,896.7
113,60,19,9,10,602.3
113,63,4,2,2,0
113,74,23,12,11,982.1
113,83,2,1,1,0
113,84,16,7,9,664
113,95,2,1,1,0
113,96,9,6,3,576.9
113,97,16,7,9,600
113,98,6,3,3,175.2
113,99,176,84,92,7304
113,100,34,18,16,1268.2
113,102,43,18,25,1827.5
113,112,2,1,1,0
114,0,213,113,100,8882.1
114,6,7,4,3,461.3
114,8,4,2,2,0
114,11,2,1,1,0
114,25,15,7,8,799.5
114,26,9,5,4,482.4
114,27,2,0,2,0
114,28,2,2,0,0
114,73,15,11,4,535.5
114,74,4,2,2,0
114,83,22,13,9,855.8
114,96,8,4,4,268.8
114,97,29,15,14,1296.3
114,101,3,3,0,0
114,104,2,1,1,0
114,113,6,3,3,193.8
114,115,6,3,3,156
114,117,67,38,29,3289.7
115,0,25,14,11,1080
115,4,9,6,3,387.9
115,7,4,3,1,0
115,8,31,15,16,1063.3
115,10,4,2,2,0
115,11,48,25,23,2256
115,26,2,2,0,0
115,28,21,12,9,1358.7
115,32,1,0,1,0
115,60,5,3,2,363
115,73,13,7,6,464.1
115,74,2,0,2,0
115,84,15,8,7,723
115,97,6,4,2,175.2
115,101,7,4,3,231.7
115,102,4,3,1,0
115,111,1,0,1,0
115,117,37,19,18,1295
116,4,5,2,3,103
116,6,2,0,2,0
116,26,7,3,4,147.7
116,29,2,1,1,0
116,73,4,2,2,0
116,74,1,0,1,0
116,93,1,0,1,0
116,97,1,1,0,0
116,98,6,3,3,337.8
116,101,2,1,1,0
116,102,4,2,2,0
116,103,4,1,3,0
117,4,3,2,1,0
117,5,9,6,3,534.6
117,9,10,4,6,477
117,31,8,5,3,492
117,32,2,1,1,0
117,33,10,6,4,471
117,36,1,1,0,0
117,97,1,1,0,0
117,98,7,3,4,559.3
117,103,1,0,1,0
117,107,4,2,2,0
117,113,9,4,5,369.9
118,32,10,4,6,504
118,35,4,2,2,0
118,50,6,3,3,262.2
118,51,3,2,1,0
118,59,15,9,6,739.5
118,103,50,25,25,2315
118,109,1,1,0,0
118,114,2,2,0,0
119,32,7,2,5,434
119,33,4,2,2,0
119,35,6,1,5,136.2
119,58,7,3,4,426.3
119,59,2,2,0,0
119,60,6,3,3,355.8
119,103,28,13,15,1226.4
119,104,88,39,49,3379.2
119,108,2,1,1,0
119,120,1,1,0,0
120,40,1,0,1,0
120,52,2,1,1,0
120,54,11,6,5,680.9
120,55,12,6,6,536.4
120,56,7,3,4,317.1
120,95,1,1,0,0
120,104,123,61,62,6027
120,105,11,7,4,465.3
120,120,3,2,1,0
120,123,1,1,0,0
120,124,2,1,1,0
121,3,1,1,0,0
121,53,4,2,2,0
121,54,15,9,6,750
121,55,4,1,3,0
121,56,7,4,3,235.2
121,57,11,5,6,734.8
121,73,4,2,2,0
121,75,2,1,1,0
121,76,7,5,2,422.1
121,105,6,3,3,238.2
121,106,4,3,1,0
121,108,2,1,1,0
121,126,20,8,12,984
122,3,2,1,1,0
122,4,3,1,2,0
122,36,1,1,0,0
122,37,5,2,3,347
122,63,8,4,4,400.8
122,64,3,2,1,0
122,75,2,1,1,0
122,77,3,1,2,0
122,108,20,12,8,712
122,125,5,4,1,294
122,126,8,5,3,294.4
123,0,3,1,2,0
123,1,6,4,2,181.2
123,3,45,23,22,2079
123,4,20,12,8,680
123,35,3,2,1,0
123,38,1,1,0,0
123,64,12,6,6,583.2
123,75,5,3,2,356
123,76,7,5,2,315
123,78,2,1,1,0
123,80,9,5,4,354.6
123,81,3,2,1,0
123,108,13,6,7,552.5
123,109,2,1,1,0
124,0,4,3,1,0
124,1,2,2,0,0
124,3,24,15,9,1125.6
124,4,132,54,78,4989.6
124,5,2,1,1,0
124,6,9,5,4,516.6
124,7,1,1,0,0
124,36,1,1,0,0
124,41,5,3,2,258
124,42,3,1,2,0
124,43,3,1,2,0
124,64,5,3,2,345
124,65,43,22,21,1629.7
124,66,2,1,1,0
124,110,2,1,1,0
124,111,28,13,15,1257.2
124,112,13,6,7,566.8
124,123,3,2,1,0
125,0,10,4,6,405
125,5,9,7,2,297.9
125,6,13,7,6,897
125,7,5,3,2,197
125,8,6,4,2,271.8
125,10,3,2,1,0
125,35,9,5,4,451.8
125,65,13,8,5,763.1
125,66,12,6,6,615.6
125,67,3,2,1,0
125,77,10,5,5,557
125,113,9,6,3,345.6
125,114,29,17,12,1470.3
125,116,3,1,2,0
125,119,2,1,1,0
126,0,3,2,1,0
126,8,3,1,2,0
126,67,8,4,4,476.8
126,68,23,14,9,943
126,78,11,7,4,581.9
126,79,2,1,1,0
126,113,4,3,1,0
126,114,142,62,80,7242
126,115,26,14,12,1045.2
126,116,25,17,8,830
127,20,1,0,1,0
127,35,220,125,95,8734
127,36,153,61,92,6257.7
127,68,3,2,1,0
127,115,7,3,4,261.8
127,116,13,5,8,678.6
127,117,7,5,2,254.1