x,y,p,m,f,ta
76,0,7,4,3,513.1
80,0,1,0,1,0
92,4,6,2,4,208.2
96,0,17,9,8,812.6
96,4,1,1,0,0
100,0,2,1,1,0
100,4,1,1,0,0
108,0,6,4,2,301.8
120,4,2,1,1,0
120,8,2,2,0,0
124,4,25,14,11,985