x,y,p,m,f,ta
0,7,5,2,3,247
0,8,37,20,17,1376.4
0,11,3,2,1,0
0,12,24,11,13,871.2
0,13,37,19,18,1457.8
0,14,103,50,53,3986.1
0,15,54,27,27,1728
0,16,8,5,3,440.8
0,37,19,11,8,798
0,38,10,6,4,495
0,41,5,2,3,305
0,43,28,15,13,1198.4
0,44,14,6,8,593.6
0,45,5,2,3,263
0,46,7,4,3,240.1
0,62,2,1,1,0
0,63,12,6,6,519.6
0,69,3,2,1,0
0,72,23,15,8,1044.2
0,73,53,27,26,2263.1
0,97,20,10,10,958
0,104,3,1,2,0
1,0,153,72,81,6609.6
1,1,7,3,4,200.2
1,3,8,5,3,307.2
1,4,107,52,55,4419.1
1,5,106,56,50,3837.2
1,6,2,1,1,0
1,7,54,17,37,3234.6
1,8,29,14,15,1157.1
1,10,8,5,3,255.2
1,11,36,20,16,1461.6
1,14,19,10,9,847.4
1,15,20,10,10,942
1,37,23,13,10,809.6
1,38,3,2,1,0
1,44,47,27,20,1776.6
1,45,32,19,13,1164.8
1,59,2,1,1,0
1,62,7,5,2,289.8
1,63,37,18,19,1239.5
1,72,33,12,21,1039.5
1,73,30,19,11,825
1,74,13,6,7,405.6
1,95,19,9,10,915.8
1,96,105,51,54,4830
1,97,8,3,5,326.4
2,0,19,9,10,761.9
2,1,26,13,13,891.8
2,2,40,22,18,1700
2,3,27,12,15,980.1
2,4,19,10,9,946.2
2,5,163,75,88,6373.3
2,6,206,96,110,7395.4
2,7,26,9,17,1833
2,8,53,30,23,2188.9
2,9,31,17,14,1528.3
2,10,52,25,27,2069.6
2,11,18,9,9,831.6
2,25,7,4,3,238
2,37,18,7,11,662.4
2,38,19,10,9,820.8
2,39,1,1,0,0
2,43,20,13,7,1002
2,44,8,5,3,346.4
2,62,2,1,1,0
2,63,36,19,17,1598.4
2,70,13,6,7,423.8
2,72,4,2,2,0
2,73,5,2,3,324
2,74,38,19,19,1375.6
2,95,36,20,16,1515.6
2,96,110,56,54,4598
2,97,91,42,49,2848.3
3,2,6,3,3,340.8
3,3,8,3,5,340
3,4,5,1,4,236
3,5,58,26,32,2250.4
3,6,2,1,1,0
3,7,13,8,5,522.6
3,8,21,15,6,630
3,9,111,56,55,4473.3
3,10,7,4,3,464.1
3,34,12,7,5,568.8
3,35,5,3,2,348
3,36,6,4,2,189
3,37,379,174,205,16751.8
3,38,500,235,265,20100
3,39,21,11,10,737.1
3,43,16,7,9,723.2
3,44,14,8,6,777
3,62,2,1,1,0
3,63,34,15,19,1516.4
3,69,8,4,4,319.2
3,70,10,5,5,402
3,73,68,39,29,2672.4
3,74,35,16,19,1064
3,75,6,4,2,312
3,95,120,60,60,5052
3,96,15,6,9,1053
3,97,5,3,2,126
3,102,2,1,1,0
3,103,4,3,1,0
4,3,3,0,3,0
4,4,1,1,0,0
4,5,2,1,1,0
4,7,5,2,3,163
4,8,20,9,11,850
4,9,94,51,43,3835.2
4,10,10,6,4,429
4,11,2,0,2,0
4,18,2,1,1,0
4,21,24,14,10,926.4
4,31,1,0,1,0
4,33,27,14,13,847.8
4,34,48,23,25,1843.2
4,35,17,10,7,732.7
4,36,16,9,7,764.8
4,37,196,105,91,6546.4
4,38,193,77,116,9804.4
4,39,6,3,3,192
4,42,1,0,1,0
4,43,6,3,3,421.8
4,59,15,9,6,528
4,60,40,25,15,1708
4,62,11,8,3,457.6
4,63,8,4,4,372
4,69,27,13,14,1190.7
4,70,9,5,4,350.1
4,72,10,5,5,440
4,73,59,31,28,2424.9
4,74,38,17,21,1599.8
4,75,83,41,42,3369.8
4,76,5,2,3,249
4,95,10,3,7,394
4,96,1,1,0,0
4,98,5,4,1,215
4,101,4,1,3,0
4,105,2,1,1,0
4,122,10,6,4,529
4,123,5,2,3,265
5,3,23,13,10,995.9
5,9,13,11,2,530.4
5,10,7,2,5,238.7
5,11,2,0,2,0
5,21,43,23,20,1892
5,31,5,3,2,278
5,32,1,1,0,0
5,33,11,5,6,489.5
5,34,3,2,1,0
5,38,41,22,19,1627.7
5,41,14,9,5,669.2
5,42,24,14,10,904.8
5,59,34,14,20,1169.6
5,60,14,8,6,669.2
5,65,1,0,1,0
5,66,4,1,3,0
5,68,9,3,6,483.3
5,69,58,30,28,2610
5,70,14,8,6,803.6
5,71,14,6,8,676.2
5,72,167,81,86,5678
5,73,79,41,38,2812.4
5,74,42,22,20,1843.8
5,75,52,29,23,2095.6
5,76,98,47,51,3782.8
5,77,32,17,15,918.4
5,78,9,5,4,264.6
5,80,2,1,1,0
5,93,14,7,7,442.4
5,94,9,5,4,430.2
5,95,53,28,25,2358.5
5,101,8,4,4,400
5,105,12,5,7,394.8
5,108,1,1,0,0
5,109,6,4,2,349.8
5,121,4,3,1,0
6,0,4,2,2,0
6,15,25,13,12,960
6,16,8,4,4,352
6,17,1,0,1,0
6,18,22,12,10,778.8
6,19,25,10,15,670
6,20,72,33,39,3002.4
6,21,58,33,25,2157.6
6,22,15,8,7,813
6,26,4,2,2,0
6,31,10,4,6,503
6,33,8,4,4,442.4
6,39,21,13,8,863.1
6,40,18,10,8,754.2
6,41,29,12,17,997.6
6,47,2,1,1,0
6,59,67,31,36,2465.6
6,60,11,4,7,578.6
6,61,1,1,0,0
6,65,19,9,10,706.8
6,66,46,24,22,2047
6,67,11,7,4,506
6,68,18,9,9,831.6
6,69,24,11,13,864
6,70,49,25,24,1950.2
6,71,74,37,37,3285.6
6,72,40,20,20,1480
6,73,280,136,144,10892
6,74,181,89,92,7457.2
6,75,95,43,52,3581.5
6,76,1,1,0,0
6,77,47,21,26,1786
6,78,6,3,3,181.2
6,93,26,12,14,990.6
6,94,19,11,8,636.5
6,95,47,26,21,1865.9
6,99,3,1,2,0
6,102,5,3,2,186
6,105,6,3,3,184.2
6,108,2,1,1,0
6,109,6,3,3,259.2
6,116,1,1,0,0
6,117,1,0,1,0
6,119,2,1,1,0
7,1,5,3,2,169
7,10,2,1,1,0
7,13,3,2,1,0
7,14,1,1,0,0
7,16,11,6,5,645.7
7,17,28,11,17,1327.2
7,18,43,22,21,1646.9
7,19,40,22,18,1388
7,21,1,1,0,0
7,22,51,27,24,2203.2
7,23,1,0,1,0
7,24,22,9,13,1031.8
7,32,10,6,4,463
7,33,16,7,9,588.8
7,58,20,11,9,844
7,59,123,56,67,4428
7,60,135,62,73,5980.5
7,61,43,22,21,2076.9
7,62,20,10,10,698
7,63,15,7,8,613.5
7,64,26,14,12,1201.2
7,65,29,16,13,1264.4
7,66,30,18,12,1182
7,67,22,11,11,1086.8
7,68,1,0,1,0
7,71,658,342,316,20661.2
7,72,637,292,345,26435.5
7,73,568,262,306,27548
7,74,84,44,40,3007.2
7,75,40,15,25,1844
7,76,76,37,39,2363.6
7,77,16,9,7,577.6
7,82,1,1,0,0
7,93,44,26,18,1518
7,94,9,5,4,365.4
7,95,4,2,2,0
7,96,4,1,3,0
7,100,5,3,2,198
7,102,25,15,10,890
7,103,17,8,9,759.9
7,104,27,13,14,1155.6
7,105,10,6,4,443
7,106,6,3,3,273
7,107,51,30,21,2218.5
7,108,6,3,3,234
7,117,10,6,4,541
7,118,1,1,0,0
7,121,8,4,4,324
7,122,1,0,1,0
8,1,5,3,2,243
8,2,1,1,0,0
8,6,5,2,3,113
8,14,3,2,1,0
8,15,19,12,7,689.7
8,16,51,26,25,2565.3
8,17,19,10,9,889.2
8,18,4,1,3,0
8,20,4,3,1,0
8,21,6,2,4,238.8
8,22,31,16,15,1032.3
8,23,257,113,144,12001.9
8,24,39,18,21,1216.8
8,31,2,1,1,0
8,32,3,3,0,0
8,33,4,2,2,0
8,57,14,6,8,544.6
8,58,94,46,48,3703.6
8,59,563,280,283,23927.5
8,60,618,262,356,29973
8,61,88,47,41,3652
8,62,29,18,11,1392
8,63,47,25,22,2053.9
8,64,67,31,36,3008.3
8,65,23,14,9,949.9
8,66,3,2,1,0
8,71,60,31,29,2640
8,72,449,220,229,16657.9
8,73,139,75,64,4920.6
8,74,39,22,17,1626.3
8,75,77,39,38,3426.5
8,76,332,169,163,11354.4
8,78,2,1,1,0
8,79,9,5,4,401.4
8,80,6,3,3,282
8,81,7,5,2,312.9
8,91,1,0,1,0
8,92,12,7,5,513.6
8,93,16,10,6,881.6
8,94,24,12,12,1173.6
8,102,21,9,12,932.4
8,103,57,27,30,2234.4
8,104,95,37,58,5035
8,105,7,5,2,315.7
8,106,13,8,5,683.8
8,107,32,15,17,1190.4
8,108,26,16,10,1250.6
8,109,8,5,3,444.8
8,110,7,4,3,319.2
8,111,6,4,2,264
8,121,5,4,1,287
8,122,5,3,2,240
8,123,13,7,6,600.6
9,0,6,3,3,202.2
9,2,2,1,1,0
9,12,2,1,1,0
9,15,17,10,7,693.6
9,16,11,8,3,379.5
9,22,2,1,1,0
9,23,27,14,13,1034.1
9,24,41,21,20,1193.1
9,31,5,4,1,243
9,32,3,2,1,0
9,56,18,9,9,774
9,57,19,10,9,950
9,58,13,4,9,588.9
9,59,37,18,19,1443
9,60,51,25,26,2060.4
9,61,31,16,15,1376.4
9,62,27,17,10,972
9,63,16,9,7,726.4
9,64,9,4,5,230.4
9,72,48,27,21,1872
9,73,45,17,28,1458
9,74,19,9,10,723.9
9,75,10,6,4,530
9,80,1,1,0,0
9,81,7,4,3,359.1
9,82,13,9,4,539.5
9,92,56,31,25,2447.2
9,93,55,31,24,2277
9,94,2,2,0,0
9,102,16,7,9,545.6
9,103,30,17,13,1533
9,104,36,19,17,1360.8
9,107,4,2,2,0
9,121,21,12,9,625.8
9,122,20,10,10,908
9,123,7,4,3,431.2
9,126,1,1,0,0
9,127,4,2,2,0
10,0,1,0,1,0
10,1,9,5,4,449.1
10,2,2,1,1,0
10,4,3,1,2,0
10,9,2,1,1,0
10,11,3,2,1,0
10,22,6,3,3,339
10,23,2,1,1,0
10,24,36,22,14,1310.4
10,25,19,9,10,746.7
10,26,3,2,1,0
10,27,6,3,3,256.8
10,28,3,2,1,0
10,29,11,5,6,509.3
10,30,6,4,2,357
10,31,7,4,3,422.1
10,32,8,4,4,350.4
10,54,4,3,1,0
10,55,10,5,5,453
10,56,4,2,2,0
10,59,5,3,2,358
10,60,34,17,17,1550.4
10,61,17,7,10,671.5
10,62,6,3,3,259.2
10,71,18,9,9,608.4
10,72,102,55,47,4222.8
10,73,52,23,29,2048.8
10,74,34,20,14,1553.8
10,75,18,10,8,741.6
10,76,9,5,4,416.7
10,77,4,3,1,0
10,81,8,3,5,314.4
10,87,2,1,1,0
10,92,35,21,14,1659
10,93,65,32,33,2476.5
10,94,8,4,4,323.2
10,104,7,5,2,287
10,112,3,2,1,0
10,120,4,2,2,0
10,121,10,5,5,488
10,122,5,4,1,299
10,124,12,7,5,313.2
10,125,5,3,2,267
11,0,1,1,0,0
11,1,1,0,1,0
11,14,4,1,3,0
11,25,6,3,3,247.8
11,26,10,5,5,446
11,29,14,8,6,474.6
11,30,5,3,2,140
11,31,4,2,2,0
11,32,27,12,15,1393.2
11,33,30,16,14,1101
11,52,6,2,4,268.8
11,53,16,9,7,716.8
11,54,4,2,2,0
11,58,7,4,3,228.2
11,60,7,3,4,228.9
11,61,5,3,2,275
11,70,6,2,4,336
11,71,31,17,14,1224.5
11,72,29,13,16,1383.3
11,73,161,83,78,6890.8
11,74,66,35,31,2085.6
11,75,7,4,3,259.7
11,83,3,2,1,0
11,84,1,0,1,0
11,92,53,28,25,2342.6
11,93,46,24,22,1991.8
11,94,10,5,5,547
11,103,4,2,2,0
11,104,6,4,2,175.8
11,112,1,1,0,0
11,116,10,5,5,370
11,118,5,3,2,353
11,119,11,6,5,463.1
11,120,4,3,1,0
11,121,5,2,3,145
11,122,2,1,1,0
11,124,10,6,4,531
11,125,2,1,1,0
11,126,1,1,0,0
12,0,2,1,1,0
12,1,15,7,8,433.5
12,5,2,1,1,0
12,6,10,5,5,543
12,10,2,1,1,0
12,11,11,5,6,454.3
12,14,32,17,15,921.6
12,24,7,4,3,247.1
12,33,53,28,25,2453.9
12,34,6,3,3,288
12,35,11,7,4,609.4
12,50,10,5,5,345
12,51,4,2,2,0
12,58,19,8,11,970.9
12,59,8,3,5,411.2
12,60,21,13,8,1281
12,61,5,3,2,262
12,62,14,6,8,355.6
12,66,9,7,2,380.7
12,67,21,12,9,867.3
12,69,222,105,117,8547
12,70,205,106,99,7052
12,71,7,2,5,228.9
12,72,19,7,12,691.6
12,73,48,20,28,1588.8
12,74,10,5,5,467
12,81,2,0,2,0
12,82,22,10,12,972.4
12,83,3,1,2,0
12,84,6,3,3,289.8
12,91,26,9,17,910
12,92,59,26,33,2301
12,93,117,61,56,5253.3
12,94,38,15,23,1478.2
12,103,9,5,4,308.7
12,104,20,9,11,948
12,113,1,1,0,0
12,118,8,4,4,248
12,119,7,3,4,151.9
12,124,6,4,2,417
12,125,1,1,0,0
12,126,8,5,3,479.2
13,0,11,4,7,536.8
13,1,9,5,4,343.8
13,5,5,2,3,242
13,6,3,1,2,0
13,7,17,9,8,955.4
13,13,5,3,2,201
13,14,49,25,24,1974.7
13,15,3,2,1,0
13,23,4,3,1,0
13,24,20,10,10,858
13,31,5,3,2,264
13,49,2,1,1,0
13,58,16,9,7,643.2
13,59,25,17,8,852.5
13,60,6,4,2,253.2
13,61,13,7,6,734.5
13,62,3,2,1,0
13,63,6,5,1,238.2
13,65,16,9,7,852.8
13,66,51,27,24,1963.5
13,67,67,37,30,2854.2
13,68,21,11,10,1131.9
13,69,540,244,296,25164
13,70,98,52,46,3753.4
13,71,47,23,24,2044.5
13,72,20,10,10,740
13,73,6,3,3,256.8
13,80,14,8,6,694.4
13,81,11,6,5,467.5
13,90,9,6,3,469.8
13,91,3,2,1,0
13,92,163,78,85,6259.2
13,93,82,40,42,3271.8
13,94,36,17,19,1695.6
13,102,4,3,1,0
13,103,2,1,1,0
13,104,1,0,1,0
13,113,2,1,1,0
13,114,10,4,6,287
13,115,3,1,2,0
13,121,1,1,0,0
14,0,6,2,4,229.2
14,1,2,1,1,0
14,6,13,6,7,569.4
14,7,16,6,10,747.2
14,8,7,4,3,448.7
14,9,43,21,22,1853.3
14,13,20,9,11,720
14,14,141,76,65,5668.2
14,15,7,5,2,308.7
14,22,5,4,1,131
14,24,5,3,2,295
14,58,94,54,40,3590.8
14,59,44,25,19,1676.4
14,60,7,4,3,499.8
14,62,2,1,1,0
14,63,17,7,10,615.4
14,64,12,7,5,448.8
14,65,21,9,12,1005.9
14,66,6,4,2,289.2
14,67,10,5,5,376
14,68,19,10,9,733.4
14,69,71,39,32,3564.2
14,70,64,35,29,2668.8
14,71,30,17,13,1182
14,80,1,0,1,0
14,88,10,6,4,294
14,89,19,9,10,666.9
14,90,28,14,14,1108.8
14,91,137,69,68,6041.7
14,92,108,57,51,3974.4
14,93,45,21,24,1840.5
14,94,21,10,11,600.6
14,102,16,10,6,520
14,103,1,0,1,0
15,0,1,1,0,0
15,2,3,1,2,0
15,6,7,3,4,427.7
15,7,6,2,4,205.8
15,8,1,1,0,0
15,9,2,1,1,0
15,11,4,3,1,0
15,12,6,3,3,259.8
15,13,170,82,88,6188
15,14,549,272,277,23607
15,15,26,15,11,860.6
15,23,3,2,1,0
15,42,2,0,2,0
15,51,1,0,1,0
15,56,9,5,4,405.9
15,57,165,90,75,6154.5
15,58,86,39,47,3035.8
15,62,3,2,1,0
15,63,11,6,5,299.2
15,64,15,8,7,735
15,65,3,2,1,0
15,66,10,5,5,473
15,67,28,18,10,1414
15,68,50,20,30,2205
15,69,12,6,6,732
15,70,36,20,16,1515.6
15,71,13,7,6,345.8
15,88,44,24,20,1958
15,89,42,21,21,1839.6
15,90,103,50,53,3574.1
15,91,50,26,24,1860
15,92,30,16,14,1047
15,93,39,24,15,1489.8
15,99,2,1,1,0
15,101,2,1,1,0
15,102,6,4,2,103.8
15,103,2,1,1,0
16,0,6,3,3,277.2
16,3,1,1,0,0
16,7,1,0,1,0
16,13,44,25,19,1289.2
16,14,153,76,77,5967
16,15,22,12,10,897.6
16,16,8,5,3,348.8
16,17,38,21,17,1512.4
16,18,32,18,14,1619.2
16,22,3,1,2,0
16,29,12,6,6,543.6
16,40,1,1,0,0
16,42,5,4,1,282
16,54,1,1,0,0
16,55,93,47,46,4268.7
16,56,346,165,181,15466.2
16,57,226,109,117,8429.8
16,58,55,31,24,2453
16,59,5,1,4,149
16,60,11,8,3,525.8
16,61,16,10,6,481.6
16,67,7,5,2,231
16,68,14,6,8,646.8
16,69,40,18,22,1384
16,70,12,8,4,624
16,86,26,17,9,1011.4
16,87,55,29,26,2299
16,88,251,137,114,10717.7
16,89,48,29,19,2068.8
16,90,773,363,410,38572.7
16,91,53,25,28,1998.1
16,100,2,1,1,0
16,102,1,0,1,0
16,105,2,1,1,0
17,0,6,4,2,322.8
17,1,5,1,4,293
17,2,28,14,14,1013.6
17,3,10,6,4,470
17,8,11,5,6,458.7
17,11,2,1,1,0
17,13,29,17,12,1354.3
17,14,109,66,43,4152.9
17,15,21,11,10,903
17,17,38,21,17,1455.4
17,18,52,25,27,1820
17,19,7,4,3,263.2
17,20,19,11,8,830.3
17,21,19,10,9,657.4
17,22,25,14,11,1177.5
17,30,1,0,1,0
17,55,24,15,9,940.8
17,56,607,298,309,25676.1
17,57,483,236,247,20479.2
17,58,127,66,61,5461
17,59,40,21,19,1880
17,60,2,1,1,0
17,61,10,6,4,456
17,62,13,5,8,604.5
17,65,5,3,2,201
17,68,19,10,9,733.4
17,69,119,58,61,4629.1
17,70,157,77,80,7222
17,71,6,4,2,178.2
17,86,25,12,13,972.5
17,87,52,26,26,2168.4
17,89,98,52,46,4145.4
17,90,61,33,28,3050
17,99,18,11,7,770.4
17,102,10,5,5,332
17,105,2,1,1,0
18,0,7,2,5,329.7
18,1,5,3,2,215
18,2,19,9,10,697.3
18,7,2,1,1,0
18,8,2,1,1,0
18,11,16,9,7,926.4
18,12,63,41,22,2715.3
18,13,167,84,83,6362.7
18,14,33,14,19,1161.6
18,16,10,4,6,476
18,17,20,9,11,820
18,18,10,6,4,320
18,19,39,24,15,1158.3
18,20,20,11,9,790
18,32,5,3,2,216
18,33,15,7,8,541.5
18,55,51,28,23,2259.3
18,56,293,145,148,11368.4
18,57,74,41,33,2523.4
18,59,3,2,1,0
18,66,5,2,3,179
18,67,31,18,13,1255.5
18,68,36,21,15,1116
18,69,164,88,76,5740
18,70,8,4,4,444
18,71,24,15,9,1188
18,72,13,8,5,737.1
18,86,16,10,6,523.2
18,87,52,30,22,1970.8
18,88,154,74,80,6514.2
18,89,26,10,16,746.2
18,95,5,4,1,138
18,97,11,6,5,462
18,98,16,7,9,603.2
18,99,35,19,16,1501.5
18,108,5,2,3,334
18,109,1,1,0,0
19,2,26,13,13,1076.4
19,3,23,12,11,1069.5
19,4,28,14,14,1310.4
19,5,29,14,15,1200.6
19,6,8,4,4,404
19,7,2,1,1,0
19,8,5,2,3,131
19,9,1,1,0,0
19,10,53,29,24,2533.4
19,11,244,137,107,9540.4
19,12,30,14,16,1053
19,13,195,106,89,7254
19,14,575,288,287,20585
19,16,2,1,1,0
19,17,7,3,4,373.8
19,18,4,2,2,0
19,55,112,51,61,4356.8
19,56,133,75,58,5852
19,57,2,1,1,0
19,69,17,9,8,683.4
19,70,15,7,8,721.5
19,71,11,6,5,608.3
19,72,56,28,28,2262.4
19,73,11,6,5,440
19,77,1,0,1,0
19,84,3,1,2,0
19,85,15,8,7,706.5
19,86,31,15,16,1193.5
19,87,8,4,4,296
19,88,895,457,438,38216.5
19,89,497,261,236,18985.4
19,90,286,151,135,11726
19,94,4,4,0,0
19,95,12,8,4,582
19,97,15,5,10,544.5
19,107,1,0,1,0
19,108,40,21,19,1824
20,2,5,3,2,340
20,3,11,7,4,301.4
20,5,17,8,9,673.2
20,6,5,2,3,87
20,8,25,13,12,1115
20,9,66,36,30,2686.2
20,10,639,311,328,27477
20,11,786,376,410,31754.4
20,12,69,35,34,2642.7
20,13,2,1,1,0
20,14,514,239,275,22410.4
20,15,129,65,64,4992.3
20,19,1,1,0,0
20,24,9,5,4,408.6
20,25,1,1,0,0
20,27,2,1,1,0
20,39,4,2,2,0
20,40,24,11,13,784.8
20,45,5,2,3,235
20,55,37,16,21,1579.9
20,56,39,22,17,1493.7
20,59,2,0,2,0
20,60,7,4,3,317.1
20,61,5,4,1,273
20,69,24,10,14,1060.8
20,70,42,21,21,1583.4
20,71,30,18,12,1128
20,72,20,10,10,748
20,73,28,12,16,1156.4
20,77,14,7,7,628.6
20,78,11,5,6,647.9
20,79,2,1,1,0
20,80,10,5,5,440
20,81,7,3,4,336.7
20,82,2,1,1,0
20,83,24,11,13,1173.6
20,84,17,9,8,916.3
20,87,218,111,107,8785.4
20,88,1645,794,851,68761
20,89,1124,551,573,44847.6
20,90,770,368,402,31878
20,91,103,47,56,3903.7
20,92,117,59,58,4399.2
20,93,10,4,6,347
20,94,13,6,7,458.9
20,95,5,2,3,294
20,107,1,1,0,0
20,108,1,0,1,0
20,111,1,0,1,0
21,2,4,3,1,0
21,3,4,2,2,0
21,7,21,10,11,741.3
21,8,85,42,43,4088.5
21,9,94,52,42,3816.4
21,10,1409,688,721,66363.9
21,11,1232,581,651,52606.4
21,12,209,99,110,9425.9
21,13,26,11,15,995.8
21,14,76,38,38,3085.6
21,15,118,65,53,4236.2
21,16,17,7,10,680
21,17,10,7,3,572
21,25,16,8,8,561.6
21,26,8,4,4,416
21,33,1,1,0,0
21,35,2,1,1,0
21,39,30,18,12,1287
21,44,1,1,0,0
21,45,6,3,3,271.2
21,54,7,4,3,492.8
21,55,42,25,17,1617
21,56,27,16,11,988.2
21,59,2,2,0,0
21,60,66,40,26,3049.2
21,61,35,21,14,1823.5
21,68,3,2,1,0
21,69,17,10,7,836.4
21,70,16,7,9,475.2
21,71,38,20,18,1630.2
21,72,149,79,70,4753.1
21,73,35,20,15,1564.5
21,74,20,10,10,892
21,75,3,2,1,0
21,76,8,4,4,363.2
21,77,23,12,11,991.3
21,78,7,5,2,373.8
21,79,10,4,6,258
21,80,17,10,7,715.7
21,81,2,1,1,0
21,82,5,3,2,160
21,85,40,22,18,1664
21,86,17,8,9,855.1
21,87,428,197,231,17847.6
21,88,742,369,373,30051
21,89,389,178,211,16532.5
21,91,10,7,3,345
21,92,5,3,2,117
21,93,74,34,40,2738
21,94,85,40,45,3434
21,95,5,2,3,263
21,101,1,1,0,0
21,106,1,1,0,0
21,107,15,11,4,484.5
22,3,7,5,2,252
22,4,4,3,1,0
22,5,21,12,9,966
22,6,34,18,16,1455.2
22,7,19,10,9,782.8
22,8,5,3,2,296
22,10,297,146,151,14404.5
22,11,528,255,273,26030.4
22,12,3,2,1,0
22,14,19,11,8,733.4
22,15,42,22,20,2058
22,16,13,6,7,603.2
22,17,6,2,4,187.2
22,20,1,0,1,0
22,24,12,7,5,517.2
22,25,13,8,5,721.5
22,34,17,10,7,770.1
22,37,4,2,2,0
22,39,13,7,6,408.2
22,43,2,1,1,0
22,44,27,15,12,1233.9
22,47,2,1,1,0
22,49,1,1,0,0
22,53,27,14,13,1215
22,54,117,67,50,4761.9
22,55,31,13,18,1388.8
22,56,39,19,20,1860.3
22,60,2,1,1,0
22,63,7,4,3,287.7
22,68,5,2,3,329
22,69,1,1,0,0
22,70,3,2,1,0
22,71,59,32,27,2790.7
22,72,137,64,73,5603.3
22,74,6,2,4,349.8
22,75,47,29,18,1706.1
22,76,21,13,8,705.6
22,77,25,12,13,1295
22,78,10,5,5,506
22,79,35,15,20,1417.5
22,80,7,5,2,307.3
22,81,9,4,5,469.8
22,82,227,113,114,9057.3
22,83,81,40,41,4195.8
22,84,14,8,6,879.2
22,85,20,13,7,754
22,86,6,4,2,277.2
22,88,453,229,224,17667
22,89,138,70,68,6223.8
22,93,2,1,1,0
22,105,5,2,3,243
22,106,42,26,16,1885.8
23,7,15,8,7,702
23,8,4,2,2,0
23,9,9,5,4,410.4
23,11,2,0,2,0
23,14,2,1,1,0
23,15,10,6,4,451
23,17,4,2,2,0
23,19,6,2,4,238.8
23,20,1,1,0,0
23,21,7,4,3,308.7
23,22,3,2,1,0
23,23,5,3,2,186
23,34,2,0,2,0
23,36,11,4,7,385
23,38,1,1,0,0
23,39,25,12,13,1170
23,42,4,2,2,0
23,43,24,11,13,1164
23,44,23,11,12,1133.9
23,45,12,6,6,598.8
23,46,11,4,7,434.5
23,47,12,6,6,355.2
23,50,20,11,9,708
23,51,19,11,8,877.8
23,52,30,15,15,1032
23,53,21,10,11,714
23,54,19,12,7,1024.1
23,55,2,1,1,0
23,56,5,3,2,265
23,75,12,7,5,603.6
23,76,46,22,24,1876.8
23,77,7,4,3,494.2
23,79,3,2,1,0
23,80,33,22,11,1211.1
23,81,51,27,24,2356.2
23,82,53,24,29,2305.5
23,83,13,6,7,530.4
24,8,14,9,5,663.6
24,9,45,23,22,1984.5
24,11,5,3,2,316
24,13,12,9,3,658.8
24,14,16,9,7,784
24,15,12,6,6,433.2
24,18,6,4,2,205.2
24,19,3,2,1,0
24,20,7,6,1,216.3
24,21,19,10,9,733.4
24,22,2,2,0,0
24,33,9,4,5,468.9
24,35,8,5,3,447.2
24,36,20,9,11,740
24,38,5,2,3,339
24,43,4,2,2,0
24,44,4,2,2,0
24,45,3,2,1,0
24,46,13,6,7,409.5
24,47,17,8,9,989.4
24,48,49,25,24,1690.5
24,49,15,9,6,436.5
24,50,27,15,12,1212.3
24,51,30,15,15,1455
24,52,11,4,7,423.5
24,53,24,12,12,976.8
24,54,3,2,1,0
24,57,13,7,6,572
24,58,10,7,3,572
24,74,3,2,1,0
25,9,58,27,31,2238.8
25,10,3,2,1,0
25,13,3,1,2,0
25,15,5,4,1,204
25,16,18,10,8,761.4
25,17,16,11,5,872
25,18,1,1,0,0
25,19,2,1,1,0
25,20,16,6,10,689.6
25,35,3,1,2,0
25,36,9,3,6,342
25,37,102,51,51,4029
25,38,13,7,6,413.4
25,39,16,7,9,660.8
25,46,6,4,2,271.2
25,47,4,3,1,0
25,48,100,51,49,3830
25,49,88,43,45,4312
25,50,22,10,12,860.2
25,91,3,2,1,0
25,107,6,3,3,142.2
25,118,1,1,0,0
26,8,2,1,1,0
26,9,28,15,13,1187.2
26,10,2,2,0,0
26,12,1,1,0,0
26,13,6,1,5,195
26,14,8,4,4,510.4
26,15,2,1,1,0
26,16,5,3,2,348
26,17,16,8,8,753.6
26,18,13,5,8,455
26,20,2,2,0,0
26,21,21,14,7,1071
26,35,4,2,2,0
26,38,7,5,2,272.3
26,46,10,6,4,533
26,47,10,7,3,461
26,49,11,6,5,386.1
26,52,2,1,1,0
26,88,1,1,0,0
26,105,4,1,3,0
26,106,8,5,3,396
26,107,2,1,1,0
27,7,2,1,1,0
27,8,32,16,16,1372.8
27,9,13,8,5,380.9
27,10,7,3,4,322.7
27,11,4,3,1,0
27,12,10,4,6,511
27,13,4,4,0,0
27,14,4,2,2,0
27,15,1,1,0,0
27,18,9,6,3,386.1
27,19,21,12,9,1052.1
27,21,5,2,3,146
27,38,1,1,0,0
27,46,57,29,28,1710
27,47,79,42,37,2133
27,52,4,2,2,0
27,105,14,8,6,681.8
27,107,10,5,5,505
27,123,6,3,3,283.8
27,125,10,3,7,501
27,127,7,3,4,338.8
28,8,21,9,12,1039.5
28,10,9,4,5,307.8
28,12,3,2,1,0
28,13,2,1,1,0
28,14,4,2,2,0
28,15,1,1,0,0
28,18,5,2,3,216
28,19,16,9,7,617.6
28,20,2,1,1,0
28,21,4,3,1,0
28,38,1,0,1,0
28,39,8,5,3,302.4
28,45,21,9,12,1068.9
28,46,51,30,21,1943.1
28,47,8,4,4,364.8
28,51,53,30,23,1876.2
28,105,5,4,1,197
28,107,11,6,5,356.4
28,122,7,3,4,471.1
28,123,4,3,1,0
28,124,7,4,3,294.7
28,125,8,5,3,360.8
28,126,6,2,4,352.2
28,127,2,1,1,0
29,12,1,1,0,0
29,14,1,0,1,0
29,17,1,1,0,0
29,19,18,8,10,579.6
29,20,15,7,8,651
29,21,3,2,1,0
29,22,5,4,1,181
29,28,5,3,2,88
29,29,4,2,2,0
29,31,1,0,1,0
29,38,16,8,8,409.6
29,39,40,18,22,1480
29,40,4,2,2,0
29,41,8,5,3,287.2
29,42,8,4,4,358.4
29,45,8,5,3,420.8
29,46,18,9,9,660.6
29,47,11,5,6,346.5
29,48,1,1,0,0
29,49,9,3,6,312.3
29,50,48,27,21,1944
29,51,5,3,2,134
29,90,4,3,1,0
29,103,1,1,0,0
29,104,28,16,12,1156.4
29,105,3,2,1,0
29,106,2,1,1,0
29,120,3,1,2,0
29,121,18,10,8,667.8
29,123,6,3,3,241.8
29,125,3,2,1,0
29,126,10,4,6,427
30,17,48,25,23,2438.4
30,18,9,6,3,353.7
30,19,3,2,1,0
30,20,5,3,2,136
30,21,60,26,34,2394
30,22,20,13,7,638
30,27,6,2,4,256.8
30,28,12,7,5,489.6
30,32,1,0,1,0
30,35,18,10,8,826.2
30,38,7,4,3,154
30,39,155,81,74,6897.5
30,40,1,0,1,0
30,42,14,7,7,677.6
30,43,17,10,7,627.3
30,44,23,12,11,959.1
30,45,46,24,22,1899.8
30,46,13,6,7,556.4
30,47,2,1,1,0
30,48,100,56,44,4550
30,49,274,137,137,10302.4
30,50,9,5,4,374.4
30,58,5,4,1,275
30,103,5,3,2,131
30,104,1,0,1,0
30,105,2,1,1,0
30,113,1,1,0,0
30,120,16,7,9,516.8
30,121,14,7,7,662.2
30,122,11,6,5,515.9
30,123,5,3,2,236
30,127,10,5,5,256
31,8,42,21,21,1608.6
31,9,17,5,12,564.4
31,11,1,1,0,0
31,16,18,10,8,916.2
31,17,103,55,48,4707.1
31,18,10,5,5,442
31,20,65,36,29,2678
31,21,221,120,101,8088.6
31,24,2,1,1,0
31,25,1,1,0,0
31,26,28,17,11,952
31,35,58,30,28,2250.4
31,36,146,82,64,5139.2
31,37,24,13,11,1183.2
31,38,2,1,1,0
31,39,13,4,9,665.6
31,40,14,8,6,684.6
31,41,19,10,9,891.1
31,42,6,3,3,276
31,43,25,13,12,1015
31,44,4,2,2,0
31,45,67,33,34,2847.5
31,46,194,103,91,8555.4
31,47,110,55,55,4301
31,48,705,364,341,28129.5
31,49,204,105,99,7548
31,92,2,1,1,0
31,93,5,2,3,308
31,94,5,2,3,67
31,103,9,5,4,369
31,104,30,14,16,1287
31,105,24,9,15,832.8
31,106,3,1,2,0
31,120,24,13,11,926.4
31,121,58,33,25,2192.4
31,126,11,5,6,573.1
31,127,18,10,8,793.8
32,9,15,9,6,931.5
32,10,4,3,1,0
32,16,14,9,5,593.6
32,17,5,3,2,336
32,18,48,29,19,2222.4
32,19,18,10,8,640.8
32,20,31,18,13,1286.5
32,21,8,3,5,287.2
32,22,4,1,3,0
32,26,18,11,7,939.6
32,32,4,2,2,0
32,36,587,295,292,22482.1
32,37,197,104,93,9495.4
32,39,10,6,4,504
32,40,16,9,7,644.8
32,41,17,8,9,722.5
32,42,10,5,5,234
32,43,8,5,3,354.4
32,44,31,17,14,1202.8
32,45,45,24,21,1858.5
32,46,1082,561,521,42630.8
32,47,788,424,364,25925.2
32,48,267,139,128,10760.1
32,49,208,107,101,8964.8
32,56,14,10,4,519.4
32,58,22,11,11,930.6
32,72,2,1,1,0
32,73,2,1,1,0
32,94,29,13,16,1075.9
32,95,4,2,2,0
32,103,26,10,16,1055.6
32,120,8,5,3,180
32,121,163,81,82,7253.5
32,122,9,5,4,285.3
32,127,17,12,5,644.3
33,17,8,4,4,240.8
33,18,1,1,0,0
33,19,59,31,28,2755.3
33,20,5,3,2,285
33,21,23,11,12,1156.9
33,22,118,49,69,6714.2
33,23,18,8,10,779.4
33,26,13,6,7,451.1
33,32,5,2,3,194
33,33,1,1,0,0
33,35,179,95,84,7177.9
33,36,165,85,80,6517.5
33,40,12,6,6,523.2
33,41,2,1,1,0
33,42,11,8,3,572
33,43,5,2,3,302
33,45,25,16,9,1027.5
33,46,141,72,69,5245.2
33,47,956,481,475,37092.8
33,48,1705,770,935,75702
33,49,2661,1227,1434,100053.6
33,50,172,88,84,7533.6
33,51,33,19,14,1310.1
33,52,9,5,4,318.6
33,53,40,19,21,1392
33,54,74,39,35,3019.2
33,55,23,12,11,1058
33,56,24,13,11,938.4
33,57,8,6,2,219.2
33,58,3,1,2,0
33,69,11,7,4,328.9
33,70,2,1,1,0
33,71,2,1,1,0
33,74,1,1,0,0
33,94,3,3,0,0
33,95,11,4,7,319
33,102,4,2,2,0
33,103,8,4,4,378.4
33,110,1,1,0,0
33,118,4,3,1,0
33,119,5,2,3,324
33,120,19,9,10,710.6
33,125,3,1,2,0
33,126,1,1,0,0
33,127,9,6,3,496.8
34,17,29,18,11,1273.1
34,18,31,16,15,1484.9
34,19,56,29,27,2609.6
34,20,1,1,0,0
34,21,26,12,14,920.4
34,22,27,14,13,901.8
34,23,6,3,3,367.2
34,26,25,12,13,927.5
34,28,6,2,4,172.2
34,29,9,4,5,435.6
34,30,2,1,1,0
34,31,35,19,16,1312.5
34,32,35,21,14,1435
34,33,11,6,5,476.3
34,38,128,67,61,5619.2
34,39,16,9,7,740.8
34,40,12,6,6,603.6
34,44,25,14,11,990
34,45,534,274,260,21253.2
34,46,1205,595,610,44344
34,47,1061,546,515,42546.1
34,48,1241,607,634,50881
34,49,337,170,167,11862.4
34,50,138,61,77,5271.6
34,51,306,154,152,9669.6
34,52,347,180,167,11312.2
34,53,82,43,39,3632.6
34,54,134,72,62,4462.2
34,55,130,60,70,5577
34,56,39,19,20,1657.5
34,57,42,24,18,1785
34,58,17,8,9,710.6
34,59,4,0,4,0
34,68,4,3,1,0
34,69,7,5,2,272.3
34,74,4,3,1,0
34,75,4,2,2,0
34,95,1,1,0,0
34,103,3,1,2,0
34,118,23,10,13,862.5
34,119,5,2,3,220
34,122,37,20,17,1557.7
34,123,1,1,0,0
35,18,3,2,1,0
35,19,2,1,1,0
35,20,60,31,29,2298
35,21,12,4,8,388.8
35,22,17,8,9,622.2
35,23,30,12,18,888
35,25,6,3,3,238.2
35,26,9,6,3,369
35,27,6,3,3,333
35,29,18,8,10,568.8
35,30,8,6,2,378.4
35,31,79,36,43,3144.2
35,32,13,8,5,429
35,38,28,16,12,1206.8
35,39,30,19,11,1314
35,40,115,63,52,4945
35,41,540,269,271,21438
35,42,10,5,5,427
35,43,20,12,8,656
35,44,331,159,172,13041.4
35,45,927,457,470,37636.2
35,46,589,251,338,24620.2
35,47,2181,1107,1074,88548.6
35,48,2594,1198,1396,119842.8
35,49,760,372,388,29260
35,50,907,436,471,33105.5
35,51,489,237,252,18484.2
35,52,92,48,44,4075.6
35,53,38,17,21,1546.6
35,54,11,4,7,416.9
35,56,5,3,2,139
35,67,1,1,0,0
35,68,2,1,1,0
35,102,23,13,10,998.2
35,103,73,39,34,2591.5
35,118,23,9,14,917.7
35,119,5,1,4,310
35,121,9,4,5,376.2
35,122,4,3,1,0
35,123,5,3,2,319
36,20,2,1,1,0
36,21,48,21,27,2280
36,22,11,5,6,553.3
36,23,41,23,18,1537.5
36,24,5,3,2,255
36,25,4,3,1,0
36,27,28,15,13,1080.8
36,29,75,30,45,2407.5
36,30,14,8,6,543.2
36,31,47,24,23,1673.2
36,32,29,14,15,1238.3
36,38,11,5,6,448.8
36,39,430,231,199,16555
36,40,927,477,450,39212.1
36,41,1651,775,876,57950.1
36,42,215,113,102,8987
36,43,136,63,73,6718.4
36,44,1498,731,767,56774.2
36,45,2227,1112,1115,87743.8
36,46,1536,729,807,63744
36,47,2290,1185,1105,93432
36,48,2178,1062,1116,88209
36,49,494,239,255,21686.6
36,50,171,87,84,5882.4
36,51,39,19,20,1602.9
36,52,58,33,25,2227.2
36,53,35,21,14,1606.5
36,54,34,19,15,1145.8
36,95,12,7,5,406.8
36,99,4,2,2,0
36,102,16,9,7,625.6
36,103,36,18,18,1400.4
36,117,4,3,1,0
36,118,18,10,8,885.6
36,119,2,1,1,0
36,120,4,2,2,0
36,123,13,6,7,328.9
36,125,2,1,1,0
36,126,2,1,1,0
36,127,7,4,3,305.2
37,21,60,30,30,2364
37,22,1,1,0,0
37,23,7,4,3,366.1
37,24,39,18,21,1454.7
37,25,42,25,17,1575
37,26,8,7,1,290.4
37,27,37,17,20,1280.2
37,28,43,22,21,1887.7
37,29,535,300,235,16799
37,32,17,9,8,637.5
37,33,40,22,18,1524
37,34,51,26,25,2034.9
37,35,53,29,24,2157.1
37,36,1012,521,491,37747.6
37,37,184,96,88,6384.8
37,38,1295,670,625,50634.5
37,39,1710,852,858,77463
37,40,2193,1030,1163,93641.1
37,41,1518,746,772,60568.2
37,42,1182,586,596,46452.6
37,43,427,225,202,16695.7
37,44,1047,527,520,41251.8
37,45,744,369,375,29983.2
37,46,1324,629,695,53489.6
37,47,1035,523,512,37674
37,48,346,175,171,11798.6
37,49,56,29,27,2508.8
37,50,137,69,68,6165
37,51,16,7,9,716.8
37,52,18,10,8,547.2
37,53,28,11,17,674.8
37,102,13,8,5,481
37,103,24,15,9,993.6
37,117,13,7,6,438.1
37,118,14,10,4,726.6
37,123,2,1,1,0
37,124,1,1,0,0
37,125,20,11,9,1190
37,126,19,9,10,767.6
37,127,20,14,6,908
38,22,6,4,2,205.2
38,23,19,11,8,818.9
38,24,1,0,1,0
38,25,30,17,13,1272
38,26,3,2,1,0
38,27,49,22,27,2224.6
38,28,270,140,130,10503
38,29,631,317,314,21706.4
38,30,27,16,11,907.2
38,32,137,68,69,5082.7
38,33,584,288,296,19856
38,34,92,40,52,3174
38,35,822,415,407,30742.8
38,36,1565,764,801,63539
38,37,1336,614,722,51168.8
38,38,1233,583,650,50306.4
38,39,2152,1041,1111,95548.8
38,40,1941,932,1009,82298.4
38,41,1537,751,786,66244.7
38,42,936,456,480,36129.6
38,43,1446,678,768,61599.6
38,44,266,131,135,10507
38,45,27,12,15,1204.2
38,46,4,1,3,0
38,47,28,13,15,1176
38,48,241,121,120,10073.8
38,49,23,13,10,853.3
38,50,98,52,46,3773
38,51,45,23,22,1674
38,52,22,11,11,950.4
38,53,23,16,7,926.9
38,58,6,2,4,249
38,59,13,7,6,461.5
38,85,12,6,6,361.2
38,102,26,15,11,1066
38,103,31,14,17,1395
38,104,13,8,5,611
38,111,4,2,2,0
38,114,4,2,2,0
38,116,24,12,12,996
38,117,13,7,6,513.5
38,118,16,7,9,782.4
38,121,4,1,3,0
38,123,5,3,2,318
38,125,35,14,21,1606.5
38,126,56,26,30,2391.2
39,23,6,3,3,145.2
39,24,25,12,13,1050
39,25,49,28,21,2018.8
39,26,20,11,9,798
39,27,25,12,13,972.5
39,28,829,387,442,36807.6
39,29,995,498,497,42586
39,30,754,387,367,27521
39,31,126,67,59,4888.8
39,32,805,406,399,31556
39,33,1476,739,737,55645.2
39,34,1122,566,556,47011.8
39,35,991,496,495,40531.9
39,36,1155,561,594,50011.5
39,37,267,130,137,12655.8
39,38,343,179,164,13136.9
39,39,371,183,188,14543.2
39,40,1251,635,616,50290.2
39,41,809,397,412,31065.6
39,42,855,383,472,44545.5
39,43,46,20,26,1610
39,44,17,9,8,783.7
39,45,14,7,7,530.6
39,46,61,31,30,2226.5
39,47,7,2,5,165.2
39,49,8,5,3,394.4
39,50,13,7,6,704.6
39,51,71,44,27,2847.1
39,52,24,14,10,967.2
39,53,11,6,5,413.6
39,58,10,5,5,439
39,59,89,44,45,3088.3
39,60,11,7,4,227.7
39,85,11,7,4,350.9
39,86,31,18,13,1209
39,87,8,5,3,332
39,92,13,7,6,525.2
39,93,28,18,10,1304.8
39,94,311,154,157,11600.3
39,95,24,9,15,765.6
39,103,26,14,12,1219.4
39,104,7,5,2,207.9
39,107,4,3,1,0
39,109,7,4,3,345.1
39,110,10,5,5,465
39,111,34,21,13,1176.4
39,112,68,35,33,2985.2
39,113,13,7,6,547.3
39,114,3,1,2,0
39,115,13,6,7,401.7
39,116,3,1,2,0
39,117,15,9,6,636
39,118,13,6,7,560.3
39,121,6,4,2,289.2
39,122,2,2,0,0
39,125,10,6,4,504
40,25,15,7,8,514.5
40,26,902,459,443,31750.4
40,27,979,489,490,37691.5
40,28,727,360,367,32278.8
40,29,353,183,170,15637.9
40,30,849,435,414,36846.6
40,31,2,1,1,0
40,32,173,80,93,7300.6
40,33,381,197,184,12725.4
40,34,301,137,164,11137
40,35,522,250,272,24534
40,36,954,474,480,34916.4
40,37,819,396,423,30794.4
40,38,400,198,202,14080
40,39,17,9,8,557.6
40,40,61,24,37,1958.1
40,41,276,135,141,9908.4
40,42,55,30,25,1815
40,43,36,19,17,1584
40,44,59,29,30,2483.9
40,45,24,12,12,1116
40,46,14,8,6,754.6
40,52,1,0,1,0
40,58,34,18,16,1451.8
40,59,62,35,27,2486.2
40,60,24,15,9,806.4
40,63,3,1,2,0
40,64,7,3,4,287
40,86,25,14,11,885
40,87,13,7,6,481
40,88,39,21,18,1899.3
40,89,1,1,0,0
40,92,7,4,3,315.7
40,93,48,25,23,1896
40,94,181,88,93,8796.6
40,101,1,0,1,0
40,102,14,5,9,659.4
40,103,11,5,6,485.1
40,104,40,25,15,1620
40,105,28,16,12,854
40,106,8,4,4,207.2
40,107,22,11,11,866.8
40,108,13,7,6,478.4
40,109,21,13,8,1092
40,110,29,14,15,1563.1
40,111,37,19,18,1272.8
40,112,241,128,113,9712.3
40,113,138,70,68,4485
40,114,56,36,20,2396.8
40,115,18,8,10,815.4
40,116,25,11,14,795
40,117,274,117,157,10658.6
40,118,242,124,118,8760.4
40,120,11,6,5,640.2
40,123,5,2,3,149
40,124,2,1,1,0
40,127,6,3,3,225
41,24,554,292,262,22769.4
41,25,723,352,371,28630.8
41,26,316,159,157,14536
41,27,475,233,242,20472.5
41,29,193,99,94,8414.8
41,31,3,0,3,0
41,32,19,11,8,672.6
41,33,178,95,83,5891.8
41,34,105,61,44,4252.5
41,35,154,74,80,6421.8
41,36,171,80,91,6737.4
41,37,32,17,15,1692.8
41,38,13,7,6,540.8
41,40,6,2,4,214.2
41,41,45,20,25,1687.5
41,42,51,29,22,2182.8
41,43,29,15,14,1452.9
41,44,5,4,1,246
41,46,9,3,6,359.1
41,47,21,10,11,714
41,52,8,4,4,342.4
41,53,105,55,50,3591
41,56,41,18,23,2074.6
41,57,22,11,11,1027.4
41,86,12,7,5,660
41,87,4,2,2,0
41,88,37,20,17,1513.3
41,89,11,7,4,452.1
41,91,11,6,5,588.5
41,92,55,26,29,2244
41,93,83,41,42,3320
41,94,105,57,48,3738
41,95,182,88,94,6006
41,96,683,343,340,24724.6
41,97,513,260,253,20366.1
41,98,14,8,6,688.8
41,99,438,216,222,20498.4
41,100,733,394,339,27047.7
41,101,63,33,30,2179.8
41,102,64,36,28,2528
41,103,39,21,18,1626.3
41,104,55,25,30,1958
41,106,2,2,0,0
41,108,6,3,3,210
41,109,17,6,11,634.1
41,110,6,1,5,240
41,111,13,8,5,516.1
41,112,3,0,3,0
41,113,5,3,2,289
41,114,13,7,6,444.6
41,120,5,2,3,198
41,121,3,2,1,0
41,126,2,1,1,0
42,23,698,344,354,32317.4
42,24,841,429,412,35237.9
42,25,677,321,356,24913.6
42,26,7,5,2,256.2
42,28,5,3,2,290
42,29,128,65,63,5734.4
42,31,2,2,0,0
42,32,13,7,6,543.4
42,33,25,13,12,842.5
42,34,5,4,1,273
42,36,3,2,1,0
42,37,20,9,11,714
42,38,112,67,45,3796.8
42,39,35,19,16,1501.5
42,40,27,15,12,1115.1
42,41,10,5,5,406
42,42,7,3,4,331.8
42,43,5,3,2,158
42,44,5,3,2,185
42,45,17,8,9,605.2
42,46,2,1,1,0
42,47,5,2,3,172
42,53,36,20,16,1216.8
42,54,690,352,338,27186
42,55,50,29,21,1910
42,56,224,111,113,8131.2
42,86,4,2,2,0
42,89,69,40,29,2780.7
42,90,40,22,18,1620
42,91,98,44,54,3469.2
42,92,82,43,39,3575.2
42,93,287,139,148,12111.4
42,94,285,141,144,11314.5
42,95,775,406,369,29915
42,96,675,341,334,25650
42,97,1134,587,547,47968.2
42,98,1431,705,726,63679.5
42,99,1515,756,759,65902.5
42,100,1200,592,608,42480
42,101,131,68,63,5685.4
42,102,30,14,16,1128
42,103,7,2,5,319.9
42,110,7,4,3,352.8
43,24,1,1,0,0
43,30,9,5,4,299.7
43,31,7,4,3,172.2
43,32,4,3,1,0
43,33,9,5,4,406.8
43,34,3,2,1,0
43,35,9,5,4,369.9
43,39,13,10,3,393.9
43,40,25,13,12,1152.5
43,41,17,10,7,836.4
43,42,11,4,7,311.3
43,43,2,1,1,0
43,45,1,1,0,0
43,54,276,124,152,12337.2
43,55,57,27,30,2764.5
43,56,119,58,61,4117.4
43,68,3,2,1,0
43,70,1,0,1,0
43,87,5,3,2,190
43,88,6,4,2,405
43,89,25,13,12,885
43,90,87,44,43,3741
43,91,168,83,85,5409.6
43,92,23,14,9,972.9
43,93,70,30,40,2310
43,94,12,5,7,434.4
43,95,1457,705,752,40796
43,96,1473,775,698,54648.3
43,97,1483,745,738,58726.8
43,98,2099,1039,1060,90466.9
43,99,1510,757,753,63873
43,100,258,134,124,10320
43,109,2,1,1,0
44,25,4,2,2,0
44,29,9,2,7,381.6
44,30,2,1,1,0
44,34,13,8,5,518.7
44,41,2,1,1,0
44,42,14,9,5,827.4
44,43,5,3,2,255
44,45,1,1,0,0
44,53,60,32,28,2340
44,54,25,15,10,980
44,55,121,61,60,4767.4
44,89,3,2,1,0
44,90,81,45,36,2656.8
44,91,22,11,11,734.8
44,92,17,8,9,555.9
44,93,300,160,140,11940
44,94,11,7,4,420.2
44,96,44,24,20,1839.2
44,97,292,156,136,12205.6
44,98,855,452,403,30780
44,99,612,313,299,21970.8
44,100,7,4,3,256.9
44,101,13,9,4,484.9
44,105,5,3,2,212
44,107,4,1,3,0
44,108,3,0,3,0
44,118,6,3,3,259.8
44,119,3,2,1,0
45,24,9,4,5,354.6
45,25,2,2,0,0
45,31,1,1,0,0
45,32,4,3,1,0
45,33,48,24,24,2068.8
45,34,7,6,1,394.1
45,38,5,2,3,135
45,43,6,3,3,271.2
45,44,3,2,1,0
45,51,56,28,28,2346.4
45,52,25,13,12,1307.5
45,53,8,4,4,411.2
45,55,6,3,3,291
45,90,42,26,16,2205
45,91,9,6,3,367.2
45,92,10,6,4,367
45,93,67,36,31,2680
45,97,9,4,5,506.7
45,98,23,14,9,949.9
45,99,67,35,32,2572.8
45,100,6,5,1,214.2
45,101,6,4,2,285
45,102,23,13,10,1007.4
45,103,5,3,2,318
45,104,2,1,1,0
45,107,11,5,6,408.1
45,108,10,6,4,274
45,109,14,6,8,515.2
45,110,8,3,5,276.8
45,119,4,2,2,0
46,20,1,1,0,0
46,27,8,3,5,407.2
46,30,2,1,1,0
46,32,151,79,72,6115.5
46,33,270,139,131,11691
46,34,33,21,12,1458.6
46,35,22,10,12,1020.8
46,36,12,7,5,282
46,37,11,5,6,454.3
46,38,9,6,3,309.6
46,39,9,3,6,428.4
46,40,7,4,3,331.1
46,41,4,1,3,0
46,44,3,2,1,0
46,50,41,21,20,1607.2
46,51,11,5,6,621.5
46,52,5,3,2,256
46,55,9,4,5,322.2
46,89,25,13,12,922.5
46,90,29,15,14,1012.1
46,91,12,7,5,432
46,92,28,16,12,1145.2
46,93,42,22,20,1680
46,94,35,17,18,1725.5
46,95,12,6,6,436.8
46,96,7,1,6,254.8
46,98,17,7,10,659.6
46,99,25,15,10,1115
46,100,11,7,4,415.8
46,102,4,2,2,0
46,104,3,2,1,0
46,106,3,1,2,0
47,20,28,17,11,1198.4
47,21,2,1,1,0
47,27,2,1,1,0
47,30,7,5,2,247.8
47,31,2,1,1,0
47,32,86,40,46,3371.2
47,36,6,2,4,196.2
47,40,1,1,0,0
47,41,5,2,3,231
47,42,40,23,17,1624
47,43,64,34,30,2323.2
47,44,14,10,4,364
47,50,18,9,9,855
47,51,7,4,3,161
47,61,1,1,0,0
47,89,36,20,16,1202.4
47,90,14,8,6,729.4
47,91,30,17,13,1119
47,92,3,2,1,0
47,95,29,13,16,1157.1
47,96,24,14,10,1080
47,97,5,4,1,240
47,99,5,2,3,247
47,100,29,16,13,1049.8
47,119,5,2,3,212
47,123,4,3,1,0
47,126,4,3,1,0
48,19,77,41,36,3734.5
48,20,359,182,177,15688.3
48,21,187,99,88,8134.5
48,22,246,118,128,11660.4
48,23,10,5,5,433
48,24,4,2,2,0
48,26,52,27,25,1950
48,27,9,6,3,334.8
48,29,7,4,3,349.3
48,32,27,13,14,1090.8
48,33,2,2,0,0
48,41,1,1,0,0
48,42,21,13,8,882
48,47,7,3,4,326.9
48,48,3,2,1,0
48,49,4,2,2,0
48,50,49,23,26,1940.4
48,51,14,7,7,330.4
48,89,60,35,25,1962
48,90,57,32,25,2262.9
48,91,32,15,17,1472
48,92,10,5,5,562
48,96,27,15,12,1163.7
48,97,35,20,15,1169
48,98,10,3,7,344
48,99,8,4,4,264
48,100,16,7,9,758.4
48,113,1,1,0,0
48,121,2,1,1,0
48,126,9,5,4,324
49,19,31,15,16,1655.4
49,20,15,11,4,586.5
49,21,236,112,124,10502
49,22,488,241,247,19324.8
49,23,196,96,100,5252.8
49,26,58,31,27,2668
49,28,9,4,5,264.6
49,30,2,0,2,0
49,42,13,8,5,542.1
49,47,3,1,2,0
49,48,1,1,0,0
49,49,13,7,6,377
49,56,2,1,1,0
49,77,2,1,1,0
49,78,2,1,1,0
49,84,7,4,3,277.2
49,85,11,5,6,592.9
49,86,12,6,6,423.6
49,87,17,8,9,700.4
49,88,37,14,23,1098.9
49,89,37,19,18,1320.9
49,90,16,7,9,545.6
49,91,55,28,27,2414.5
49,92,30,17,13,1128
49,97,14,8,6,553
49,98,53,23,30,2183.6
49,99,13,6,7,445.9
49,100,11,6,5,465.3
49,101,13,4,9,496.6
49,102,13,8,5,305.5
49,122,2,1,1,0
49,123,23,11,12,954.5
49,124,8,4,4,347.2
50,20,14,6,8,481.6
50,21,66,34,32,2976.6
50,22,12,5,7,574.8
50,23,7,4,3,307.3
50,24,24,10,14,756
50,27,1,0,1,0
50,31,8,4,4,398.4
50,35,2,2,0,0
50,37,18,10,8,801
50,38,12,5,7,553.2
50,41,3,1,2,0
50,42,7,4,3,287.7
50,43,2,1,1,0
50,47,2,1,1,0
50,48,2,0,2,0
50,49,10,4,6,451
50,75,4,2,2,0
50,76,7,5,2,212.8
50,79,9,6,3,315
50,80,14,9,5,506.8
50,81,14,8,6,736.4
50,82,4,3,1,0
50,83,3,2,1,0
50,84,12,7,5,558
50,85,27,13,14,1053
50,86,25,10,15,1017.5
50,87,18,11,7,523.8
50,88,15,8,7,553.5
50,89,25,11,14,1102.5
50,90,31,16,15,1143.9
50,91,15,7,8,517.5
50,98,5,4,1,334
50,99,23,14,9,1248.9
50,100,2,1,1,0
50,101,172,88,84,6295.2
50,102,8,5,3,470.4
50,122,33,17,16,1333.2
50,123,6,4,2,349.2
51,19,2,1,1,0
51,20,4,2,2,0
51,21,29,17,12,1476.1
51,22,50,26,24,2170
51,23,28,14,14,1388.8
51,24,67,37,30,2298.1
51,25,4,3,1,0
51,31,8,5,3,404.8
51,35,4,3,1,0
51,37,24,15,9,1048.8
51,38,8,5,3,368
51,45,3,2,1,0
51,48,12,6,6,474
51,56,6,2,4,169.2
51,57,30,19,11,1449
51,58,16,8,8,531.2
51,79,12,7,5,470.4
51,80,100,53,47,4070
51,81,2,1,1,0
51,82,15,10,5,757.5
51,83,28,13,15,1170.4
51,84,29,12,17,867.1
51,85,12,6,6,663.6
51,86,5,3,2,149
51,87,17,9,8,496.4
51,88,3,2,1,0
51,89,6,4,2,282
51,99,11,5,6,383.9
51,100,63,35,28,2727.9
51,101,389,199,190,15637.8
51,102,18,12,6,590.4
51,121,8,6,2,376.8
51,122,35,20,15,1428
51,123,5,2,3,204
52,20,52,29,23,2418
52,21,38,19,19,1850.6
52,22,39,19,20,1595.1
52,23,12,6,6,645.6
52,24,11,5,6,629.2
52,25,58,28,30,2650.6
52,29,5,1,4,212
52,31,2,0,2,0
52,34,4,1,3,0
52,35,60,26,34,2268
52,36,34,21,13,1319.2
52,37,10,3,7,388
52,38,3,2,1,0
52,39,13,7,6,608.4
52,41,6,3,3,370.2
52,42,6,3,3,172.8
52,43,11,7,4,438.9
52,55,15,8,7,466.5
52,56,16,8,8,833.6
52,57,130,67,63,4719
52,58,71,32,39,3329.9
52,59,32,19,13,1081.6
52,68,1,1,0,0
52,79,23,13,10,871.7
52,80,24,11,13,974.4
52,81,9,5,4,595.8
52,82,32,15,17,1168
52,100,18,10,8,898.2
52,101,5,2,3,272
52,102,15,8,7,663
52,103,8,3,5,236
52,107,78,48,30,2137.2
52,121,4,1,3,0
52,122,28,15,13,1036
52,123,2,1,1,0
53,19,10,5,5,638
53,20,52,28,24,1757.6
53,21,14,7,7,439.6
53,22,22,11,11,811.8
53,23,14,6,8,732.2
53,24,28,20,8,960.4
53,25,32,18,14,1273.6
53,26,29,13,16,1276
53,29,2,1,1,0
53,30,8,6,2,456
53,31,2,2,0,0
53,33,16,9,7,512
53,34,26,13,13,886.6
53,35,15,9,6,712.5
53,43,7,4,3,221.2
53,44,1,0,1,0
53,45,11,4,7,257.4
53,54,17,10,7,618.8
53,55,43,20,23,1664.1
53,56,53,27,26,2125.3
53,57,31,13,18,1109.8
53,58,8,4,4,528.8
53,59,98,57,41,3214.4
53,60,30,16,14,1284
53,61,6,3,3,283.8
53,68,1,1,0,0
53,69,5,4,1,212
53,70,8,4,4,332.8
53,71,7,5,2,158.9
53,72,10,4,6,393
53,79,28,16,12,1111.6
53,80,23,12,11,1039.6
53,81,11,5,6,514.8
53,99,9,5,4,478.8
53,100,30,20,10,1116
53,103,9,4,5,398.7
53,104,29,16,13,1331.1
53,105,9,5,4,246.6
53,107,695,380,315,22448.5
53,108,413,184,229,10779.3
53,110,1,1,0,0
53,111,25,13,12,895
53,112,13,7,6,587.6
53,119,15,8,7,616.5
53,120,20,12,8,826
53,121,5,4,1,342
53,122,13,7,6,703.3
54,20,49,25,24,1837.5
54,21,10,5,5,396
54,22,49,26,23,2087.4
54,23,10,5,5,324
54,24,6,3,3,375
54,25,42,21,21,1192.8
54,26,46,28,18,1495
54,29,1,0,1,0
54,30,6,2,4,369
54,39,12,7,5,307.2
54,51,18,11,7,696.6
54,52,16,9,7,587.2
54,54,6,3,3,244.2
54,55,37,16,21,1402.3
54,56,20,9,11,538
54,58,3,2,1,0
54,59,7,4,3,238.7
54,60,28,17,11,884.8
54,61,16,9,7,649.6
54,62,17,10,7,702.1
54,68,1,0,1,0
54,69,60,34,26,2298
54,70,27,14,13,877.5
54,71,2,1,1,0
54,72,2,1,1,0
54,78,2,2,0,0
54,79,11,4,7,586.3
54,80,9,5,4,503.1
54,99,22,11,11,853.6
54,100,2,1,1,0
54,101,29,19,10,1183.2
54,102,191,88,103,7429.9
54,103,105,58,47,4315.5
54,104,343,172,171,12622.4
54,105,111,59,52,4517.7
54,106,5,2,3,254
54,107,54,25,29,1949.4
54,108,130,69,61,3523
54,109,24,13,11,1125.6
54,110,21,9,12,791.7
54,111,18,12,6,966.6
54,112,20,10,10,1014
54,113,19,12,7,636.5
54,118,17,8,9,669.8
54,119,37,16,21,1365.3
54,120,31,13,18,1153.2
54,126,2,1,1,0
54,127,26,16,10,1430
55,21,59,31,28,2271.5
55,22,85,38,47,3825
55,23,27,13,14,1333.8
55,24,65,32,33,2697.5
55,25,51,30,21,2422.5
55,26,82,43,39,3296.4
55,27,14,5,9,716.8
55,28,6,4,2,139.2
55,29,26,13,13,842.4
55,30,11,6,5,269.5
55,39,7,3,4,224.7
55,40,2,1,1,0
55,41,3,2,1,0
55,44,33,18,15,1164.9
55,45,3,2,1,0
55,49,35,18,17,1550.5
55,50,22,9,13,825
55,51,16,9,7,1019.2
55,52,14,7,7,533.4
55,53,32,16,16,1337.6
55,54,131,72,59,4781.5
55,55,81,43,38,2818.8
55,56,3,1,2,0
55,61,25,15,10,1022.5
55,62,14,8,6,645.4
55,63,38,18,20,1428.8
55,64,15,8,7,633
55,68,6,4,2,373.2
55,69,28,18,10,949.2
55,78,21,10,11,1014.3
55,79,21,12,9,1092
55,80,4,2,2,0
55,97,3,2,1,0
55,98,14,9,5,530.6
55,100,6,3,3,142.2
55,101,15,10,5,519
55,102,11,6,5,489.5
55,103,345,169,176,13903.5
55,104,639,337,302,28116
55,105,660,331,329,27390
55,106,10,3,7,481
55,107,34,19,15,1455.2
55,108,25,12,13,840
55,109,78,42,36,3081
55,110,16,10,6,635.2
55,111,34,19,15,1332.8
55,112,30,17,13,1161
55,113,10,6,4,392
55,114,3,2,1,0
55,115,5,1,4,212
55,116,21,14,7,709.8
55,117,43,22,21,1470.6
55,118,35,18,17,1589
55,119,31,17,14,1395
55,120,17,10,7,579.7
55,125,24,15,9,1178.4
55,126,30,16,14,1269
55,127,27,13,14,1447.2
56,20,15,7,8,478.5
56,21,116,54,62,4732.8
56,22,7,4,3,296.8
56,23,25,16,9,822.5
56,25,5,4,1,90
56,26,614,288,326,19034
56,27,242,122,120,7574.6
56,28,553,289,264,20018.6
56,29,8,5,3,399.2
56,30,25,14,11,1160
56,38,28,11,17,1066.8
56,41,16,7,9,737.6
56,43,62,32,30,2380.8
56,44,201,89,112,10371.6
56,45,50,23,27,1870
56,46,11,8,3,269.5
56,47,23,13,10,811.9
56,48,14,6,8,508.2
56,50,19,11,8,765.7
56,51,6,3,3,282
56,52,14,6,8,771.4
56,54,33,16,17,1006.5
56,55,9,5,4,351
56,56,20,11,9,686
56,57,5,4,1,200
56,61,13,7,6,305.5
56,62,55,30,25,1908.5
56,63,3,1,2,0
56,64,16,8,8,654.4
56,65,28,14,14,1094.8
56,66,12,7,5,468
56,67,57,31,26,2131.8
56,68,85,44,41,3128
56,69,49,26,23,1710.1
56,77,4,2,2,0
56,78,6,3,3,141
56,79,27,14,13,915.3
56,80,6,3,3,159
56,99,11,5,6,387.2
56,103,11,3,8,363
56,104,714,347,367,25989.6
56,105,37,19,18,1609.5
56,106,53,31,22,2141.2
56,107,27,16,11,1047.6
56,108,684,351,333,25581.6
56,109,1029,508,521,39307.8
56,110,195,98,97,7234.5
56,111,37,20,17,1616.9
56,112,14,7,7,523.6
56,113,51,27,24,2432.7
56,114,15,5,10,645
56,115,44,23,21,1834.8
56,116,120,64,56,4656
56,117,79,41,38,3254.8
56,118,40,15,25,1404
56,119,6,3,3,286.2
56,120,6,4,2,249
56,121,9,3,6,325.8
56,124,1,1,0,0
56,125,34,17,17,1295.4
56,126,11,5,6,484
56,127,10,3,7,543
57,20,17,7,10,690.2
57,21,33,17,16,1376.1
57,22,287,140,147,11365.2
57,23,19,13,6,739.1
57,24,702,356,346,24780.6
57,25,63,32,31,2255.4
57,26,108,57,51,3132
57,27,16,9,7,444.8
57,28,1366,700,666,53547.2
57,29,14,8,6,697.2
57,30,38,22,16,1668.2
57,39,3,1,2,0
57,41,22,9,13,924
57,42,63,35,28,2494.8
57,43,126,70,56,5191.2
57,44,627,323,304,22195.8
57,45,31,15,16,1181.1
57,46,12,7,5,609.6
57,47,36,17,19,1458
57,48,4,2,2,0
57,49,4,2,2,0
57,51,8,3,5,359.2
57,62,2,1,1,0
57,63,18,11,7,770.4
57,64,20,13,7,838
57,65,12,8,4,284.4
57,66,23,10,13,1053.4
57,67,273,123,150,14687.4
57,68,53,26,27,2559.9
57,69,31,18,13,1199.7
57,70,1,1,0,0
57,77,9,5,4,586.8
57,78,17,8,9,715.7
57,79,4,2,2,0
57,96,2,1,1,0
57,99,15,7,8,540
57,103,9,6,3,369
57,104,271,147,124,9132.7
57,105,116,63,53,4558.8
57,106,40,19,21,1488
57,107,456,237,219,20155.2
57,108,559,260,299,25993.5
57,109,605,291,314,23534.5
57,110,104,49,55,3057.6
57,111,51,25,26,1795.2
57,112,53,27,26,1886.8
57,113,78,44,34,3135.6
57,114,5,1,4,158
57,115,5,2,3,170
57,116,98,52,46,3871
57,117,465,238,227,16972.5
57,118,54,28,26,2160
57,119,4,2,2,0
57,120,15,8,7,838.5
57,121,35,20,15,1526
57,122,33,21,12,1303.5
57,123,13,6,7,405.6
57,124,162,83,79,5896.8
57,125,31,17,14,1289.6
58,20,10,5,5,541
58,21,311,136,175,15114.6
58,22,1862,933,929,87700.2
58,23,1301,655,646,52950.7
58,24,201,92,109,6974.7
58,25,315,157,158,11875.5
58,26,272,139,133,11532.8
58,27,181,93,88,7945.9
58,28,1749,848,901,72758.4
58,32,4,2,2,0
58,33,1,0,1,0
58,40,8,5,3,284
58,41,5,3,2,168
58,42,4,2,2,0
58,43,72,39,33,2736
58,44,51,29,22,2142
58,45,48,24,24,1867.2
58,46,14,9,5,463.4
58,47,17,10,7,780.3
58,64,16,8,8,652.8
58,65,59,32,27,2436.7
58,66,38,20,18,1436.4
58,67,302,137,165,13559.8
58,68,30,15,15,1188
58,69,14,8,6,680.4
58,70,10,5,5,429
58,71,7,3,4,233.8
58,77,26,13,13,1435.2
58,78,25,17,8,1037.5
58,93,7,4,3,349.3
58,94,12,7,5,441.6
58,98,2,1,1,0
58,104,44,22,22,1399.2
58,105,21,10,11,840
58,106,12,5,7,508.8
58,107,128,60,68,4710.4
58,108,1453,730,723,65966.2
58,109,1176,564,612,47628
58,110,624,311,313,25209.6
58,111,294,151,143,11583.6
58,112,45,21,24,2002.5
58,113,66,38,28,2567.4
58,114,36,16,20,1594.8
58,115,10,6,4,409
58,116,120,62,58,5148
58,117,120,68,52,4500
58,118,27,13,14,1344.6
58,119,11,5,6,404.8
58,120,2,1,1,0
58,121,40,22,18,1248
58,122,235,123,112,9752.5
58,123,73,38,35,2876.2
58,124,66,41,25,2376
58,125,3,1,2,0
58,126,5,3,2,258
58,127,10,6,4,409
59,22,476,213,263,26656
59,23,144,67,77,8683.2
59,24,3,1,2,0
59,27,1107,550,557,50700.6
59,28,2916,1339,1577,135302.4
59,29,2030,973,1057,90741
59,30,521,255,266,17974.5
59,31,3,2,1,0
59,32,8,6,2,180.8
59,33,39,18,21,1201.2
59,34,3,2,1,0
59,39,27,17,10,915.3
59,40,10,5,5,418
59,41,36,17,19,1515.6
59,42,34,18,16,1445
59,43,30,18,12,1410
59,44,5,3,2,84
59,65,5,2,3,273
59,66,33,18,15,1138.5
59,67,19,11,8,530.1
59,68,16,8,8,672
59,69,24,13,11,1070.4
59,70,2,1,1,0
59,71,17,11,6,542.3
59,72,12,6,6,403.2
59,76,16,8,8,608
59,77,53,27,26,2173
59,78,29,15,14,1215.1
59,92,33,21,12,1237.5
59,96,5,3,2,105
59,104,51,25,26,1892.1
59,105,16,8,8,606.4
59,106,45,24,21,2043
59,107,555,276,279,22311
59,108,370,192,178,13283
59,109,93,48,45,4092
59,110,12,5,7,387.6
59,115,7,5,2,298.2
59,116,66,35,31,2560.8
59,117,27,14,13,1020.6
59,118,77,40,37,3010.7
59,119,64,29,35,2496
59,120,75,45,30,2932.5
59,121,118,61,57,4330.6
59,122,359,178,181,14180.5
59,123,440,209,231,16368
59,124,79,47,32,2970.4
59,125,7,4,3,427.7
59,126,22,11,11,842.6
59,127,42,21,21,1730.4
60,25,2,1,1,0
60,26,690,345,345,25185
60,27,750,406,344,29700
60,28,2044,995,1049,80942.4
60,29,2369,1097,1272,104472.9
60,30,929,465,464,39761.2
60,31,778,396,382,28085.8
60,33,5,3,2,262
60,35,7,4,3,238.7
60,36,4,3,1,0
60,37,12,7,5,483.6
60,38,21,11,10,726.6
60,39,23,12,11,844.1
60,40,74,36,38,2686.2
60,41,26,12,14,949
60,42,6,4,2,133.8
60,51,3,1,2,0
60,53,5,4,1,115
60,56,4,3,1,0
60,67,12,8,4,495.6
60,68,4,1,3,0
60,69,5,2,3,221
60,70,23,13,10,747.5
60,71,25,14,11,1272.5
60,72,5,3,2,241
60,73,13,7,6,565.5
60,74,2,1,1,0
60,75,2,1,1,0
60,76,101,49,52,3959.2
60,77,135,69,66,5170.5
60,78,7,5,2,132.3
60,104,31,16,15,1274.1
60,105,73,40,33,3336.1
60,106,48,29,19,2256
60,107,762,412,350,28422.6
60,108,89,50,39,3613.4
60,109,18,8,10,590.4
60,121,375,181,194,16350
60,122,883,403,480,41147.8
60,123,183,89,94,7521.3
60,125,27,14,13,1085.4
60,126,63,33,30,2482.2
60,127,40,21,19,1708
61,24,89,51,38,4085.1
61,25,1352,665,687,54485.6
61,26,922,451,471,40107
61,27,647,305,342,25944.7
61,28,5,3,2,273
61,29,190,82,108,9766
61,30,11,7,4,478.5
61,31,250,136,114,8325
61,32,133,71,62,4841.2
61,33,15,8,7,766.5
61,34,34,18,16,1084.6
61,35,16,11,5,619.2
61,36,27,14,13,1044.9
61,37,16,9,7,590.4
61,38,35,21,14,1340.5
61,39,35,20,15,1316
61,40,7,5,2,273.7
61,45,6,4,2,210
61,46,17,9,8,827.9
61,47,2,1,1,0
61,48,4,2,2,0
61,50,4,2,2,0
61,65,1,1,0,0
61,69,9,5,4,294.3
61,70,40,19,21,1692
61,71,1,1,0,0
61,72,6,3,3,253.2
61,73,3,2,1,0
61,74,118,56,62,4720
61,75,180,97,83,7560
61,76,470,223,247,21714
61,77,259,134,125,10670.8
61,78,3,2,1,0
61,92,2,1,1,0
61,93,6,2,4,139.2
61,94,4,3,1,0
61,102,1,1,0,0
61,104,34,19,15,1302.2
61,105,7,4,3,345.8
61,106,83,42,41,3842.9
61,107,827,426,401,29358.5
61,108,102,59,43,4692
61,121,11,6,5,517
61,122,43,27,16,1251.3
61,123,585,295,290,21352.5
61,124,472,234,238,20626.4
61,125,11,5,6,448.8
61,126,198,101,97,6593.4
61,127,50,26,24,2375
62,24,1,1,0,0
62,25,234,115,119,9172.8
62,26,173,85,88,7023.8
62,27,1038,509,529,37056.6
62,28,371,187,184,14431.9
62,29,7,5,2,300.3
62,30,17,10,7,717.4
62,31,27,13,14,942.3
62,32,338,166,172,11796.2
62,33,52,26,26,2028
62,34,9,4,5,313.2
62,35,3,2,1,0
62,36,17,9,8,729.3
62,37,35,17,18,1456
62,38,4,1,3,0
62,40,6,3,3,361.8
62,41,27,16,11,1198.8
62,42,15,8,7,511.5
62,43,7,4,3,440.3
62,44,15,9,6,640.5
62,45,21,8,13,842.1
62,46,26,16,10,920.4
62,47,52,29,23,1773.2
62,48,32,16,16,1331.2
62,49,3,2,1,0
62,55,4,3,1,0
62,56,8,3,5,303.2
62,57,13,9,4,513.5
62,58,15,9,6,478.5
62,59,30,15,15,1245
62,71,9,5,4,316.8
62,72,17,7,10,576.3
62,73,28,14,14,1330
62,74,12,4,8,466.8
62,75,30,15,15,1245
62,76,47,20,27,1922.3
62,77,16,9,7,579.2
62,88,9,4,5,216.9
62,89,15,9,6,604.5
62,90,1,1,0,0
62,91,9,3,6,385.2
62,92,29,15,14,1197.7
62,93,1,1,0,0
62,104,115,58,57,4266.5
62,105,804,396,408,30793.2
62,106,198,99,99,8415
62,107,560,269,291,21784
62,108,150,81,69,6435
62,124,353,176,177,13767
62,125,547,266,281,20567.2
62,126,346,198,148,13909.2
62,127,88,45,43,3405.6
63,25,8,5,3,392
63,26,67,38,29,3169.1
63,27,146,81,65,5431.2
63,28,90,44,46,2871
63,29,12,7,5,453.6
63,30,10,6,4,284
63,31,24,13,11,597.6
63,32,549,270,279,20093.4
63,33,51,30,21,2009.4
63,36,17,11,6,683.4
63,37,17,9,8,465.8
63,39,6,3,3,136.2
63,40,19,9,10,792.3
63,41,15,9,6,592.5
63,42,9,6,3,305.1
63,43,12,6,6,528
63,44,35,18,17,1183
63,45,62,37,25,2442.8
63,46,61,29,32,2537.6
63,48,3,1,2,0
63,52,7,4,3,237.3
63,53,10,4,6,380
63,54,60,30,30,2130
63,55,37,22,15,1498.5
63,56,13,6,7,530.4
63,57,13,8,5,640.9
63,58,9,6,3,468.9
63,59,5,2,3,238
63,86,4,2,2,0
63,88,14,6,8,511
63,89,101,48,53,3797.6
63,90,10,6,4,295
63,104,36,20,16,1234.8
63,105,1474,743,731,55717.2
63,106,1266,578,688,57603
63,107,1947,971,976,73596.6
63,108,1002,513,489,34669.2
63,123,4,1,3,0
63,124,24,14,10,1010.4
63,125,122,67,55,5038.6
63,126,509,257,252,21378
63,127,448,228,220,18681.6
64,23,4,2,2,0
64,24,3,2,1,0
64,26,114,58,56,5483.4
64,27,110,60,50,4928
64,28,878,406,472,35383.4
64,29,27,12,15,958.5
64,30,7,3,4,399.7
64,31,36,18,18,1450.8
64,32,35,18,17,1176
64,33,39,19,20,1333.8
64,34,100,50,50,3910
64,35,42,20,22,1516.2
64,37,3,2,1,0
64,38,26,15,11,1112.8
64,39,28,17,11,1470
64,40,2,1,1,0
64,41,8,5,3,416.8
64,42,6,3,3,171
64,44,19,9,10,706.8
64,45,28,14,14,1010.8
64,47,25,11,14,785
64,48,3,1,2,0
64,49,5,3,2,165
64,50,14,10,4,487.2
64,51,7,4,3,328.3
64,52,11,7,4,383.9
64,53,49,18,31,2033.5
64,54,53,25,28,1982.2
64,55,85,41,44,3306.5
64,56,33,16,17,1098.9
64,57,7,2,5,244.3
64,58,8,4,4,307.2
64,59,32,20,12,1296
64,60,28,13,15,1038.8
64,61,3,1,2,0
64,75,5,2,3,158
64,77,24,12,12,1238.4
64,78,20,10,10,714
64,80,5,3,2,214
64,86,16,8,8,504
64,87,64,35,29,2124.8
64,88,50,23,27,2140
64,89,64,36,28,2758.4
64,103,84,49,35,2578.8
64,104,1498,756,742,51081.8
64,105,1300,650,650,51870
64,106,1054,517,537,42160
64,107,1177,577,600,46844.6
64,108,17,8,9,571.2
64,125,6,4,2,283.2
64,126,60,34,26,2556
64,127,75,32,43,3165
65,24,27,11,16,1242
65,25,29,13,16,1244.1
65,26,1,1,0,0
65,27,95,50,45,3591
65,28,329,171,158,12633.6
65,29,133,71,62,5426.4
65,30,42,24,18,1486.8
65,31,20,11,9,808
65,32,30,18,12,1200
65,33,36,21,15,1404
65,34,21,13,8,795.9
65,35,134,78,56,5654.8
65,36,16,8,8,587.2
65,37,5,2,3,195
65,39,6,3,3,405
65,40,20,10,10,844
65,41,29,17,12,1189
65,44,6,3,3,210
65,45,44,25,19,1650
65,46,3,2,1,0
65,47,26,13,13,1097.2
65,48,6,4,2,321
65,49,1,1,0,0
65,55,87,43,44,3297.3
65,56,11,5,6,558.8
65,58,5,3,2,154
65,59,10,4,6,292
65,60,33,21,12,953.7
65,61,24,15,9,796.8
65,62,21,10,11,848.4
65,71,7,4,3,179.9
65,72,11,6,5,335.5
65,73,4,3,1,0
65,74,14,5,9,632.8
65,75,2,1,1,0
65,76,16,9,7,601.6
65,77,37,18,19,1406
65,78,76,44,32,2994.4
65,79,3,2,1,0
65,80,28,16,12,1128.4
65,81,367,177,190,14349.7
65,82,83,41,42,3801.4
65,83,70,37,33,2464
65,84,24,12,12,979.2
65,85,60,31,29,2232
65,86,25,14,11,1265
65,87,35,17,18,1305.5
65,88,1,1,0,0
65,89,4,2,2,0
65,102,8,4,4,356.8
65,103,34,16,18,1625.2
65,104,64,35,29,2323.2
65,105,128,70,58,4556.8
65,106,1440,713,727,54576
65,107,1732,846,886,57675.6
66,25,17,7,10,822.8
66,27,2,2,0,0
66,28,42,24,18,1570.8
66,29,286,147,139,10353.2
66,30,14,10,4,946.4
66,31,45,25,20,1377
66,32,1,1,0,0
66,33,16,8,8,616
66,34,16,13,3,726.4
66,35,18,9,9,516.6
66,36,73,46,27,2737.5
66,37,37,15,22,1450.4
66,38,5,4,1,167
66,39,5,3,2,356
66,43,6,4,2,373.2
66,44,29,14,15,1157.1
66,45,505,254,251,18685
66,46,421,210,211,14482.4
66,47,108,57,51,4006.8
66,48,17,9,8,579.7
66,51,5,4,1,270
66,53,2,1,1,0
66,54,35,16,19,948.5
66,55,31,17,14,1360.9
66,56,2,1,1,0
66,58,7,5,2,277.9
66,61,6,3,3,357
66,62,319,178,141,12058.2
66,63,26,13,13,899.6
66,64,15,9,6,679.5
66,65,43,19,24,1694.2
66,66,13,5,8,626.6
66,67,6,3,3,184.8
66,68,4,3,1,0
66,69,9,4,5,385.2
66,70,8,5,3,372
66,71,26,16,10,1001
66,72,6,5,1,175.2
66,73,9,6,3,291.6
66,74,71,36,35,2399.8
66,75,26,13,13,998.4
66,76,36,19,17,1659.6
66,77,9,4,5,612
66,78,18,9,9,700.2
66,79,24,12,12,847.2
66,80,33,14,19,1379.4
66,81,376,172,204,17220.8
66,82,238,118,120,8877.4
66,83,38,17,21,1174.2
66,84,8,5,3,472
66,85,9,5,4,385.2
66,86,25,10,15,887.5
66,87,9,6,3,381.6
66,88,1,0,1,0
66,102,11,8,3,360.8
66,103,7,4,3,254.1
66,105,5,4,1,222
66,106,529,265,264,20948.4
66,107,1584,775,809,63201.6
67,24,46,24,22,2033.2
67,25,119,60,59,5378.8
67,26,46,24,22,2231
67,27,54,31,23,2262.6
67,28,74,34,40,3093.2
67,29,11,7,4,504.9
67,30,25,16,9,1010
67,31,17,8,9,763.3
67,32,26,18,8,1172.6
67,33,67,33,34,3028.4
67,34,62,34,28,2542
67,35,13,5,8,414.7
67,36,291,140,151,11058
67,37,356,179,177,13528
67,38,35,20,15,1379
67,39,31,16,15,1243.1
67,40,27,15,12,1266.3
67,42,14,7,7,550.2
67,43,6,3,3,367.8
67,44,33,14,19,1247.4
67,45,21,10,11,819
67,46,43,20,23,1324.4
67,47,12,8,4,339.6
67,48,25,14,11,930
67,51,13,6,7,461.5
67,52,44,22,22,1861.2
67,53,4,3,1,0
67,54,7,3,4,357.7
67,55,63,33,30,2690.1
67,56,13,7,6,439.4
67,57,2,1,1,0
67,59,7,3,4,287.7
67,61,21,9,12,672
67,62,121,57,64,4694.8
67,63,70,38,32,3059
67,64,18,12,6,675
67,65,12,7,5,607.2
67,66,33,18,15,1326.6
67,67,20,11,9,848
67,68,23,10,13,982.1
67,69,123,65,58,4464.9
67,70,6,4,2,253.2
67,71,14,8,6,842.8
67,73,9,5,4,313.2
67,78,12,7,5,355.2
67,79,55,30,25,2222
67,80,38,20,18,1770.8
67,81,24,13,11,801.6
67,82,17,12,5,511.7
67,83,11,4,7,467.5
67,84,36,22,14,1216.8
67,85,11,5,6,530.2
67,86,6,5,1,226.2
67,87,2,2,0,0
67,102,27,16,11,799.2
67,103,37,19,18,1550.3
67,105,45,21,24,1822.5
67,106,114,59,55,4047
67,107,1675,815,860,66832.5
67,108,213,103,110,6390
68,25,3,2,1,0
68,26,7,4,3,298.2
68,27,14,6,8,446.6
68,28,27,15,12,1309.5
68,29,104,56,48,4565.6
68,30,447,232,215,14974.5
68,31,4,1,3,0
68,32,2,1,1,0
68,33,29,17,12,1110.7
68,34,37,22,15,1528.1
68,35,390,202,188,14859
68,36,2328,1098,1230,86601.6
68,37,1279,610,669,49881
68,38,1101,559,542,42168.3
68,39,40,18,22,1392
68,40,62,30,32,2517.2
68,41,17,11,6,562.7
68,42,6,2,4,346.8
68,43,4,3,1,0
68,44,11,7,4,463.1
68,47,2,1,1,0
68,48,11,4,7,440
68,49,20,10,10,776
68,50,11,9,2,400.4
68,51,31,18,13,1320.6
68,52,17,11,6,642.6
68,53,7,4,3,286.3
68,54,24,14,10,792
68,55,88,43,45,2851.2
68,56,21,10,11,798
68,57,300,158,142,9900
68,58,14,8,6,561.4
68,59,8,3,5,158.4
68,60,47,31,16,1964.6
68,61,54,24,30,1830.6
68,62,9,5,4,335.7
68,63,10,5,5,466
68,64,7,5,2,203.7
68,67,20,8,12,678
68,68,16,8,8,694.4
68,69,6,3,3,258
68,70,13,7,6,646.1
68,72,2,1,1,0
68,73,3,1,2,0
68,74,1,1,0,0
68,75,8,4,4,232
68,76,2,1,1,0
68,78,97,52,45,4335.9
68,79,426,213,213,16869.6
68,81,11,6,5,533.5
68,82,15,9,6,577.5
68,83,16,8,8,556.8
68,84,4,1,3,0
68,85,4,3,1,0
68,102,2,1,1,0
68,103,102,57,45,4212.6
68,105,141,82,59,5809.2
68,106,98,61,37,3743.6
68,107,770,400,370,27566
69,26,56,32,24,2436
69,27,44,27,17,1716
69,28,88,53,35,3916
69,29,35,17,18,1337
69,30,161,80,81,6150.2
69,31,734,356,378,29286.6
69,32,613,309,304,22926.2
69,33,223,115,108,8786.2
69,34,516,244,272,19866
69,35,765,390,375,28534.5
69,36,1359,644,715,56942.1
69,37,2386,1155,1231,99019
69,38,1072,541,531,39556.8
69,39,127,72,55,4432.3
69,40,129,68,61,4721.4
69,41,7,5,2,273
69,43,2,1,1,0
69,44,20,10,10,680
69,45,7,3,4,366.1
69,46,16,11,5,657.6
69,47,49,25,24,1749.3
69,48,2,1,1,0
69,49,38,17,21,1672
69,50,29,19,10,1090.4
69,52,3,2,1,0
69,53,12,8,4,471.6
69,54,14,6,8,523.6
69,55,489,235,254,21760.5
69,56,554,268,286,26038
69,57,42,23,19,1482.6
69,58,26,12,14,1040
69,59,9,4,5,264.6
69,61,20,11,9,788
69,62,3,2,1,0
69,63,37,19,18,1361.6
69,64,42,23,19,1717.8
69,73,5,3,2,290
69,74,5,2,3,201
69,75,3,1,2,0
69,76,8,6,2,350.4
69,78,16,11,5,768
69,79,19,11,8,837.9
69,84,24,15,9,991.2
69,88,3,2,1,0
69,89,2,2,0,0
69,98,20,11,9,908
69,99,4,2,2,0
69,101,16,10,6,552
69,102,44,22,22,1817.2
69,103,110,54,56,4444
69,105,238,121,117,9520
69,106,1214,596,618,51109.4
69,107,555,270,285,21645
70,26,136,76,60,5263.2
70,27,29,17,12,1423.9
70,29,4,1,3,0
70,30,6,3,3,390
70,31,88,48,40,3863.2
70,32,859,438,421,33586.9
70,33,896,455,441,35571.2
70,34,1103,510,593,56694.2
70,35,824,403,421,32218.4
70,36,3783,1737,2046,186501.9
70,37,1507,735,772,62088.4
70,38,2152,1049,1103,81776
70,39,549,281,268,19983.6
70,40,531,264,267,18000.9
70,41,349,188,161,11098.2
70,42,90,49,41,3195
70,43,10,5,5,242
70,44,5,3,2,134
70,46,23,13,10,972.9
70,47,34,16,18,1217.2
70,48,1,0,1,0
70,49,1,1,0,0
70,50,18,9,9,592.2
70,51,14,8,6,508.2
70,52,13,7,6,460.2
70,53,21,15,6,1001.7
70,54,26,13,13,936
70,55,485,255,230,16684
70,56,73,38,35,2847
70,57,18,8,10,669.6
70,61,3,1,2,0
70,62,30,17,13,987
70,63,17,12,5,574.6
70,64,45,22,23,1539
70,70,6,3,3,292.2
70,71,15,7,8,604.5
70,72,1,1,0,0
70,73,2,1,1,0
70,74,11,4,7,665.5
70,75,14,7,7,666.4
70,76,18,13,5,705.6
70,77,17,8,9,666.4
70,78,66,36,30,2745.6
70,79,6,5,1,246
70,80,14,6,8,333.2
70,81,18,10,8,829.8
70,82,25,14,11,905
70,83,7,3,4,268.8
70,84,19,12,7,609.9
70,88,21,11,10,1008
70,89,18,11,7,874.8
70,98,36,20,16,1490.4
70,99,40,21,19,1652
70,101,397,193,204,14490.5
70,102,1418,686,732,51473.4
70,103,1390,678,712,46982
70,104,56,28,28,1904
70,105,1535,700,835,72298.5
70,106,3141,1453,1688,136319.4
70,107,245,118,127,13426
70,113,10,3,7,341
71,32,217,112,105,9135.7
71,33,477,221,256,19270.8
71,34,1492,724,768,59530.8
71,35,1366,689,677,59967.4
71,36,1733,874,859,73305.9
71,37,1186,586,600,46254
71,38,843,419,424,33888.6
71,39,19,7,12,775.2
71,40,18,9,9,541.8
71,41,27,14,13,1088.1
71,42,98,56,42,3498.6
71,43,239,121,118,8054.3
71,44,65,30,35,2522
71,45,18,11,7,858.6
71,47,36,19,17,1594.8
71,48,31,14,17,1261.7
71,49,47,25,22,2129.1
71,50,27,16,11,1117.8
71,51,91,50,41,2866.5
71,52,13,8,5,453.7
71,53,64,36,28,2144
71,54,57,29,28,2086.2
71,55,142,68,74,4572.4
71,56,2,1,1,0
71,60,4,3,1,0
71,61,5,3,2,161
71,62,1,0,1,0
71,63,11,5,6,602.8
71,64,24,9,15,866.4
71,65,65,35,30,2294.5
71,66,13,9,4,487.5
71,67,3,2,1,0
71,68,2,1,1,0
71,69,30,13,17,1092
71,70,106,58,48,3529.8
71,71,16,8,8,830.4
71,72,34,19,15,1227.4
71,73,21,10,11,861
71,74,64,33,31,2432
71,75,21,12,9,705.6
71,76,28,15,13,1145.2
71,77,44,24,20,1768.8
71,78,146,75,71,5445.8
71,79,20,10,10,924
71,80,15,9,6,567
71,81,2,1,1,0
71,82,2,1,1,0
71,83,3,2,1,0
71,86,5,3,2,288
71,87,25,15,10,1077.5
71,88,13,7,6,499.2
71,89,11,4,7,403.7
71,90,3,2,1,0
71,97,6,2,4,171
71,98,4,2,2,0
71,99,179,93,86,6229.2
71,100,1631,813,818,55943.3
71,101,1241,565,676,56217.3
71,102,2149,1064,1085,81017.3
71,103,1201,607,594,44917.4
71,104,965,453,512,34933
71,105,1516,755,761,54424.4
71,106,3400,1583,1817,147560
71,107,46,20,26,2700.2
72,28,9,4,5,451.8
72,29,80,41,39,3688
72,30,36,15,21,1886.4
72,31,129,70,59,5650.2
72,32,581,303,278,21787.5
72,33,157,77,80,6594
72,34,886,438,448,34111
72,35,1355,668,687,52845
72,36,1323,662,661,52258.5
72,37,517,260,257,18715.4
72,38,523,254,269,19246.4
72,39,36,22,14,1317.6
72,41,50,24,26,1735
72,42,21,14,7,894.6
72,44,85,50,35,3102.5
72,45,46,28,18,1679
72,46,15,10,5,505.5
72,48,6,3,3,136.2
72,49,3,2,1,0
72,50,3,2,1,0
72,51,43,24,19,1818.9
72,52,13,6,7,491.4
72,53,12,6,6,339.6
72,54,23,10,13,931.5
72,55,9,4,5,381.6
72,57,9,4,5,182.7
72,59,8,3,5,282.4
72,60,39,18,21,1415.7
72,61,11,4,7,390.5
72,62,8,6,2,343.2
72,64,27,16,11,891
72,65,11,6,5,653.4
72,66,8,4,4,234.4
72,67,144,73,71,6048
72,68,103,51,52,2832.5
72,69,21,10,11,684.6
72,70,29,15,14,820.7
72,71,21,12,9,1024.8
72,72,32,17,15,928
72,73,30,18,12,1023
72,74,6,4,2,249
72,76,5,3,2,123
72,77,64,32,32,2220.8
72,78,157,83,74,4615.8
72,79,1,1,0,0
72,85,83,43,40,3104.2
72,86,24,14,10,960
72,87,129,68,61,5018.1
72,88,36,18,18,1422
72,89,13,8,5,635.7
72,90,7,3,4,294
72,97,5,1,4,209
72,98,22,13,9,770
72,99,32,20,12,1363.2
72,100,63,36,27,2110.5
72,101,419,204,215,14874.5
72,102,180,81,99,6498
72,103,291,154,137,9457.5
72,104,1337,704,633,46928.7
72,105,2607,1283,1324,97501.8
72,106,1038,528,510,39028.8
72,107,1,1,0,0
72,115,9,6,3,357.3
73,29,2,0,2,0
73,30,13,6,7,773.5
73,31,43,20,23,2051.1
73,32,10,4,6,316
73,33,2,1,1,0
73,34,25,14,11,1010
73,35,994,486,508,35287
73,36,955,462,493,35430.5
73,37,177,81,96,7380.9
73,38,36,18,18,1490.4
73,39,69,40,29,2953.2
73,40,97,55,42,3967.3
73,41,17,8,9,637.5
73,44,18,11,7,689.4
73,45,41,19,22,1373.5
73,46,72,43,29,2469.6
73,47,26,14,12,1151.8
73,48,1,0,1,0
73,49,2,1,1,0
73,50,27,14,13,1169.1
73,51,59,23,36,1917.5
73,52,474,239,235,15357.6
73,53,73,41,32,2168.1
73,54,88,47,41,3000.8
73,55,13,7,6,546
73,56,25,18,7,805
73,57,1,1,0,0
73,59,12,6,6,468
73,60,172,85,87,6123.2
73,61,102,53,49,3916.8
73,62,118,54,64,4212.6
73,63,54,26,28,2392.2
73,64,44,21,23,1742.4
73,65,11,5,6,403.7
73,66,25,14,11,867.5
73,67,38,27,11,1527.6
73,68,125,67,58,5150
73,69,16,10,6,766.4
73,70,25,12,13,907.5
73,71,29,13,16,852.6
73,77,37,18,19,1535.5
73,78,118,52,66,4649.2
73,79,3,2,1,0
73,84,6,4,2,238.8
73,85,22,11,11,600.6
73,86,466,210,256,23719.4
73,87,613,260,353,31998.6
73,88,389,201,188,12331.3
73,89,110,53,57,4103
73,90,105,55,50,3843
73,91,53,23,30,1844.4
73,92,2,2,0,0
73,93,17,9,8,688.5
73,94,81,41,40,3183.3
73,95,39,22,17,1427.4
73,96,7,5,2,226.1
73,97,15,8,7,493.5
73,98,42,25,17,1533
73,99,11,5,6,544.5
73,103,1998,988,1010,70529.4
73,104,1684,865,819,60455.6
73,105,2668,1277,1391,119526.4
73,106,506,263,243,20037.6
73,109,4,2,2,0
73,115,5,2,3,297
73,116,3,2,1,0
74,29,8,6,2,350.4
74,30,23,12,11,943
74,31,26,16,10,1006.2
74,32,36,19,17,1342.8
74,33,40,26,14,1544
74,34,22,8,14,858
74,35,118,67,51,4708.2
74,36,278,147,131,10925.4
74,37,391,199,192,15679.1
74,38,142,68,74,6091.8
74,39,5,3,2,131
74,40,12,7,5,535.2
74,41,23,14,9,1009.7
74,42,20,10,10,676
74,44,50,27,23,2055
74,45,61,34,27,2507.1
74,46,718,363,355,29007.2
74,47,209,117,92,7419.5
74,48,32,20,12,1248
74,49,28,16,12,926.8
74,50,13,8,5,591.5
74,51,12,7,5,445.2
74,52,44,25,19,1447.6
74,53,40,22,18,1656
74,54,18,10,8,822.6
74,55,2,1,1,0
74,56,14,6,8,606.2
74,57,32,23,9,1091.2
74,58,11,6,5,618.2
74,59,76,37,39,2599.2
74,60,39,24,15,1380.6
74,61,76,35,41,2903.2
74,62,569,263,306,24068.7
74,63,88,40,48,3933.6
74,64,113,57,56,4294
74,65,29,13,16,942.5
74,66,7,4,3,329.7
74,67,27,13,14,1185.3
74,68,33,20,13,1392.6
74,69,26,14,12,972.4
74,70,16,9,7,684.8
74,71,13,7,6,627.9
74,72,24,12,12,878.4
74,73,21,12,9,722.4
74,74,18,10,8,642.6
74,75,15,11,4,406.5
74,76,11,7,4,485.1
74,77,89,50,39,3221.8
74,78,70,37,33,3108
74,83,124,68,56,4724.4
74,84,41,20,21,1750.7
74,85,27,15,12,1144.8
74,86,241,119,122,8386.8
74,87,361,189,172,12671.1
74,88,60,35,25,2262
74,89,15,4,11,661.5
74,90,115,60,55,4519.5
74,91,330,165,165,11517
74,92,171,79,92,5865.3
74,93,218,109,109,7586.4
74,94,208,111,97,8091.2
74,95,74,38,36,2493.8
74,96,23,11,12,717.6
74,97,44,25,19,1575.2
74,98,34,18,16,1356.6
74,99,64,36,28,2432
74,101,367,192,175,13725.8
74,102,1954,1003,951,79723.2
74,103,2797,1421,1376,107404.8
74,104,3693,1840,1853,168031.5
74,105,615,301,314,23616
74,107,4,1,3,0
74,108,33,18,15,1257.3
74,109,16,11,5,761.6
74,110,23,10,13,736
74,111,25,13,12,1105
74,112,153,76,77,4788.9
74,113,259,118,141,11396
74,114,14,6,8,589.4
74,115,6,3,3,354
74,116,9,4,5,291.6
74,117,7,4,3,156.1
74,124,2,1,1,0
75,32,7,3,4,357
75,33,9,3,6,539.1
75,36,17,8,9,552.5
75,37,304,160,144,11217.6
75,38,67,35,32,3169.1
75,39,44,22,22,1738
75,40,29,16,13,1351.4
75,41,14,7,7,431.2
75,42,28,16,12,1094.8
75,43,43,22,21,1513.6
75,44,17,8,9,763.3
75,45,183,83,100,7338.3
75,46,1114,502,612,48570.4
75,47,18,11,7,687.6
75,48,217,120,97,7334.6
75,49,2,1,1,0
75,50,27,11,16,1069.2
75,51,16,9,7,552
75,52,33,20,13,1359.6
75,53,26,12,14,1151.8
75,54,29,14,15,783
75,55,9,6,3,411.3
75,56,12,6,6,328.8
75,57,122,66,56,4672.6
75,58,60,31,29,2622
75,59,18,11,7,698.4
75,60,9,5,4,293.4
75,61,55,31,24,2029.5
75,62,931,464,467,31467.8
75,63,307,147,160,15841.2
75,64,15,7,8,631.5
75,65,7,3,4,405.3
75,66,8,5,3,320.8
75,67,44,28,16,1544.4
75,68,121,50,71,6509.8
75,69,89,47,42,2848
75,70,90,46,44,3150
75,71,44,25,19,1606
75,72,35,21,14,1599.5
75,73,31,17,14,1140.8
75,74,27,13,14,958.5
75,75,43,22,21,1952.2
75,76,588,304,284,22990.8
75,77,880,460,420,35552
75,78,105,49,56,4473
75,81,12,7,5,613.2
75,82,59,34,25,2324.6
75,83,8,5,3,474.4
75,85,221,117,104,8420.1
75,86,750,357,393,29700
75,87,103,45,58,3419.6
75,88,61,27,34,1945.9
75,89,116,59,57,4234
75,90,14,9,5,630
75,91,40,25,15,1504
75,92,184,96,88,7304.8
75,93,278,143,135,10508.4
75,94,48,28,20,1876.8
75,95,32,17,15,1081.6
75,96,24,11,13,840
75,97,35,22,13,1358
75,98,105,53,52,3706.5
75,99,57,27,30,2228.7
75,100,203,93,110,7308
75,101,4172,2004,2168,146020
75,102,3009,1547,1462,110129.4
75,103,889,499,390,30048.2
75,104,3545,1762,1783,152080.5
75,105,1189,555,634,52434.9
75,106,516,266,250,16305.6
75,107,153,78,75,4926.6
75,108,42,25,17,1659
75,109,45,25,20,1566
75,110,37,18,19,1409.7
75,111,95,51,44,3942.5
75,112,180,86,94,7488
75,113,97,44,53,4141.9
75,114,29,14,15,1142.6
75,115,10,6,4,333
75,116,69,36,33,2794.5
75,117,59,29,30,2153.5
75,118,35,18,17,1225
76,35,13,5,8,686.4
76,36,52,27,25,1887.6
76,37,15,10,5,760.5
76,38,4,2,2,0
76,39,10,7,3,406
76,40,16,7,9,627.2
76,41,55,28,27,2255
76,42,115,61,54,4013.5
76,43,28,20,8,1061.2
76,44,132,67,65,4897.2
76,45,414,195,219,18671.4
76,46,502,229,273,24949.4
76,47,181,81,100,6678.9
76,48,39,14,25,1493.7
76,49,50,25,25,1270
76,50,99,57,42,3445.2
76,51,248,121,127,7489.6
76,52,40,23,17,1796
76,53,52,29,23,2090.4
76,54,7,2,5,217
76,55,11,5,6,546.7
76,56,61,38,23,1976.4
76,57,35,19,16,1074.5
76,58,21,12,9,915.6
76,59,62,31,31,2554.4
76,60,54,25,29,2424.6
76,61,75,37,38,2227.5
76,62,18,10,8,783
76,63,42,27,15,1465.8
76,64,25,10,15,775
76,65,18,11,7,783
76,66,5,2,3,243
76,67,696,336,360,26448
76,68,187,99,88,7797.9
76,69,182,94,88,6388.2
76,70,20,11,9,644
76,71,19,11,8,729.6
76,72,33,19,14,1560.9
76,73,29,16,13,1142.6
76,74,9,5,4,315.9
76,75,39,18,21,1684.8
76,76,220,107,113,8932
76,77,123,57,66,4305
76,78,11,5,6,389.4
76,79,60,30,30,1416
76,80,14,7,7,617.4
76,83,35,14,21,1624
76,84,452,232,220,17718.4
76,85,486,231,255,17058.6
76,86,6,3,3,432
76,87,2,1,1,0
76,88,2,2,0,0
76,90,16,8,8,553.6
76,91,12,7,5,453.6
76,92,24,12,12,808.8
76,93,56,31,25,2268
76,94,5,2,3,190
76,95,48,27,21,1819.2
76,96,787,399,388,27308.9
76,97,315,158,157,10899
76,98,100,60,40,3950
76,99,380,199,181,11932
76,100,135,80,55,4212
76,102,2339,1179,1160,95899
76,103,32,21,11,1510.4
76,104,419,202,217,13743.2
76,105,1277,622,655,49036.8
76,106,323,160,163,11692.6
76,107,249,131,118,9636.3
76,108,383,194,189,14247.6
76,109,1020,520,500,35088
76,110,86,46,40,3139
76,111,84,45,39,3754.8
76,112,45,22,23,1840.5
76,113,24,16,8,835.2
76,114,55,29,26,2365
76,115,146,75,71,5022.4
76,116,168,93,75,5695.2
76,117,302,154,148,11506.2
76,118,295,153,142,11003.5
77,37,3,1,2,0
77,38,37,19,18,1742.7
77,39,12,5,7,649.2
77,40,3,1,2,0
77,41,37,20,17,1531.8
77,43,346,177,169,13736.2
77,44,229,111,118,8633.3
77,45,340,177,163,12410
77,46,599,310,289,23361
77,47,198,105,93,6494.4
77,49,6,3,3,106.8
77,51,406,215,191,14900.2
77,52,702,365,337,26395.2
77,53,21,14,7,821.1
77,54,16,8,8,830.4
77,55,45,21,24,1705.5
77,57,4,3,1,0
77,58,72,36,36,2894.4
77,59,256,138,118,9856
77,61,2,1,1,0
77,62,37,19,18,1098.9
77,63,27,12,15,742.5
77,64,38,22,16,1318.6
77,65,75,34,41,2535
77,66,16,10,6,646.4
77,67,23,11,12,943
77,68,178,82,96,5927.4
77,69,33,18,15,1465.2
77,70,23,13,10,807.3
77,71,42,21,21,1902.6
77,72,11,6,5,500.5
77,73,38,19,19,1520
77,74,8,6,2,263.2
77,75,261,139,122,9317.7
77,76,670,326,344,30619
77,77,381,185,196,15316.2
77,78,886,422,464,34288.2
77,79,71,38,33,2811.6
77,80,4,2,2,0
77,82,42,26,16,1545.6
77,83,398,194,204,13532
77,84,71,35,36,2399.8
77,85,17,11,6,741.2
77,93,7,5,2,343
77,94,7,4,3,310.8
77,95,5,2,3,119
77,96,25,15,10,1040
77,97,49,26,23,2278.5
77,98,25,11,14,1255
77,99,550,276,274,16335
77,100,1408,716,692,55756.8
77,101,1543,751,792,60485.6
77,102,435,217,218,15529.5
77,105,805,394,411,28819
77,106,328,186,142,12529.6
77,107,225,124,101,8212.5
77,108,294,158,136,12377.4
77,109,1073,513,560,48928.8
77,110,105,57,48,3643.5
77,111,65,36,29,2281.5
77,112,98,48,50,3694.6
77,113,18,10,8,693
77,114,52,27,25,2028
77,115,1,0,1,0
77,116,72,35,37,2980.8
77,117,43,24,19,1264.2
77,118,44,22,22,1707.2
77,119,56,29,27,2318.4
77,120,111,60,51,3973.8
77,121,66,31,35,2732.4
78,37,3,2,1,0
78,38,51,28,23,2142
78,39,46,18,28,2185
78,44,26,12,14,1097.2
78,45,136,73,63,5698.4
78,46,198,102,96,5682.6
78,47,144,75,69,4881.6
78,48,135,65,70,4833
78,49,58,36,22,2169.2
78,50,29,16,13,928
78,51,54,23,31,1830.6
78,52,405,207,198,17091
78,53,289,149,140,10086.1
78,54,15,10,5,622.5
78,55,13,7,6,572
78,56,12,6,6,518.4
78,57,30,16,14,1242
78,58,46,26,20,1343.2
78,59,29,16,13,855.5
78,60,19,9,10,670.7
78,62,3,1,2,0
78,63,13,7,6,439.4
78,64,2,2,0,0
78,65,18,9,9,694.8
78,66,14,7,7,530.6
78,67,14,8,6,435.4
78,68,10,4,6,492
78,69,17,9,8,827.9
78,70,12,7,5,381.6
78,71,15,7,8,655.5
78,72,7,2,5,305.9
78,73,14,10,4,652.4
78,74,500,254,246,20400
78,75,1831,906,925,76169.6
78,76,1025,480,545,50122.5
78,77,143,63,80,6635.2
78,81,18,11,7,894.6
78,82,30,17,13,1230
78,83,11,7,4,530.2
78,85,3,1,2,0
78,99,146,73,73,4949.4
78,100,51,30,21,1932.9
78,104,103,55,48,3677.1
78,105,147,79,68,5336.1
78,106,51,32,19,2203.2
78,107,26,13,13,964.6
78,108,79,44,35,2907.2
78,109,540,298,242,19710
78,110,522,253,269,22654.8
78,111,1683,813,870,70517.7
78,112,973,472,501,41839
78,113,123,71,52,5252.1
78,114,95,51,44,3382
78,115,100,55,45,3840
78,116,37,21,16,1683.5
78,117,27,13,14,1042.2
78,118,10,3,7,315
78,119,57,29,28,1966.5
78,120,11,5,6,588.5
78,121,40,21,19,1328
78,122,67,40,27,2251.2
79,32,3,2,1,0
79,33,9,5,4,412.2
79,34,71,35,36,3294.4
79,35,65,33,32,2717
79,39,12,5,7,673.2
79,40,109,59,50,5079.4
79,41,96,45,51,3734.4
79,42,121,66,55,4936.8
79,43,138,68,70,5202.6
79,44,21,13,8,848.4
79,45,2,1,1,0
79,46,186,104,82,4836
79,47,53,24,29,1791.4
79,48,347,173,174,12596.1
79,49,826,415,411,27753.6
79,50,667,332,335,25145.9
79,51,1087,554,533,42066.9
79,52,37,19,18,1413.4
79,53,213,117,96,7774.5
79,54,129,62,67,4437.6
79,55,67,33,34,2860.9
79,57,15,7,8,619.5
79,59,6,4,2,177
79,60,34,20,14,975.8
79,61,14,8,6,576.8
79,62,198,107,91,6157.8
79,63,24,14,10,1111.2
79,64,56,31,25,2352
79,65,26,12,14,1058.2
79,66,14,9,5,686
79,67,31,16,15,933.1
79,68,23,13,10,959.1
79,69,12,7,5,393.6
79,70,38,23,15,1759.4
79,71,59,32,27,1929.3
79,72,13,9,4,513.5
79,73,132,64,68,4501.2
79,74,478,230,248,19693.6
79,75,588,281,307,25284
79,80,2,1,1,0
79,81,64,36,28,2579.2
79,82,13,6,7,644.8
79,83,1,1,0,0
79,98,61,34,27,2720.6
79,99,33,20,13,1260.6
79,102,64,29,35,3193.6
79,103,71,33,38,4167.7
79,104,341,160,181,12378.3
79,105,730,359,371,31463
79,106,402,214,188,16964.4
79,107,504,264,240,20361.6
79,108,139,69,70,5115.2
79,109,331,173,158,13438.6
79,111,8,8,0,338.4
79,112,1198,621,577,45404.2
79,113,1348,658,690,49741.2
79,114,5,4,1,336
79,115,45,25,20,1503
79,116,26,14,12,943.8
79,117,30,17,13,1533
79,118,18,16,2,828
79,119,10,9,1,357
79,120,53,25,28,1966.3
79,121,88,46,42,3634.4
79,122,338,174,164,11999
79,124,23,13,10,706.1
79,125,70,31,39,2667
79,126,10,7,3,324
80,27,7,5,2,209.3
80,28,74,35,39,3270.8
80,29,202,101,101,8564.8
80,30,26,13,13,1172.6
80,31,7,3,4,380.8
80,32,117,60,57,4212
80,33,545,253,292,24743
80,34,847,409,438,36844.5
80,35,60,35,25,2472
80,36,59,35,24,2513.4
80,37,62,35,27,2250.6
80,38,138,70,68,6389.4
80,39,175,91,84,7577.5
80,40,124,61,63,6026.4
80,41,203,103,100,8871.1
80,42,78,39,39,2948.4
80,43,251,122,129,8257.9
80,44,108,56,52,4071.6
80,45,29,15,14,1107.8
80,46,29,14,15,1244.1
80,47,329,158,171,16779
80,48,120,60,60,5112
80,49,283,138,145,12763.3
80,50,256,133,123,10188.8
80,51,95,46,49,3116
80,52,7,4,3,109.2
80,53,2,1,1,0
80,54,14,9,5,504
80,55,21,11,10,779.1
80,56,25,10,15,932.5
80,58,26,16,10,785.2
80,59,25,10,15,975
80,60,18,10,8,507.6
80,61,98,50,48,2851.8
80,62,98,54,44,4351.2
80,63,77,36,41,2810.5
80,64,58,34,24,2146
80,65,6,3,3,378
80,66,43,20,23,1500.7
80,67,25,16,9,1057.5
80,68,14,7,7,470.4
80,69,25,15,10,962.5
80,70,6,4,2,277.2
80,71,29,19,10,1154.2
80,72,42,20,22,1864.8
80,73,63,34,29,2891.7
80,78,34,13,21,1128.8
80,79,189,87,102,7938
80,80,39,19,20,1489.8
80,81,52,26,26,2225.6
80,82,4,1,3,0
80,83,4,3,1,0
80,84,4,2,2,0
80,97,7,5,2,212.8
80,98,35,22,13,1354.5
80,101,88,41,47,4030.4
80,102,562,283,279,23435.4
80,103,166,89,77,7785.4
80,104,171,86,85,5814
80,105,3,2,1,0
80,111,73,39,34,3394.5
80,112,80,33,47,3256
80,113,104,55,49,3868.8
80,114,5,4,1,150
80,117,6,4,2,184.2
80,118,13,7,6,655.2
80,119,20,10,10,802
80,120,281,143,138,10874.7
80,121,215,101,114,8428
80,122,22,13,9,693
80,123,11,6,5,334.4
80,124,16,8,8,433.6
80,125,14,8,6,582.4
80,126,57,29,28,2280
80,127,12,8,4,403.2
81,28,10,4,6,513
81,29,14,10,4,499.8
81,30,33,21,12,1336.5
81,31,1,1,0,0
81,32,105,48,57,4231.5
81,33,407,208,199,16564.9
81,34,274,137,137,9891.4
81,35,90,48,42,3690
81,36,322,163,159,12976.6
81,37,145,66,79,6162.5
81,38,69,33,36,2780.7
81,39,152,76,76,6323.2
81,40,94,45,49,4032.6
81,41,141,69,72,4892.7
81,42,119,60,59,4176.9
81,43,192,100,92,7142.4
81,44,67,41,26,2465.6
81,45,176,90,86,7092.8
81,46,287,126,161,12197.5
81,47,1067,460,607,51536.1
81,48,1894,945,949,72919
81,49,605,310,295,23292.5
81,50,1131,581,550,47275.8
81,51,38,20,18,2086.2
81,52,25,13,12,800
81,53,26,12,14,980.2
81,54,2,1,1,0
81,55,1,1,0,0
81,56,627,325,302,22258.5
81,57,29,15,14,1244.1
81,58,16,9,7,659.2
81,59,2,1,1,0
81,60,16,8,8,659.2
81,61,25,20,5,1000
81,62,35,17,18,1291.5
81,63,22,14,8,774.4
81,64,8,5,3,394.4
81,65,19,11,8,754.3
81,66,26,13,13,699.4
81,67,33,19,14,1178.1
81,68,193,87,106,7102.4
81,69,26,13,13,829.4
81,70,27,15,12,1174.5
81,71,3,2,1,0
81,78,9,5,4,474.3
81,79,9,4,5,403.2
81,80,52,29,23,1950
81,81,37,18,19,1572.5
81,97,220,111,109,7656
81,98,69,38,31,3091.2
81,100,4,2,2,0
81,101,3,3,0,0
81,102,852,415,437,29990.4
81,103,555,288,267,19591.5
81,104,402,201,201,18894
81,105,13,6,7,665.6
81,111,378,199,179,14515.2
81,112,704,345,359,20486.4
81,113,163,92,71,5509.4
81,114,26,14,12,1045.2
81,115,2,1,1,0
81,119,32,17,15,1296
81,120,54,28,26,2079
81,121,131,65,66,5043.5
81,123,2,1,1,0
81,124,10,7,3,339
81,125,22,14,8,919.6
81,126,6,3,3,310.2
81,127,11,5,6,414.7
82,28,25,16,9,1310
82,29,253,133,120,10929.6
82,30,83,40,43,4291.1
82,31,33,19,14,1689.6
82,32,30,15,15,1587
82,34,29,17,12,1293.4
82,35,16,10,6,817.6
82,37,65,34,31,3074.5
82,38,8,5,3,247.2
82,39,246,119,127,9348
82,40,369,181,188,14132.7
82,41,62,33,29,2002.6
82,42,25,13,12,1225
82,43,59,31,28,2413.1
82,44,157,70,87,5746.2
82,45,182,71,111,10647
82,46,359,183,176,14001
82,47,1082,524,558,40358.6
82,48,1862,881,981,68894
82,49,1839,861,978,70985.4
82,50,2541,1307,1234,100623.6
82,51,2584,1267,1317,111370.4
82,52,351,175,176,16918.2
82,53,83,36,47,3195.5
82,54,133,59,74,4655
82,55,31,15,16,1274.1
82,56,771,375,396,28141.5
82,57,115,58,57,4151.5
82,58,7,4,3,238
82,60,2,1,1,0
82,61,35,20,15,1480.5
82,62,16,9,7,793.6
82,63,432,224,208,13564.8
82,64,375,187,188,12750
82,65,37,16,21,1431.9
82,66,5,1,4,313
82,67,301,147,154,11106.9
82,68,314,153,161,13031
82,69,62,31,31,2331.2
82,80,84,38,46,3192
82,81,366,184,182,12883.2
82,82,11,6,5,660
82,84,7,2,5,242.9
82,96,75,38,37,3127.5
82,97,556,299,257,21572.8
82,98,2,1,1,0
82,100,19,8,11,780.9
82,101,95,55,40,3363
82,102,48,27,21,1752
82,103,1266,612,654,47348.4
82,104,615,292,323,22939.5
82,105,34,21,13,1526.6
82,106,2,2,0,0
82,107,6,4,2,150
82,111,20,8,12,872
82,112,648,333,315,22680
82,113,157,82,75,5809
82,114,14,8,6,602
82,122,4,2,2,0
83,28,5,1,4,224
83,29,113,57,56,5650
83,30,115,54,61,5520
83,37,13,5,8,288.6
83,38,44,21,23,1650
83,39,60,30,30,2940
83,40,436,215,221,18181.2
83,41,323,151,172,11014.3
83,42,368,183,185,15382.4
83,43,665,302,363,25868.5
83,44,373,195,178,14285.9
83,45,461,225,236,17794.6
83,46,306,151,155,11750.4
83,47,680,319,361,30328
83,48,223,112,111,9098.4
83,49,354,164,190,15859.2
83,50,1364,652,712,58924.8
83,51,1768,812,956,68068
83,52,1277,558,719,60785.2
83,53,1593,802,791,64516.5
83,54,1845,899,946,68449.5
83,55,653,321,332,21091.9
83,56,8,6,2,395.2
83,57,114,66,48,5027.4
83,58,91,49,42,3612.7
83,59,27,13,14,1320.3
83,60,12,8,4,553.2
83,61,46,26,20,1646.8
83,62,27,16,11,1088.1
83,63,553,287,266,19023.2
83,64,372,186,186,13020
83,65,35,17,18,1536.5
83,66,51,31,20,1989
83,67,15,6,9,511.5
83,69,14,6,8,670.6
83,70,4,3,1,0
83,80,4,2,2,0
83,81,130,68,62,5642
83,82,547,269,278,22536.4
83,83,156,74,82,5522.4
83,84,69,40,29,3001.5
83,85,13,7,6,453.7
83,86,22,11,11,814
83,88,4,2,2,0
83,89,45,23,22,2245.5
83,90,33,16,17,927.3
83,91,3,2,1,0
83,93,12,7,5,520.8
83,94,82,41,41,3927.8
83,95,72,37,35,3405.6
83,96,57,29,28,2656.2
83,97,20,11,9,750
83,100,125,70,55,4425
83,101,507,245,262,16731
83,102,161,79,82,4991
83,103,219,116,103,8825.7
83,104,116,50,66,4570.4
83,105,2,1,1,0
83,111,283,144,139,10980.4
83,112,322,166,156,12622.4
83,113,27,12,15,1069.2
83,114,14,11,3,621.6
83,115,6,2,4,262.2
83,123,9,4,5,388.8
84,40,100,49,51,5270
84,41,178,91,87,8597.4
84,42,389,185,204,15793.4
84,43,443,228,215,19049
84,44,719,350,369,29407.1
84,45,925,460,465,38942.5
84,46,540,269,271,19440
84,47,804,397,407,35134.8
84,48,344,173,171,16133.6
84,49,387,196,191,16370.1
84,50,1368,647,721,53215.2
84,51,1393,674,719,62824.3
84,52,568,281,287,24480.8
84,53,41,22,19,1726.1
84,54,68,36,32,2420.8
84,55,308,156,152,10071.6
84,56,15,8,7,661.5
84,57,45,25,20,1840.5
84,58,23,14,9,828
84,59,121,57,64,4888.4
84,60,112,62,50,3908.8
84,61,79,43,36,2693.9
84,62,19,10,9,723.9
84,63,99,52,47,2554.2
84,64,18,7,11,725.4
84,65,47,22,25,1771.9
84,66,15,8,7,489
84,67,16,9,7,710.4
84,68,39,24,15,1497.6
84,69,47,25,22,1757.8
84,70,10,5,5,432
84,79,1,1,0,0
84,80,11,5,6,459.8
84,81,2,1,1,0
84,83,24,10,14,804
84,86,7,4,3,245.7
84,87,87,47,40,3471.3
84,88,698,337,361,32457
84,89,955,457,498,37340.5
84,90,1302,649,653,51689.4
84,91,222,118,104,7747.8
84,92,7,4,3,237.3
84,93,16,8,8,603.2
84,94,42,25,17,1793.4
84,98,47,22,25,2241.9
84,99,15,7,8,717
84,100,29,16,13,1041.1
84,101,44,22,22,1491.6
84,102,32,15,17,1273.6
84,103,242,110,132,11180.4
84,104,86,51,35,3362.6
84,110,474,244,230,16637.4
84,111,447,224,223,15600.3
84,112,832,422,410,28204.8
84,113,104,54,50,3972.8
84,114,15,6,9,609
84,127,33,17,16,1201.2
85,43,6,3,3,256.2
85,45,1,1,0,0
85,46,101,48,53,4484.4
85,47,786,382,404,31597.2
85,48,894,453,441,38173.8
85,49,995,482,513,40894.5
85,50,284,129,155,14626
85,51,2057,978,1079,86188.3
85,52,796,399,397,29292.8
85,53,177,92,85,6195
85,54,93,52,41,3543.3
85,55,64,35,29,2278.4
85,56,41,21,20,1549.8
85,57,7,5,2,315.7
85,58,4,2,2,0
85,59,1229,592,637,52232.5
85,60,406,198,208,16686.6
85,61,18,12,6,610.2
85,62,182,97,85,7298.2
85,63,692,349,343,29963.6
85,65,12,8,4,446.4
85,66,17,9,8,647.7
85,67,259,136,123,9997.4
85,68,674,334,340,26151.2
85,69,657,326,331,27199.8
85,70,138,70,68,5851.2
85,79,5,4,1,111
85,80,5,3,2,301
85,81,19,11,8,946.2
85,82,54,26,28,2532.6
85,83,167,84,83,8049.4
85,88,157,73,84,7426.1
85,89,438,219,219,21067.8
85,90,156,80,76,6536.4
85,91,4,2,2,0
85,97,31,18,13,1292.7
85,98,60,31,29,2508
85,102,13,5,8,561.6
85,103,687,348,339,24251.1
85,104,839,407,432,31546.4
85,105,471,249,222,14412.6
85,107,5,4,1,235
85,108,2,1,1,0
85,109,6,4,2,291
85,110,271,134,137,10135.4
85,111,25,8,17,967.5
85,112,1561,745,816,58693.6
85,113,705,329,376,23970
85,114,56,36,20,2044
85,115,1,1,0,0
85,118,2,2,0,0
85,126,16,10,6,588.8
85,127,58,33,25,2354.8
86,43,5,3,2,149
86,48,120,60,60,4920
86,49,491,244,247,19149
86,50,1120,578,542,43456
86,51,2184,1062,1122,87141.6
86,52,645,304,341,23284.5
86,53,1153,584,569,36550.1
86,54,82,43,39,3362
86,55,53,27,26,2104.1
86,56,28,12,16,1120
86,57,44,26,18,1381.6
86,58,68,33,35,2890
86,59,665,336,329,30058
86,60,554,282,272,24376
86,62,11,6,5,576.4
86,63,160,83,77,6032
86,64,604,272,332,27844.4
86,65,1492,735,757,56994.4
86,66,2531,1230,1301,93900.1
86,67,2437,1215,1222,97236.3
86,68,1643,834,809,62434
86,69,315,147,168,14521.5
86,70,2,2,0,0
86,79,11,6,5,385
86,80,6,3,3,261
86,81,16,8,8,758.4
86,82,70,38,32,2744
86,83,67,32,35,3323.2
86,84,7,4,3,263.2
86,85,2,1,1,0
86,87,1,0,1,0
86,88,24,12,12,998.4
86,89,119,56,63,4998
86,91,1,0,1,0
86,94,2,1,1,0
86,95,4,4,0,0
86,97,59,29,30,1982.4
86,98,6,2,4,166.8
86,102,10,4,6,295
86,103,747,386,361,30477.6
86,104,357,185,172,13887.3
86,105,30,14,16,828
86,106,125,64,61,4575
86,107,357,190,167,12495
86,108,10,6,4,324
86,109,13,8,5,409.5
86,110,102,49,53,3355.8
86,111,1,1,0,0
86,112,193,98,95,7102.4
86,113,1306,627,679,49366.8
86,114,320,165,155,11936
86,115,90,42,48,3600
86,116,9,5,4,261
86,126,19,10,9,613.7
87,49,189,95,94,6539.4
87,50,191,93,98,8824.2
87,51,455,230,225,19383
87,52,668,318,350,25584.4
87,53,436,212,224,17352.8
87,54,108,54,54,3574.8
87,55,276,137,139,9963.6
87,56,146,76,70,5708.6
87,57,94,50,44,4436.8
87,58,187,93,94,7966.2
87,59,2,1,1,0
87,63,11,5,6,543.4
87,64,5,4,1,126
87,65,1687,836,851,70347.9
87,66,3566,1762,1804,149415.4
87,67,2776,1368,1408,121866.4
87,68,3,1,2,0
87,81,29,13,16,980.2
87,82,72,32,40,2613.6
87,83,59,32,27,2395.4
87,84,16,6,10,467.2
87,88,134,60,74,5936.2
87,89,461,232,229,18624.4
87,90,14,8,6,414.4
87,92,12,6,6,517.2
87,95,12,6,6,580.8
87,100,17,8,9,554.2
87,101,14,7,7,495.6
87,102,64,38,26,2201.6
87,103,52,31,21,2022.8
87,104,31,16,15,914.5
87,105,20,8,12,950
87,106,45,26,19,1624.5
87,107,532,277,255,18247.6
87,108,586,283,303,23791.6
87,109,615,307,308,22140
87,110,30,22,8,996
87,111,917,430,487,38880.8
87,112,2691,1337,1354,101450.7
87,113,1804,890,914,63861.6
87,114,1783,848,935,69358.7
87,115,387,208,179,15131.7
87,116,16,9,7,649.6
87,117,6,4,2,211.2
87,118,3,2,1,0
87,119,1,0,1,0
87,125,32,18,14,1238.4
87,126,29,14,15,1052.7
88,53,232,121,111,9326.4
88,54,83,32,51,3220.4
88,55,55,30,25,2304.5
88,56,41,20,21,1681
88,66,29,17,12,1441.3
88,67,75,35,40,3502.5
88,68,151,79,72,6719.5
88,80,4,2,2,0
88,81,34,15,19,1183.2
88,82,31,20,11,1432.2
88,83,9,5,4,243
88,84,2,1,1,0
88,85,2,1,1,0
88,86,16,8,8,715.2
88,87,61,29,32,2379
88,88,50,26,24,1835
88,89,103,57,46,3666.8
88,90,67,38,29,2412
88,99,7,4,3,398.3
88,100,19,9,10,988
88,101,73,43,30,2452.8
88,102,42,19,23,1629.6
88,103,13,6,7,587.6
88,104,25,12,13,1097.5
88,105,748,380,368,25282.4
88,106,70,37,33,3045
88,107,704,351,353,25062.4
88,108,1360,679,681,52224
88,109,488,253,235,18495.2
88,110,324,167,157,13802.4
88,111,1388,676,712,49274
88,112,1328,621,707,60556.8
88,113,1603,793,810,76944
88,114,1111,541,570,46217.6
88,115,94,39,55,4634.2
88,116,37,17,20,1757.5
88,119,46,22,24,2120.6
88,120,4,1,3,0
88,122,22,11,11,723.8
88,123,4,3,1,0
88,124,11,6,5,452.1
88,125,11,7,4,468.6
88,126,19,8,11,672.6
89,62,6,5,1,253.8
89,80,1,1,0,0
89,81,25,12,13,1307.5
89,82,9,4,5,358.2
89,83,4,2,2,0
89,84,3,2,1,0
89,86,6,4,2,132
89,87,1,1,0,0
89,88,20,11,9,768
89,89,9,5,4,407.7
89,90,29,14,15,1177.4
89,91,9,5,4,411.3
89,98,11,7,4,458.7
89,99,79,50,29,3017.8
89,100,47,24,23,1804.8
89,101,12,7,5,528
89,102,20,8,12,744
89,103,2,1,1,0
89,104,273,141,132,9882.6
89,105,1766,897,869,62516.4
89,106,192,100,92,7353.6
89,107,371,187,184,13096.3
89,108,448,218,230,13753.6
89,109,73,37,36,2927.3
89,110,496,242,254,15772.8
89,111,1347,671,676,48222.6
89,112,2084,1030,1054,80025.6
89,113,2279,1108,1171,88197.3
89,114,1809,901,908,66390.3
89,115,1290,636,654,52632
89,116,887,435,452,32109.4
89,117,65,36,29,1911
89,118,33,18,15,1290.3
89,119,51,32,19,1749.3
89,120,18,9,9,673.2
89,122,9,4,5,395.1
89,123,432,227,205,16718.4
89,124,300,171,129,11340
89,125,31,18,13,1488
90,79,8,3,5,356
90,81,4,2,2,0
90,82,11,8,3,459.8
90,90,10,7,3,507
90,91,19,11,8,666.9
90,92,8,4,4,334.4
90,98,167,80,87,4325.3
90,99,208,104,104,7654.4
90,100,59,32,27,2424.9
90,101,10,6,4,494
90,105,332,172,160,13280
90,106,1509,743,766,58096.5
90,107,887,436,451,36987.9
90,108,1529,783,746,54738.2
90,109,273,138,135,10128.3
90,110,1467,750,717,53252.1
90,111,875,409,466,34125
90,112,350,165,185,14770
90,113,498,240,258,23356.2
90,114,1298,651,647,50751.8
90,115,1505,736,769,54180
90,116,920,469,451,34132
90,117,605,280,325,25410
90,118,764,396,368,30483.6
90,119,239,117,122,9560
90,120,33,19,14,1214.4
90,121,1076,560,516,38951.2
90,122,1015,505,510,40600
90,123,490,255,235,18914
90,124,1228,613,615,57102
90,125,18,13,5,734.4
90,127,635,324,311,17145
91,79,3,1,2,0
91,80,199,105,94,9074.4
91,93,7,3,4,296.1
91,94,35,20,15,1288
91,95,71,34,37,2492.1
91,96,1239,604,635,51418.5
91,97,296,130,166,13852.8
91,98,625,334,291,23000
91,99,728,375,353,26426.4
91,100,99,54,45,3534.3
91,101,196,99,97,7565.6
91,102,7,3,4,156.1
91,103,46,24,22,2327.6
91,104,772,391,381,28641.2
91,105,337,174,163,13581.1
91,106,177,84,93,7876.5
91,107,865,436,429,39271
91,108,136,69,67,4936.8
91,109,254,140,114,10998.2
91,110,104,52,52,5210.4
91,111,3,2,1,0
91,113,26,11,15,850.2
91,114,130,64,66,5161
91,115,272,126,146,11070.4
91,116,1800,879,921,71640
91,117,1125,569,556,45562.5
91,118,2803,1379,1424,107074.6
91,119,1167,592,575,41078.4
91,120,1712,833,879,60091.2
91,121,1519,789,730,52405.5
91,122,536,260,276,19885.6
91,123,3541,1701,1840,142348.2
91,124,2429,1131,1298,102746.7
91,125,49,26,23,2062.9
91,126,652,344,308,23928.4
91,127,1567,803,764,51084.2
92,80,455,231,224,20338.5
92,81,150,74,76,6465
92,94,99,52,47,2465.1
92,95,1217,612,605,44663.9
92,96,377,182,195,17568.2
92,97,14,8,6,665
92,99,79,38,41,4100.1
92,100,37,16,21,1616.9
92,101,45,21,24,1723.5
92,104,11,7,4,445.5
92,105,75,38,37,3052.5
92,113,100,52,48,3760
92,114,124,64,60,5629.6
92,116,1134,572,562,45927
92,117,1621,788,833,63705.3
92,118,1990,985,1005,72436
92,119,2174,1064,1110,84568.6
92,120,1784,844,940,83134.4
92,121,1527,723,804,57720.6
92,122,1760,824,936,79552
92,123,2597,1259,1338,103100.9
92,124,506,271,235,20897.8
92,125,2745,1336,1409,99094.5
92,126,733,385,348,27780.7
92,127,377,187,190,13722.8
93,67,3,2,1,0
93,80,94,52,42,4944.4
93,81,265,139,126,10706
93,82,145,74,71,4857.5
93,83,19,12,7,824.6
93,84,22,9,13,979
93,95,287,149,138,10102.4
93,96,2,2,0,0
93,115,45,25,20,1764
93,116,1000,489,511,37600
93,117,1029,536,493,38484.6
93,118,770,400,370,27104
93,119,2144,1006,1138,103340.8
93,120,2260,1138,1122,83168
93,121,2146,1057,1089,82835.6
93,122,917,467,450,34204.1
93,124,258,133,125,8797.8
93,125,2817,1391,1426,98313.3
93,126,943,476,467,34325.2
93,127,36,18,18,1162.8
94,67,2,1,1,0
94,68,226,100,126,8294.2
94,69,24,12,12,1173.6
94,81,117,60,57,5627.7
94,82,701,351,350,27969.9
94,83,413,199,214,16561.3
94,84,97,51,46,3967.3
94,85,33,18,15,1389.3
94,86,3,2,1,0
94,91,1,0,1,0
94,92,4,2,2,0
94,93,8,4,4,363.2
94,94,44,25,19,1909.6
94,95,8,5,3,219.2
94,115,42,22,20,1659
94,116,162,77,85,5378.4
94,117,410,211,199,15088
94,118,1,0,1,0
94,119,228,111,117,8367.6
94,120,1798,910,888,67784.6
94,121,1593,768,825,63401.4
94,122,244,122,122,8491.2
94,123,8,5,3,344
94,124,38,21,17,1535.2
94,125,7,3,4,254.8
94,126,3,2,1,0
95,68,671,347,324,25430.9
95,69,2016,933,1083,91728
95,70,286,130,156,16016
95,82,3,1,2,0
95,83,170,97,73,7225
95,84,8,6,2,234.4
95,85,7,4,3,282.1
95,86,11,5,6,521.4
95,88,2,2,0,0
95,91,28,12,16,1204
95,92,34,17,17,1496
95,93,44,24,20,1830.4
95,95,2,2,0,0
95,102,7,4,3,277.9
95,103,1,0,1,0
95,104,16,8,8,782.4
95,105,2,1,1,0
95,119,550,247,303,25135
95,120,2421,1214,1207,85219.2
95,121,2746,1394,1352,99679.8
95,122,2465,1233,1232,84796
95,123,1445,678,767,60545.5
95,124,23,11,12,874
95,126,3,2,1,0
96,63,1,1,0,0
96,67,1197,533,664,57096.9
96,68,2638,1329,1309,101563
96,69,1843,913,930,69112.5
96,70,115,62,53,5497
96,71,11,6,5,540.1
96,72,2,1,1,0
96,73,11,6,5,591.8
96,83,136,71,65,6460
96,84,217,92,125,10806.6
96,85,26,14,12,1216.8
96,86,9,4,5,486
96,87,1,0,1,0
96,88,3,3,0,0
96,89,1,1,0,0
96,91,54,25,29,1792.8
96,92,134,68,66,5373.4
96,93,6,2,4,268.8
96,94,11,6,5,558.8
96,97,2,1,1,0
96,98,14,6,8,553
96,99,14,9,5,536.2
96,100,35,20,15,1515.5
96,101,194,90,104,7740.6
96,102,1083,548,535,39421.2
96,103,215,106,109,8449.5
96,104,124,64,60,4910.4
96,105,80,43,37,3496
96,106,106,53,53,4441.4
96,119,1487,666,821,64535.8
96,120,2290,1179,1111,86333
96,121,2477,1235,1242,91401.3
96,122,2257,1081,1176,88474.4
96,123,1205,626,579,45910.5
96,124,61,37,24,2690.1
96,125,22,11,11,697.4
97,56,207,105,102,8838.9
97,57,240,126,114,9360
97,58,81,43,38,4171.5
97,59,1,1,0,0
97,60,2,1,1,0
97,61,189,96,93,7030.8
97,62,75,37,38,3412.5
97,63,363,180,183,16262.4
97,64,206,103,103,8672.6
97,65,408,204,204,15422.4
97,66,693,342,351,32571
97,67,381,197,184,15963.9
97,68,2642,1356,1286,120739.4
97,69,833,431,402,35402.5
97,70,53,28,25,1945.1
97,71,15,9,6,706.5
97,72,34,19,15,1628.6
97,73,51,24,27,2157.3
97,74,4,3,1,0
97,92,8,4,4,451.2
97,93,591,266,325,28072.5
97,94,1041,495,546,47677.8
97,95,522,266,256,23646.6
97,96,42,21,21,1696.8
97,97,4,3,1,0
97,98,54,31,23,2602.8
97,99,14,6,8,428.4
97,100,32,18,14,1683.2
97,101,95,45,50,3439
97,102,274,131,143,9562.6
97,103,287,147,140,11853.1
97,104,26,13,13,1107.6
97,106,81,36,45,3766.5
97,107,129,53,76,5340.6
97,108,382,197,185,15471
97,109,52,24,28,2246.4
97,111,4,3,1,0
97,117,61,32,29,2238.7
97,118,258,129,129,9365.4
97,119,64,28,36,3200
97,120,1550,760,790,56420
97,121,1927,937,990,77465.4
97,122,2473,1173,1300,114005.3
97,123,3063,1507,1556,114862.5
97,124,2349,1150,1199,94194.9
97,125,524,266,258,20802.8
97,126,98,61,37,4370.8
97,127,2,1,1,0
98,54,7,3,4,345.1
98,55,114,62,52,3705
98,56,563,283,280,22914.1
98,57,34,19,15,1329.4
98,58,23,13,10,747.5
98,59,3,2,1,0
98,60,27,13,14,1071.9
98,61,68,34,34,2706.4
98,62,146,79,67,5927.6
98,63,191,96,95,5997.4
98,64,26,12,14,1141.4
98,65,679,290,389,32116.7
98,66,1593,797,796,64675.8
98,67,3170,1531,1639,122996
98,68,2477,1221,1256,111465
98,69,600,298,302,26160
98,70,151,75,76,5722.9
98,73,11,6,5,548.9
98,74,6,2,4,198
98,75,13,9,4,465.4
98,76,1,1,0,0
98,79,3,2,1,0
98,80,8,2,6,354.4
98,81,6,3,3,367.2
98,82,7,4,3,398.3
98,84,1,0,1,0
98,85,51,25,26,2080.8
98,86,101,52,49,4252.1
98,87,14,10,4,456.4
98,88,4,1,3,0
98,89,6,3,3,262.2
98,90,8,4,4,463.2
98,91,142,68,74,5651.6
98,92,1312,662,650,49593.6
98,93,2597,1254,1343,99465.1
98,94,1579,767,812,70739.2
98,95,100,50,50,4350
98,96,38,22,16,1615
98,97,3,2,1,0
98,98,16,10,6,782.4
98,99,9,4,5,326.7
98,100,30,20,10,1008
98,101,5,3,2,237
98,102,21,9,12,947.1
98,103,249,126,123,9287.7
98,104,11,6,5,267.3
98,105,3,1,2,0
98,107,1,1,0,0
98,108,395,193,202,14378
98,109,354,175,179,12319.2
98,110,56,23,33,2256.8
98,111,418,218,200,15967.6
98,117,432,223,209,16156.8
98,118,1475,741,734,54575
98,119,877,430,447,31396.6
98,120,888,466,422,33300
98,121,3219,1578,1641,132944.7
98,122,2775,1368,1407,101565
98,123,2965,1482,1483,108815.5
98,124,3066,1478,1588,115588.2
98,125,2807,1230,1577,127999.2
98,126,869,415,454,46404.6
98,127,6,4,2,220.2
99,54,5,3,2,295
99,55,218,112,106,7978.8
99,56,148,75,73,5801.6
99,58,22,11,11,633.6
99,59,9,4,5,329.4
99,60,32,18,14,1529.6
99,61,7,2,5,375.9
99,62,118,58,60,4330.6
99,63,432,218,214,14472
99,64,116,57,59,4512.4
99,65,1518,771,747,54040.8
99,66,1948,958,990,71491.6
99,67,2153,1057,1096,89780.1
99,68,1794,925,869,68530.8
99,69,2071,1000,1071,83668.4
99,70,1551,768,783,57387
99,71,804,409,395,31918.8
99,72,147,74,73,5600.7
99,73,13,7,6,445.9
99,74,181,92,89,6715.1
99,75,366,185,181,15042.6
99,76,303,151,152,13513.8
99,77,293,146,147,14503.5
99,78,49,26,23,2709.7
99,79,16,7,9,769.6
99,80,4,2,2,0
99,81,2,1,1,0
99,82,2,1,1,0
99,84,5,4,1,264
99,85,77,43,34,3041.5
99,86,84,46,38,3528
99,87,47,23,24,1837.7
99,88,4,2,2,0
99,89,5,2,3,310
99,90,19,10,9,976.6
99,91,35,21,14,1169
99,92,113,61,52,4226.2
99,93,919,422,497,33267.8
99,94,1663,802,861,59036.5
99,95,1385,678,707,58862.5
99,96,1236,614,622,48574.8
99,97,19,15,4,752.4
99,98,56,24,32,2570.4
99,99,30,17,13,1077
99,100,2,1,1,0
99,102,17,10,7,647.7
99,103,54,29,25,2295
99,104,3,2,1,0
99,105,7,4,3,230.3
99,106,7,3,4,270.9
99,107,32,17,15,1542.4
99,108,77,41,36,3234
99,110,2,2,0,0
99,111,425,201,224,14875
99,112,1220,587,633,53070
99,113,264,98,166,16605.6
99,117,4,3,1,0
99,118,503,235,268,19918.8
99,119,1507,754,753,56813.9
99,120,350,176,174,12145
99,121,1668,859,809,59380.8
99,122,2015,998,1017,71935.5
99,123,2620,1287,1333,96678
99,124,2329,1159,1170,82912.4
99,125,2512,1201,1311,97716.8
99,126,539,264,275,20859.3
99,127,260,129,131,10322
100,46,16,7,9,644.8
100,47,73,35,38,3270.4
100,48,83,40,43,3261.9
100,49,5,3,2,145
100,50,32,19,13,1305.6
100,56,36,17,19,1965.6
100,57,244,115,129,9979.6
100,58,57,29,28,2485.2
100,59,27,15,12,1182.6
100,60,6,3,3,429
100,61,28,12,16,1072.4
100,62,22,9,13,1051.6
100,63,21,10,11,688.8
100,64,212,113,99,7907.6
100,65,19,10,9,587.1
100,66,51,27,24,1968.6
100,67,307,159,148,11266.9
100,68,341,169,172,10809.7
100,69,49,25,24,1832.6
100,70,633,316,317,25320
100,71,785,388,397,27789
100,72,612,304,308,21664.8
100,73,410,215,195,13079
100,74,362,168,194,14986.8
100,75,567,288,279,19504.8
100,76,1323,655,668,45114.3
100,77,655,317,338,25217.5
100,78,1180,576,604,48144
100,79,106,56,50,5024.4
100,80,72,35,37,3405.6
100,81,21,9,12,709.8
100,82,23,13,10,883.2
100,83,4,3,1,0
100,84,9,6,3,368.1
100,85,31,19,12,1422.9
100,86,49,26,23,2131.5
100,87,22,9,13,992.2
100,88,2,1,1,0
100,89,8,5,3,256.8
100,90,18,10,8,770.4
100,91,31,17,14,1205.9
100,92,28,15,13,1010.8
100,93,41,14,27,1623.6
100,94,26,13,13,837.2
100,95,36,19,17,1461.6
100,96,306,152,154,10587.6
100,98,5,4,1,262
100,99,44,26,18,1509.2
100,100,20,10,10,702
100,101,16,9,7,713.6
100,102,24,12,12,1214.4
100,103,31,16,15,1023
100,104,51,23,28,1968.6
100,105,22,12,10,882.2
100,106,2,1,1,0
100,107,16,7,9,420.8
100,108,4,2,2,0
100,109,32,16,16,1180.8
100,110,2,2,0,0
100,111,19,11,8,642.2
100,112,42,17,25,1818.6
100,113,223,110,113,10191.1
100,114,1195,596,599,47441.5
100,115,711,348,363,29008.8
100,116,282,149,133,11844
100,120,33,15,18,1217.7
100,121,856,429,427,39204.8
100,122,4074,1988,2086,155626.8
100,123,3095,1487,1608,136180
100,124,4277,2064,2213,169369.2
100,125,3565,1729,1836,139748
100,126,3141,1535,1606,114018.3
100,127,1612,764,848,69477.2
101,45,2,1,1,0
101,46,45,18,27,1998
101,47,573,273,300,24180.6
101,48,386,203,183,14783.8
101,49,235,115,120,9376.5
101,50,204,106,98,8914.8
101,51,42,23,19,1940.4
101,52,52,25,27,1955.2
101,54,24,14,10,1216.8
101,55,2,1,1,0
101,58,7,3,4,266
101,59,19,11,8,509.2
101,60,43,20,23,1870.5
101,61,323,164,159,12209.4
101,62,37,19,18,1339.4
101,63,132,75,57,4804.8
101,64,171,83,88,6378.3
101,65,12,5,7,573.6
101,69,22,11,11,765.6
101,71,4,2,2,0
101,74,4,2,2,0
101,75,53,30,23,2003.4
101,76,1,1,0,0
101,77,287,126,161,11365.2
101,78,724,350,374,26498.4
101,79,8,6,2,340
101,80,22,11,11,972.4
101,81,52,29,23,1976
101,82,4,3,1,0
101,83,8,3,5,288
101,84,63,37,26,2532.6
101,85,306,158,148,12117.6
101,86,1620,805,815,53460
101,87,27,17,10,1034.1
101,88,11,5,6,416.9
101,89,11,6,5,575.3
101,90,18,11,7,675
101,91,14,8,6,537.6
101,92,44,22,22,1905.2
101,93,15,6,9,607.5
101,94,49,29,20,1803.2
101,95,15,8,7,526.5
101,96,67,39,28,2472.3
101,98,3,2,1,0
101,100,28,13,15,834.4
101,101,21,12,9,804.3
101,102,2,1,1,0
101,103,6,3,3,361.2
101,104,32,17,15,1465.6
101,105,21,8,13,919.8
101,106,60,33,27,2460
101,107,22,12,10,750.2
101,108,5,3,2,255
101,109,144,72,72,5500.8
101,110,15,7,8,556.5
101,111,40,19,21,1596
101,112,168,83,85,7492.8
101,113,139,70,69,4712.1
101,114,1095,524,571,37230
101,115,2518,1182,1336,95432.2
101,116,623,308,315,24297
101,119,11,6,5,647.9
101,120,26,15,11,681.2
101,121,12,8,4,451.2
101,122,3444,1680,1764,132594
101,123,3460,1619,1841,149818
101,124,2438,1200,1238,106053
101,125,4578,2039,2539,178084.2
101,126,3740,1796,1944,146982
101,127,2171,1055,1116,90096.5
102,42,2,2,0,0
102,47,29,13,16,1189
102,48,81,44,37,2924.1
102,49,301,149,152,11558.4
102,50,50,26,24,2125
102,51,232,115,117,9256.8
102,52,990,490,500,40689
102,53,73,38,35,3036.8
102,55,11,5,6,487.3
102,57,3,2,1,0
102,58,9,4,5,387
102,59,23,12,11,936.1
102,60,27,16,11,918
102,61,132,64,68,6784.8
102,62,946,481,465,40488.8
102,63,31,14,17,1184.2
102,64,26,16,10,1151.8
102,66,4,2,2,0
102,69,8,4,4,335.2
102,70,1,1,0,0
102,71,4,3,1,0
102,76,11,6,5,644.6
102,77,12,6,6,667.2
102,78,3,2,1,0
102,79,107,58,49,3595.2
102,80,25,11,14,740
102,81,11,6,5,459.8
102,82,38,22,16,1596
102,83,12,7,5,606
102,84,8,4,4,324
102,85,454,219,235,13756.2
102,86,229,112,117,8450.1
102,87,28,15,13,1050
102,88,13,8,5,349.7
102,89,10,5,5,364
102,90,20,7,13,532
102,91,18,8,10,748.8
102,92,8,4,4,240
102,93,100,49,51,3730
102,94,18,8,10,603
102,95,27,15,12,1161
102,96,147,77,70,5042.1
102,97,38,22,16,1459.2
102,98,17,7,10,788.8
102,100,25,11,14,927.5
102,101,44,22,22,1650
102,102,10,6,4,505
102,103,110,58,52,4136
102,104,25,11,14,920
102,105,86,35,51,3242.2
102,106,190,95,95,8018
102,107,92,49,43,3698.4
102,108,147,76,71,5997.6
102,109,192,97,95,7027.2
102,110,174,95,79,6890.4
102,111,230,127,103,8234
102,112,1207,568,639,43331.3
102,113,1555,757,798,52870
102,114,326,165,161,11736
102,115,1,1,0,0
102,119,393,192,201,16623.9
102,120,2410,1164,1246,98569
102,121,54,27,27,2322
102,122,2385,1195,1190,92776.5
102,123,5337,2524,2813,213480
102,124,2634,1249,1385,100618.8
102,125,2991,1472,1519,103189.5
102,126,2961,1431,1530,123177.6
102,127,306,155,151,10832.4
103,43,81,38,43,3620.7
103,44,83,47,36,3569
103,47,35,20,15,1886.5
103,48,47,27,20,2129.1
103,49,520,249,271,19968
103,50,427,212,215,16653
103,51,27,14,13,1379.7
103,52,355,180,175,13028.5
103,53,531,281,250,19169.1
103,54,15,8,7,541.5
103,55,1,1,0,0
103,57,42,24,18,1541.4
103,58,4,2,2,0
103,59,64,31,33,2137.6
103,60,104,50,54,4108
103,61,834,421,413,36612.6
103,62,46,23,23,2014.8
103,63,61,32,29,2562
103,64,3,2,1,0
103,65,3,2,1,0
103,70,13,6,7,513.5
103,71,13,7,6,595.4
103,72,8,2,6,196.8
103,75,4,2,2,0
103,76,5,1,4,216
103,77,35,21,14,1452.5
103,78,40,20,20,1644
103,79,235,117,118,8366
103,80,396,209,187,13780.8
103,81,21,12,9,1035.3
103,82,119,63,56,4379.2
103,83,63,35,28,1890
103,84,15,5,10,654
103,85,34,18,16,1373.6
103,86,34,17,17,1557.2
103,87,250,122,128,10900
103,88,429,224,205,16216.2
103,89,100,50,50,3170
103,90,17,10,7,615.4
103,91,8,4,4,376
103,92,16,6,10,563.2
103,93,103,58,45,3584.4
103,94,41,26,15,1398.1
103,95,51,26,25,1795.2
103,96,56,28,28,2245.6
103,97,23,10,13,903.9
103,99,5,4,1,257
103,100,46,20,26,1890.6
103,101,28,12,16,1254.4
103,102,38,22,16,1299.6
103,103,113,53,60,4734.7
103,104,23,11,12,1076.4
103,105,57,27,30,2804.4
103,106,96,46,50,4204.8
103,107,14,6,8,565.6
103,108,6,1,5,106.8
103,109,12,5,7,459.6
103,120,592,286,306,20779.2
103,121,961,467,494,43148.9
103,122,7277,3524,3753,298357
103,123,1722,847,875,62853
103,124,3517,1714,1803,132942.6
103,125,2939,1382,1557,112563.7
103,126,2526,1210,1316,94472.4
103,127,308,152,156,11550
104,41,66,36,30,2541
104,42,149,77,72,6690.1
104,43,25,13,12,1135
104,44,55,32,23,2436.5
104,46,9,6,3,216.9
104,47,23,11,12,839.5
104,48,13,8,5,751.4
104,49,34,15,19,1336.2
104,50,11,5,6,525.8
104,51,25,13,12,1155
104,52,32,18,14,1558.4
104,53,24,12,12,945.6
104,54,48,22,26,2332.8
104,55,9,4,5,459
104,56,4,3,1,0
104,57,20,10,10,1148
104,58,36,19,17,1418.4
104,59,30,14,16,1095
104,60,164,77,87,6937.2
104,61,124,60,64,6014
104,62,22,15,7,833.8
104,63,14,6,8,638.4
104,64,3,2,1,0
104,65,2,1,1,0
104,68,22,15,7,1009.8
104,70,3,2,1,0
104,71,196,99,97,7546
104,72,25,11,14,927.5
104,73,13,7,6,352.3
104,76,11,5,6,478.5
104,77,13,5,8,721.5
104,78,12,7,5,471.6
104,79,41,23,18,1566.2
104,80,26,14,12,1034.8
104,82,31,16,15,1370.2
104,83,1,1,0,0
104,84,14,8,6,582.4
104,85,16,9,7,582.4
104,86,1868,920,948,76401.2
104,87,906,442,464,34156.2
104,88,570,284,286,22800
104,89,15,9,6,466.5
104,90,15,9,6,649.5
104,91,10,7,3,370
104,92,114,62,52,3602.4
104,93,246,128,118,8610
104,94,97,55,42,4180.7
104,95,41,21,20,1250.5
104,96,5,4,1,150
104,97,53,28,25,2077.6
104,98,62,31,31,1922
104,99,10,7,3,390
104,100,174,90,84,5202.6
104,101,226,118,108,9153
104,102,183,88,95,7503
104,103,156,82,74,5553.6
104,104,18,9,9,855
104,105,7,3,4,336.7
104,106,120,64,56,5232
104,107,43,20,23,1608.2
104,108,4,2,2,0
104,109,2,1,1,0
104,120,781,432,349,32411.5
104,121,10374,5260,5114,399399
104,122,13547,6567,6980,531042.4
104,123,9408,4649,4759,369734.4
104,124,2175,1036,1139,87217.5
104,125,1338,656,682,52717.2
104,126,1953,952,1001,76557.6
104,127,82,41,41,3157
105,39,2,2,0,0
105,40,9,5,4,401.4
105,41,537,266,271,21318.9
105,42,6,3,3,259.2
105,43,8,4,4,207.2
105,44,41,31,10,1275.1
105,45,21,9,12,898.8
105,46,15,5,10,642
105,47,40,20,20,1760
105,48,50,26,24,2290
105,49,29,14,15,1235.4
105,50,60,31,29,2706
105,51,20,12,8,652
105,52,6,3,3,307.2
105,54,50,26,24,2185
105,55,232,126,106,9001.6
105,56,54,20,34,2003.4
105,57,14,8,6,824.6
105,58,14,7,7,649.6
105,59,26,17,9,1302.6
105,60,130,70,60,5655
105,62,14,10,4,523.6
105,63,2,1,1,0
105,64,2,2,0,0
105,67,2,1,1,0
105,68,19,11,8,687.8
105,69,24,14,10,784.8
105,70,552,286,266,21196.8
105,71,424,214,210,12126.4
105,72,32,18,14,1100.8
105,73,3,3,0,0
105,74,4,2,2,0
105,75,4,1,3,0
105,76,11,5,6,460.9
105,77,13,6,7,457.6
105,78,3,1,2,0
105,79,12,7,5,414
105,80,5,4,1,289
105,81,26,17,9,1151.8
105,82,36,20,16,1634.4
105,83,23,11,12,1104
105,84,21,9,12,909.3
105,85,9,3,6,198
105,86,54,24,30,1863
105,87,109,50,59,3226.4
105,88,7,3,4,235.9
105,89,22,11,11,792
105,90,1,1,0,0
105,91,39,19,20,1493.7
105,92,92,40,52,3698.4
105,93,524,302,222,15510.4
105,94,20,11,9,692
105,95,21,12,9,758.1
105,96,48,23,25,1934.4
105,97,38,22,16,1489.6
105,98,46,24,22,1950.4
105,99,28,12,16,980
105,100,338,185,153,12844
105,101,1527,780,747,54819.3
105,102,370,187,183,10989
105,104,10,6,4,368
105,106,71,30,41,2754.8
105,107,32,14,18,1273.6
105,109,6,3,3,271.2
105,110,10,6,4,398
105,111,8,5,3,324
105,118,1,0,1,0
105,120,57,34,23,2411.1
105,121,1032,594,438,38596.8
105,122,16096,8344,7752,558531.2
105,123,13152,6340,6812,473472
105,124,4109,2147,1962,138473.3
105,125,2380,1169,1211,81872
105,126,2159,1050,1109,77076.3
105,127,1709,900,809,44092.2
106,28,26,13,13,1411.8
106,29,31,17,14,1587.2
106,30,37,17,20,2064.6
106,31,62,34,28,3137.2
106,32,25,13,12,1115
106,38,178,87,91,7404.8
106,39,229,117,112,9160
106,40,104,53,51,4617.6
106,41,299,156,143,12797.2
106,42,152,75,77,5836.8
106,43,36,14,22,1598.4
106,44,6,3,3,238.8
106,45,7,4,3,315.7
106,46,16,7,9,534.4
106,47,30,15,15,1263
106,48,30,13,17,1443
106,49,25,12,13,895
106,51,15,8,7,529.5
106,52,5,3,2,72
106,53,2,1,1,0
106,54,6,3,3,163.2
106,55,2,1,1,0
106,56,23,10,13,1044.2
106,58,20,11,9,604
106,59,83,46,37,3461.1
106,60,144,77,67,5774.4
106,65,5,3,2,114
106,66,5,3,2,214
106,67,5,2,3,175
106,70,104,57,47,4336.8
106,71,293,141,152,12511.1
106,72,1,0,1,0
106,74,4,3,1,0
106,75,4,3,1,0
106,76,42,23,19,1482.6
106,78,6,4,2,238.8
106,80,39,21,18,1353.3
106,81,13,8,5,708.5
106,83,41,21,20,1681
106,84,67,32,35,1634.8
106,85,19,13,6,735.3
106,86,9,7,2,236.7
106,87,15,6,9,582
106,88,17,8,9,717.4
106,89,33,17,16,1148.4
106,90,28,15,13,994
106,91,101,57,44,3605.7
106,92,1137,563,574,43888.2
106,93,1018,510,508,39294.8
106,94,303,148,155,10635.3
106,95,27,11,16,1258.2
106,96,17,9,8,673.2
106,97,118,62,56,3728.8
106,98,35,18,17,1074.5
106,99,99,53,46,3722.4
106,100,2,1,1,0
106,101,26,13,13,811.2
106,102,901,465,436,29192.4
106,103,292,155,137,8292.8
106,104,5,2,3,279
106,106,2,1,1,0
106,107,25,13,12,912.5
106,108,20,10,10,1140
106,110,9,5,4,365.4
106,111,18,9,9,631.8
106,112,1,1,0,0
106,115,175,85,90,6055
106,116,368,200,168,13248
106,117,404,193,211,14867.2
106,119,42,31,11,1675.8
106,120,847,478,369,31847.2
106,121,5677,3277,2400,179960.9
106,122,15343,7953,7390,515524.8
106,123,10733,5126,5607,383168.1
106,124,4895,2328,2567,162514
106,125,3569,1763,1806,135978.9
106,126,3145,1573,1572,128630.5
106,127,1428,698,730,55263.6
107,28,166,75,91,7171.2
107,29,76,40,36,3625.2
107,30,304,154,150,12372.8
107,31,115,54,61,4646
107,32,36,19,17,1965.6
107,38,49,23,26,2307.9
107,39,7,5,2,301
107,40,130,66,64,5161
107,41,105,57,48,4410
107,42,28,13,15,1080.8
107,43,35,17,18,1662.5
107,44,14,9,5,708.4
107,45,22,8,14,798.6
107,46,35,19,16,1207.5
107,47,63,33,30,2104.2
107,48,42,17,25,1260
107,49,28,17,11,1190
107,50,3,2,1,0
107,51,3,2,1,0
107,54,4,3,1,0
107,55,9,6,3,352.8
107,56,9,4,5,327.6
107,57,20,11,9,896
107,58,58,29,29,2697
107,59,23,14,9,763.6
107,60,8,5,3,262.4
107,65,1,1,0,0
107,66,6,3,3,319.2
107,67,36,13,23,946.8
107,68,23,10,13,798.1
107,69,31,18,13,1255.5
107,70,8,4,4,326.4
107,71,1,1,0,0
107,74,15,8,7,640.5
107,75,29,14,15,893.2
107,76,9,4,5,414.9
107,77,15,8,7,649.5
107,79,5,2,3,126
107,80,7,4,3,272.3
107,81,36,19,17,1324.8
107,82,6,4,2,379.2
107,83,54,27,27,1776.6
107,84,34,15,19,1360
107,85,12,6,6,540
107,87,4,2,2,0
107,88,10,6,4,450
107,89,1,1,0,0
107,90,5,2,3,239
107,91,327,177,150,12916.5
107,92,1479,732,747,51617.1
107,93,1406,692,714,60739.2
107,94,734,373,361,30167.4
107,95,81,44,37,2948.4
107,96,21,11,10,1024.8
107,97,119,65,54,4010.3
107,98,8,4,4,463.2
107,99,940,473,467,39010
107,100,92,52,40,3284.4
107,103,4,2,2,0
107,104,15,8,7,558
107,105,73,40,33,2518.5
107,106,396,200,196,13147.2
107,108,10,6,4,435
107,109,1744,845,899,69760
107,110,1810,911,899,68418
107,111,2532,1234,1298,85328.4
107,112,2317,1124,1193,87814.3
107,113,983,481,502,38926.8
107,114,612,303,309,27907.2
107,115,77,41,36,3026.1
107,116,1079,548,531,42188.9
107,117,1616,814,802,63993.6
107,118,1611,802,809,60573.6
107,119,1023,524,499,38362.5
107,120,6862,3633,3229,217525.4
107,121,19111,10273,8838,617285.3
107,122,18565,9535,9030,623784
107,123,14314,7311,7003,479519
107,124,14240,6952,7288,505520
107,125,3781,1890,1891,136872.2
107,126,3334,1655,1679,121357.6
107,127,979,504,475,35439.8
108,27,3,1,2,0
108,28,45,21,24,1813.5
108,29,50,22,28,1630
108,30,20,12,8,984
108,31,50,31,19,2040
108,39,31,16,15,976.5
108,40,512,254,258,19097.6
108,41,1363,687,676,47023.5
108,42,55,27,28,2618
108,43,3,2,1,0
108,46,5,4,1,291
108,47,43,20,23,2064
108,48,8,4,4,364.8
108,49,17,10,7,452.2
108,50,14,6,8,506.8
108,51,3,2,1,0
108,53,19,13,6,672.6
108,54,14,9,5,488.6
108,55,3,1,2,0
108,56,5,3,2,382
108,57,14,5,9,576.8
108,58,1109,538,571,49905
108,59,34,20,14,992.8
108,60,5,3,2,185
108,66,6,5,1,345
108,67,10,6,4,575
108,68,23,14,9,1127
108,69,7,7,0,315.7
108,71,25,13,12,1005
108,72,31,17,14,1364
108,73,8,5,3,323.2
108,74,116,63,53,4094.8
108,75,20,9,11,910
108,76,41,22,19,1143.9
108,77,52,27,25,2028
108,78,10,5,5,528
108,80,22,12,10,880
108,81,24,13,11,1159.2
108,82,18,10,8,844.2
108,83,8,2,6,435.2
108,84,21,11,10,823.2
108,85,27,14,13,1350
108,86,7,4,3,361.2
108,87,25,11,14,907.5
108,88,15,7,8,574.5
108,89,8,4,4,371.2
108,90,68,30,38,2563.6
108,91,354,177,177,12319.2
108,92,138,71,67,5009.4
108,93,803,401,402,32521.5
108,94,256,131,125,9523.2
108,95,75,32,43,2617.5
108,96,13,7,6,526.5
108,98,884,456,428,27050.4
108,99,2628,1292,1336,98024.4
108,100,1532,755,777,57296.8
108,101,2,1,1,0
108,102,12,7,5,381.6
108,103,40,17,23,1548
108,104,1466,755,711,51603.2
108,105,2345,1129,1216,95676
108,106,1792,931,861,61824
108,107,629,298,331,24405.2
108,108,1223,604,619,50265.3
108,109,2544,1217,1327,124910.4
108,110,1627,807,820,60687.1
108,111,1872,990,882,73569.6
108,112,5066,2475,2591,176296.8
108,113,3051,1477,1574,117158.4
108,114,2916,1408,1508,118098
108,115,3082,1494,1588,126978.4
108,116,4016,1813,2203,182728
108,117,3661,1838,1823,143145.1
108,118,1754,834,920,66827.4
108,119,4520,2232,2288,164076
108,120,8596,4424,4172,299140.8
108,121,7882,3928,3954,280599.2
108,122,6910,3392,3518,237013
108,123,10580,5751,4829,355488
108,124,5394,2658,2736,188790
108,125,5194,2605,2589,194775
108,126,3697,1871,1826,133092
108,127,1449,732,717,56221.2
109,26,3,1,2,0
109,27,15,4,11,799.5
109,28,59,34,25,3020.8
109,29,35,21,14,1386
109,30,103,48,55,4367.2
109,31,140,79,61,5488
109,32,15,8,7,601.5
109,39,8,4,4,326.4
109,40,650,320,330,22685
109,41,295,139,156,13186.5
109,42,637,343,294,25480
109,43,662,334,328,26612.4
109,44,290,153,137,12325
109,45,18,8,10,635.4
109,46,55,29,26,2293.5
109,47,17,8,9,814.3
109,48,25,15,10,992.5
109,49,9,5,4,399.6
109,50,11,6,5,550
109,51,27,14,13,1098.9
109,52,12,6,6,464.4
109,53,43,22,21,1788.8
109,54,35,17,18,1253
109,55,36,17,19,1681.2
109,56,43,19,24,1672.7
109,57,24,9,15,1015.2
109,58,745,373,372,34717
109,59,49,26,23,1808.1
109,60,11,4,7,563.2
109,68,19,9,10,552.9
109,69,63,31,32,2923.2
109,71,23,11,12,811.9
109,72,70,40,30,2177
109,73,72,34,38,2491.2
109,74,769,386,383,24761.8
109,76,8,4,4,375.2
109,77,20,12,8,930
109,79,20,9,11,862
109,80,75,36,39,3255
109,81,431,217,214,15903.9
109,82,33,21,12,1296.9
109,83,1,0,1,0
109,84,2,1,1,0
109,85,10,6,4,533
109,86,30,19,11,1290
109,88,7,4,3,210.7
109,89,27,17,10,1239.3
109,90,151,82,69,5285
109,91,238,129,109,8353.8
109,92,140,73,67,4214
109,93,6,4,2,328.2
109,94,9,5,4,294.3
109,95,25,12,13,960
109,96,4,3,1,0
109,97,68,36,32,2733.6
109,98,1284,644,640,48792
109,99,2125,971,1154,93075
109,100,951,477,474,36613.5
109,101,25,16,9,1092.5
109,102,568,283,285,20334.4
109,103,2385,1212,1173,87052.5
109,104,1297,650,647,48507.8
109,105,1116,559,557,40176
109,106,7,2,5,287
109,107,750,362,388,28575
109,108,2046,1013,1033,76520.4
109,109,2626,1272,1354,96636.8
109,110,2156,1045,1111,89474
109,111,1925,949,976,72765
109,112,1463,742,721,53545.8
109,113,3871,1961,1910,137807.6
109,114,3050,1514,1536,108580
109,115,3819,1875,1944,142066.8
109,116,5197,2402,2795,198525.4
109,117,4170,1964,2206,158043
109,118,4048,2000,2048,147752
109,119,4604,2048,2556,192907.6
109,120,5047,2526,2521,188253.1
109,121,2914,1408,1506,104029.8
109,122,857,406,451,30766.3
109,123,4059,2085,1974,141253.2
109,124,5093,2538,2555,180801.5
109,125,3315,1650,1665,134920.5
109,126,2464,1145,1319,105459.2
109,127,800,393,407,29760
110,25,45,25,20,2038.5
110,26,3,2,1,0
110,27,12,7,5,615.6
110,28,31,16,15,1441.5
110,29,76,36,40,3648
110,30,139,68,71,4600.9
110,31,141,77,64,5301.6
110,34,2,1,1,0
110,36,8,3,5,475.2
110,37,10,2,8,302
110,38,1,1,0,0
110,39,12,9,3,368.4
110,40,401,202,199,14476.1
110,41,1236,606,630,51788.4
110,42,589,303,286,23383.3
110,43,1702,777,925,71484
110,44,1794,842,952,79833
110,45,191,84,107,8346.7
110,46,193,100,93,6948
110,47,39,24,15,1251.9
110,48,104,54,50,4180.8
110,49,57,31,26,2736
110,50,39,18,21,1201.2
110,51,40,18,22,1688
110,52,26,12,14,1206.4
110,53,17,10,7,788.8
110,54,2,1,1,0
110,55,26,13,13,793
110,56,6,4,2,282
110,57,41,22,19,1713.8
110,58,139,76,63,6449.6
110,59,8,3,5,416.8
110,61,5,2,3,197
110,68,2,1,1,0
110,69,1,1,0,0
110,72,16,8,8,644.8
110,73,162,77,85,8067.6
110,74,124,65,59,5158.4
110,78,1,1,0,0
110,79,2,1,1,0
110,80,45,22,23,1845
110,81,6,5,1,180
110,82,54,32,22,2160
110,83,24,12,12,1096.8
110,84,2,0,2,0
110,85,12,7,5,291.6
110,86,2,1,1,0
110,87,9,5,4,250.2
110,88,10,7,3,313
110,89,19,10,9,680.2
110,90,64,36,28,2572.8
110,91,2,1,1,0
110,92,18,12,6,637.2
110,93,13,7,6,456.3
110,94,8,5,3,199.2
110,95,6,4,2,271.8
110,96,17,5,12,574.6
110,97,404,194,210,14948
110,98,1127,541,586,46883.2
110,99,1542,727,815,67693.8
110,100,282,139,143,11336.4
110,101,39,19,20,1673.1
110,102,1051,534,517,44247.1
110,103,2410,1134,1276,97605
110,104,1371,676,695,41815.5
110,108,23,15,8,860.2
110,110,1879,981,898,62382.8
110,111,4046,2039,2007,118143.2
110,112,1267,635,632,39910.5
110,113,3968,1988,1980,121817.6
110,114,2681,1359,1322,96784.1
110,115,4223,2047,2176,157095.6
110,116,3275,1504,1771,131655
110,117,1989,994,995,72001.8
110,118,897,438,459,33278.7
110,119,3497,1668,1829,134634.5
110,120,1974,994,980,74419.8
110,121,3865,1940,1925,148029.5
110,122,662,346,316,23501
110,123,4043,2078,1965,142313.6
110,124,5368,2586,2782,204520.8
110,125,3203,1551,1652,114987.7
110,127,2,1,1,0
111,23,92,50,42,4701.2
111,24,17,9,8,965.6
111,25,71,36,35,2477.9
111,26,123,66,57,3653.1
111,27,506,249,257,20189.4
111,28,18,9,9,736.2
111,29,44,22,22,2574
111,30,64,34,30,2732.8
111,33,2,1,1,0
111,34,80,40,40,3760
111,35,239,115,124,9416.6
111,36,129,72,57,4179.6
111,37,167,84,83,5811.6
111,38,458,239,219,15159.8
111,39,468,241,227,15724.8
111,40,372,167,205,16777.2
111,41,1143,536,607,49263.3
111,42,1107,558,549,44390.7
111,43,2341,1204,1137,96917.4
111,44,2518,1229,1289,100216.4
111,45,1529,757,772,60242.6
111,46,1364,681,683,43375.2
111,47,574,289,285,19458.6
111,48,12,8,4,579.6
111,49,8,4,4,267.2
111,50,5,2,3,201
111,52,7,3,4,300.3
111,53,20,9,11,664
111,54,38,18,20,1466.8
111,55,27,14,13,1077.3
111,56,10,4,6,389
111,57,96,54,42,4012.8
111,58,1,1,0,0
111,59,10,7,3,319
111,61,7,3,4,216.3
111,65,1,0,1,0
111,68,6,3,3,199.8
111,69,8,3,5,318.4
111,70,7,2,5,259
111,71,2,1,1,0
111,72,14,7,7,471.8
111,73,30,18,12,1182
111,74,6,3,3,249
111,75,45,19,26,1971
111,80,12,5,7,480
111,81,5,2,3,278
111,82,20,10,10,950
111,83,15,6,9,493.5
111,84,16,9,7,478.4
111,85,11,4,7,332.2
111,87,18,7,11,950.4
111,88,17,10,7,511.7
111,89,10,6,4,251
111,90,4,1,3,0
111,91,26,16,10,1055.6
111,92,28,14,14,722.4
111,93,42,21,21,1432.2
111,94,75,42,33,2842.5
111,95,104,49,55,3764.8
111,96,45,21,24,1926
111,97,23,10,13,894.7
111,98,26,16,10,1097.2
111,99,528,275,253,18216
111,100,149,64,85,10638.6
111,101,27,14,13,1039.5
111,102,19,9,10,834.1
111,103,681,356,325,24243.6
111,104,1857,946,911,56638.5
111,106,5,3,2,182
111,110,130,70,60,4745
111,111,189,98,91,6652.8
111,112,303,172,131,10150.5
111,113,1074,562,512,38556.6
111,114,484,257,227,17956.4
111,115,530,272,258,19292
111,116,2815,1346,1469,121326.5
111,117,5950,2764,3186,224910
111,118,4608,2233,2375,186163.2
111,119,8462,3897,4565,324094.6
111,120,3090,1537,1553,120819
111,121,4166,1920,2246,184970.4
111,122,398,248,150,14726
111,123,682,350,332,24961.2
111,124,5114,2512,2602,179501.4
111,125,589,300,289,21969.7
112,23,50,21,29,2570
112,24,9,6,3,371.7
112,25,56,30,26,2391.2
112,27,9,4,5,361.8
112,28,9,4,5,452.7
112,33,3,1,2,0
112,34,96,46,50,3734.4
112,35,95,44,51,4655
112,36,77,43,34,2564.1
112,37,30,15,15,1152
112,38,250,124,126,10250
112,39,263,130,133,10888.2
112,40,554,291,263,22603.2
112,41,1329,620,709,55153.5
112,42,3329,1658,1671,144478.6
112,43,2961,1437,1524,121104.9
112,44,1573,801,772,62605.4
112,45,810,406,404,31671
112,46,161,94,67,6601
112,47,141,73,68,5766.9
112,48,32,16,16,1385.6
112,50,20,9,11,964
112,51,3,2,1,0
112,53,14,8,6,590.8
112,54,1,0,1,0
112,55,48,26,22,1512
112,56,27,16,11,1061.1
112,57,368,189,179,14793.6
112,58,43,25,18,1986.6
112,59,1,1,0,0
112,60,10,5,5,543
112,67,4,2,2,0
112,68,2,1,1,0
112,70,3,1,2,0
112,71,1,1,0,0
112,72,6,2,4,237
112,73,52,28,24,2043.6
112,76,9,6,3,468
112,77,1,1,0,0
112,84,3,1,2,0
112,85,17,9,8,822.8
112,86,1,1,0,0
112,87,30,10,20,1419
112,88,6,3,3,306
112,89,5,3,2,299
112,90,6,3,3,271.8
112,91,20,10,10,808
112,92,16,10,6,881.6
112,93,15,9,6,543
112,94,321,170,151,13225.2
112,95,687,363,324,22602.3
112,96,23,14,9,982.1
112,97,12,7,5,555.6
112,98,32,19,13,1177.6
112,99,18,11,7,835.2
112,100,22,9,13,1023
112,101,22,10,12,723.8
112,102,25,13,12,902.5
112,103,3,1,2,0
112,104,129,65,64,4773
112,106,5,3,2,283
112,107,771,376,395,28141.5
112,108,4,2,2,0
112,109,35,19,16,1830.5
112,110,63,33,30,2772
112,111,26,15,11,1427.4
112,112,119,72,47,4188.8
112,116,17,9,8,625.6
112,117,784,352,432,31516.8
112,118,1551,740,811,64831.8
112,119,1201,612,589,37711.4
112,120,2268,1132,1136,79606.8
112,121,5629,2773,2856,213902
112,122,2068,1034,1034,75482
112,123,11,8,3,511.5
112,124,4391,2156,2235,146659.4
112,125,2818,1373,1445,106238.6
112,126,13,8,5,451.1
113,26,2,1,1,0
113,40,557,257,300,20720.4
113,41,1523,699,824,71885.6
113,42,2035,961,1074,89133
113,43,1377,675,702,61689.6
113,44,1579,718,861,69633.9
113,45,466,229,237,19339
113,46,15,7,8,658.5
113,48,23,14,9,931.5
113,50,6,2,4,189
113,52,35,16,19,1459.5
113,53,31,18,13,1326.8
113,54,28,15,13,1240.4
113,55,17,9,8,710.6
113,56,29,18,11,1421
113,57,353,187,166,11225.4
113,58,49,30,19,1484.7
113,59,34,20,14,1353.2
113,60,8,2,6,180.8
113,67,5,3,2,338
113,68,2,1,1,0
113,72,3,1,2,0
113,73,48,22,26,1800
113,74,2,1,1,0
113,80,5,2,3,88
113,81,4,2,2,0
113,84,3,1,2,0
113,85,15,9,6,559.5
113,86,89,48,41,3827
113,87,22,15,7,697.4
113,88,6,4,2,246
113,89,6,3,3,159
113,90,24,14,10,931.2
113,91,17,9,8,613.7
113,92,12,7,5,556.8
113,93,18,10,8,691.2
113,94,34,21,13,1302.2
113,95,11,5,6,422.4
113,96,36,21,15,1036.8
113,97,16,10,6,622.4
113,98,34,21,13,1213.8
113,99,9,4,5,462.6
113,100,22,13,9,935
113,101,4,2,2,0
113,102,28,14,14,1150.8
113,103,3,2,1,0
113,104,4,3,1,0
113,106,58,30,28,2459.2
113,107,529,267,262,20948.4
113,108,60,31,29,1914
113,109,159,76,83,6519
113,110,90,55,35,3960
113,111,19,11,8,729.6
113,112,4,2,2,0
113,116,2,1,1,0
113,121,555,278,277,17982
113,122,6812,3408,3404,248638
113,123,1426,663,763,48484
113,124,1402,634,768,54818.2
113,125,5346,2529,2817,201009.6
113,126,5823,2898,2925,218362.5
113,127,576,294,282,24134.4
114,22,12,8,4,790.8
114,23,21,11,10,819
114,24,16,8,8,617.6
114,25,6,4,2,429
114,26,2,1,1,0
114,27,16,10,6,507.2
114,28,1,0,1,0
114,40,166,79,87,6440.8
114,41,69,38,31,2656.5
114,42,1268,589,679,55158
114,43,916,445,471,37464.4
114,44,1944,1014,930,70178.4
114,45,1857,882,975,72980.1
114,46,113,59,54,4452.2
114,50,8,5,3,191.2
114,51,26,14,12,837.2
114,52,179,88,91,5728
114,53,61,27,34,2311.9
114,54,58,33,25,2488.2
114,55,25,17,8,1080
114,56,55,32,23,2299
114,57,4,3,1,0
114,59,4,2,2,0
114,60,24,12,12,998.4
114,61,12,7,5,440.4
114,67,2,2,0,0
114,68,13,6,7,490.1
114,72,40,21,19,1236
114,73,4,3,1,0
114,74,4,2,2,0
114,75,2,1,1,0
114,76,7,4,3,443.8
114,77,6,2,4,228
114,80,7,4,3,336.7
114,85,14,8,6,597.8
114,86,23,12,11,956.8
114,87,38,19,19,1732.8
114,88,1,1,0,0
114,89,9,5,4,458.1
114,90,19,13,6,853.1
114,91,15,10,5,501
114,92,9,4,5,489.6
114,93,26,13,13,1001
114,94,25,15,10,855
114,95,3,2,1,0
114,96,15,9,6,664.5
114,97,15,8,7,622.5
114,98,21,10,11,842.1
114,99,16,8,8,582.4
114,100,22,13,9,748
114,101,9,7,2,404.1
114,102,19,9,10,571.9
114,103,114,57,57,3807.6
114,104,110,58,52,3971
114,105,162,100,62,6058.8
114,106,179,88,91,6533.5
114,108,2,1,1,0
114,109,28,18,10,971.6
114,110,89,51,38,3711.3
114,111,7,5,2,252.7
114,122,1185,588,597,41119.5
114,123,2409,1225,1184,91782.9
114,124,4648,2321,2327,166863.2
114,125,2533,1292,1241,87641.8
114,126,5619,2827,2792,212960.1
114,127,508,248,260,17983.2
115,21,17,6,11,822.8
115,22,33,20,13,1501.5
115,23,6,4,2,283.2
115,24,25,13,12,947.5
115,25,18,11,7,723.6
115,26,17,8,9,622.2
115,27,10,4,6,590
115,28,7,4,3,468.3
115,40,32,18,14,1468.8
115,41,85,45,40,3349
115,42,1086,544,542,44960.4
115,43,478,232,246,21749
115,44,2369,1171,1198,92864.8
115,45,301,171,130,11799.2
115,46,1252,623,629,49579.2
115,47,1098,490,608,50508
115,48,591,293,298,24290.1
115,49,2,1,1,0
115,50,3,2,1,0
115,51,88,47,41,3608
115,52,15,9,6,457.5
115,53,21,9,12,894.6
115,54,114,60,54,4366.2
115,55,74,39,35,3078.4
115,56,30,15,15,1359
115,59,3,2,1,0
115,61,7,4,3,231
115,65,5,3,2,248
115,66,5,3,2,178
115,67,8,5,3,296
115,68,3,2,1,0
115,69,15,9,6,577.5
115,70,12,6,6,480
115,71,13,6,7,578.5
115,72,4,2,2,0
115,73,2,1,1,0
115,74,2,1,1,0
115,76,1,0,1,0
115,77,1,1,0,0
115,86,2,1,1,0
115,87,35,18,17,1351
115,88,95,54,41,3448.5
115,89,31,17,14,1140.8
115,90,18,10,8,734.4
115,91,12,7,5,693.6
115,92,359,179,180,11164.9
115,93,161,86,75,5876.5
115,94,7,4,3,263.9
115,95,20,11,9,600
115,96,7,6,1,196
115,100,9,4,5,272.7
115,101,59,30,29,2348.2
115,102,53,26,27,2475.1
115,103,24,14,10,1024.8
115,104,78,44,34,3049.8
115,105,96,46,50,3225.6
115,106,82,50,32,3058.6
115,108,10,8,2,489
115,111,2,1,1,0
115,118,6,2,4,186
115,120,23,13,10,765.9
115,121,2,1,1,0
115,122,941,470,471,31147.1
115,123,3950,1985,1965,150890
115,124,5502,2768,2734,194770.8
115,125,2978,1511,1467,103634.4
115,126,1610,822,788,64239
115,127,1967,958,1009,70418.6
116,21,508,249,259,24790.4
116,22,294,143,151,13347.6
116,23,33,14,19,1468.5
116,24,27,12,15,1339.2
116,25,33,14,19,1346.4
116,26,24,10,14,1149.6
116,27,4,2,2,0
116,28,14,9,5,589.4
116,36,4,1,3,0
116,37,2,1,1,0
116,38,28,16,12,1195.6
116,39,17,8,9,518.5
116,40,17,8,9,722.5
116,41,6,2,4,298.2
116,42,1334,645,689,50558.6
116,43,640,337,303,22912
116,44,1324,656,668,49120.4
116,45,900,445,455,37440
116,46,517,277,240,19180.7
116,47,431,201,230,18619.2
116,48,1121,554,567,41477
116,49,121,64,57,5227.2
116,50,48,24,24,1987.2
116,51,191,103,88,7544.5
116,52,1,0,1,0
116,53,66,29,37,2752.2
116,54,22,9,13,688.6
116,55,16,6,10,616
116,56,8,6,2,302.4
116,57,7,5,2,98
116,59,18,9,9,581.4
116,65,10,7,3,331
116,66,4,1,3,0
116,67,27,13,14,1053
116,70,2,1,1,0
116,71,2,1,1,0
116,74,5,2,3,138
116,75,3,2,1,0
116,76,1,0,1,0
116,86,3,1,2,0
116,87,10,4,6,447
116,88,12,4,8,520.8
116,89,39,19,20,1790.1
116,90,17,9,8,987.7
116,91,3,1,2,0
116,92,14,7,7,428.4
116,93,9,4,5,293.4
116,100,1,1,0,0
116,101,44,21,23,1588.4
116,102,3,1,2,0
116,103,3,1,2,0
116,104,18,9,9,779.4
116,105,51,25,26,1892.1
116,106,22,12,10,1040.6
116,107,50,25,25,2065
116,120,1421,718,703,50019.2
116,121,1897,997,900,72655.1
116,122,1153,594,559,40239.7
116,123,3575,1738,1837,129057.5
116,124,3889,1937,1952,152448.8
116,125,4386,2211,2175,159650.4
116,126,8657,4360,4297,318577.6
116,127,3617,1796,1821,141063
117,17,4,2,2,0
117,18,19,9,10,976.6
117,19,4,2,2,0
117,21,17,9,8,875.5
117,22,28,14,14,1526
117,23,7,3,4,462
117,24,6,2,4,160.8
117,25,11,6,5,356.4
117,26,28,13,15,1204
117,34,6,3,3,220.8
117,35,29,16,13,910.6
117,36,12,6,6,438
117,37,117,63,54,4691.7
117,38,43,18,25,1767.3
117,39,245,112,133,10927
117,40,204,109,95,8486.4
117,41,7,3,4,438.2
117,42,4,1,3,0
117,43,15,8,7,522
117,44,158,77,81,5277.2
117,45,786,401,385,27824.4
117,46,657,315,342,22929.3
117,47,211,103,108,7596
117,48,747,386,361,27340.2
117,49,681,354,327,27240
117,50,88,42,46,3766.4
117,51,12,7,5,699.6
117,52,13,5,8,445.9
117,53,66,39,27,2758.8
117,54,27,13,14,1131.3
117,55,253,124,129,9108
117,58,8,3,5,270.4
117,59,13,7,6,308.1
117,64,2,1,1,0
117,65,127,68,59,5016.5
117,66,256,120,136,9830.4
117,67,48,19,29,1636.8
117,68,2,1,1,0
117,69,6,3,3,258
117,70,45,23,22,1854
117,71,9,4,5,462.6
117,72,6,2,4,220.8
117,74,8,2,6,242.4
117,76,1,1,0,0
117,77,8,4,4,306.4
117,80,2,1,1,0
117,81,9,6,3,213.3
117,85,2,1,1,0
117,86,3,2,1,0
117,87,24,12,12,830.4
117,88,15,8,7,700.5
117,89,23,12,11,1081
117,90,47,24,23,1786
117,91,20,11,9,694
117,92,14,7,7,610.4
117,93,11,6,5,434.5
117,94,14,8,6,579.6
117,100,5,3,2,186
117,101,5,3,2,190
117,102,4,2,2,0
117,103,22,13,9,1005.4
117,104,6,3,3,160.8
117,106,142,78,64,5992.4
117,107,1,1,0,0
117,110,1,0,1,0
117,118,11,6,5,408.1
117,119,22,9,13,787.6
117,120,1678,884,794,59569
117,121,3009,1448,1561,120961.8
117,122,2881,1415,1466,128492.6
117,123,1569,838,731,56484
117,124,2014,1075,939,75525
117,125,1479,740,739,62413.8
117,126,143,61,82,5920.2
117,127,913,463,450,34237.5
118,19,18,11,7,727.2
118,20,69,37,32,3546.6
118,21,1,1,0,0
118,24,13,4,9,715
118,25,21,12,9,821.1
118,26,15,9,6,651
118,27,4,2,2,0
118,34,6,2,4,382.8
118,35,23,12,11,899.3
118,36,21,11,10,959.7
118,37,24,14,10,976.8
118,38,17,9,8,491.3
118,39,296,147,149,10389.6
118,40,8,3,5,415.2
118,41,29,18,11,1316.6
118,42,404,206,198,15392.4
118,43,82,44,38,3017.6
118,44,19,9,10,642.2
118,45,9,1,8,414.9
118,46,20,9,11,796
118,47,90,47,43,2799
118,48,1620,809,811,59454
118,49,1615,843,772,60562.5
118,50,354,172,182,13487.4
118,51,179,92,87,7571.7
118,52,53,28,25,2697.7
118,54,4,2,2,0
118,55,17,9,8,486.2
118,57,8,6,2,223.2
118,59,18,9,9,775.8
118,65,26,13,13,1196
118,66,22,11,11,1012
118,68,39,18,21,1907.1
118,69,23,12,11,834.9
118,70,7,4,3,240.8
118,72,1,1,0,0
118,73,12,6,6,609.6
118,74,17,9,8,678.3
118,75,1,1,0,0
118,76,3,2,1,0
118,77,5,2,3,167
118,78,4,2,2,0
118,79,4,2,2,0
118,80,2,1,1,0
118,85,9,5,4,316.8
118,86,6,3,3,361.2
118,87,20,9,11,718
118,88,4,3,1,0
118,89,17,13,4,640.9
118,90,48,23,25,1329.6
118,91,93,51,42,3496.8
118,92,1289,645,644,47564.1
118,93,64,31,33,2483.2
118,94,13,8,5,383.5
118,100,21,9,12,810.6
118,101,82,45,37,2935.6
118,102,42,25,17,1360.8
118,104,74,42,32,2471.6
118,105,17,10,7,618.8
118,106,12,4,8,554.4
118,117,2,1,1,0
118,118,39,18,21,1583.4
118,119,28,12,16,1120
118,120,3059,1501,1558,117771.5
118,121,3294,1593,1701,128795.4
118,122,1626,740,886,72194.4
118,123,2777,1451,1326,102193.6
118,124,109,59,50,3869.5
118,127,122,69,53,4440.8
119,21,2,1,1,0
119,24,2,1,1,0
119,25,7,4,3,354.9
119,26,13,7,6,578.5
119,27,5,2,3,349
119,36,7,5,2,228.2
119,37,5,4,1,167
119,38,49,22,27,2062.9
119,39,199,108,91,8218.7
119,40,4,3,1,0
119,41,10,6,4,403
119,42,213,107,106,7817.1
119,43,56,28,28,2200.8
119,44,14,8,6,449.4
119,45,3,2,1,0
119,46,41,19,22,1455.5
119,47,146,77,69,6029.8
119,48,1250,640,610,45875
119,49,2006,945,1061,86659.2
119,50,1488,750,738,58627.2
119,51,740,369,371,28934
119,52,212,95,117,8140.8
119,55,4,1,3,0
119,56,5,4,1,250
119,58,10,4,6,468
119,59,4,3,1,0
119,65,34,18,16,1448.4
119,66,13,8,5,409.5
119,67,6,2,4,117
119,69,2,0,2,0
119,76,6,3,3,306
119,79,6,4,2,265.8
119,80,13,9,4,631.8
119,81,5,3,2,153
119,82,3,2,1,0
119,84,5,2,3,158
119,85,6,2,4,247.2
119,87,94,42,52,4051.4
119,88,563,273,290,18973.1
119,89,47,26,21,1677.9
119,90,20,12,8,754
119,91,48,25,23,1536
119,92,105,57,48,4084.5
119,93,205,106,99,8774
119,94,4,3,1,0
119,99,8,3,5,300.8
119,100,103,44,59,4058.2
119,101,337,179,158,12334.2
119,102,164,87,77,6609.2
119,103,68,44,24,2611.2
119,105,6,2,4,205.8
119,107,3,0,3,0
119,116,10,4,6,361
119,117,18,10,8,815.4
119,118,18,10,8,705.6
119,119,12,5,7,543.6
119,120,244,126,118,9589.2
119,121,332,164,168,12848.4
119,122,242,133,109,9559
119,123,2392,1236,1156,88743.2
119,124,1559,800,759,58462.5
119,125,770,365,405,29568
119,126,60,27,33,2658
119,127,99,57,42,3603.6
120,21,4,2,2,0
120,22,1,1,0,0
120,23,3,2,1,0
120,36,11,7,4,386.1
120,37,48,25,23,1992
120,38,25,11,14,1060
120,39,3,1,2,0
120,40,24,14,10,928.8
120,41,21,8,13,609
120,42,428,223,205,16349.6
120,43,44,20,24,1509.2
120,44,28,17,11,1192.8
120,45,22,11,11,1086.8
120,46,36,22,14,1263.6
120,47,36,17,19,1562.4
120,48,703,353,350,25659.5
120,49,338,164,174,13351
120,50,277,140,137,10830.7
120,51,229,99,130,12709.5
120,52,21,10,11,621.6
120,56,7,3,4,340.2
120,57,49,26,23,1700.3
120,58,1,0,1,0
120,64,3,2,1,0
120,65,23,12,11,646.3
120,66,8,5,3,384.8
120,67,4,2,2,0
120,69,7,4,3,419.3
120,72,2,2,0,0
120,74,1,1,0,0
120,75,8,5,3,498.4
120,81,39,22,17,1712.1
120,82,29,15,14,1165.8
120,83,6,4,2,337.2
120,85,16,10,6,726.4
120,86,20,10,10,640
120,87,275,141,134,11220
120,88,505,239,266,19594
120,90,5,4,1,248
120,91,2,1,1,0
120,92,10,5,5,486
120,93,30,17,13,1233
120,94,61,32,29,2196
120,95,24,14,10,912
120,96,2,0,2,0
120,99,10,6,4,372
120,100,680,353,327,25568
120,101,381,183,198,12534.9
120,102,3,3,0,0
120,120,3,2,1,0
120,121,81,46,35,3604.5
120,122,1145,548,597,39617
120,123,2813,1405,1408,100705.4
120,124,1770,883,887,72747
120,125,2256,1142,1114,79862.4
120,126,3276,1587,1689,118263.6
120,127,814,384,430,29222.6
121,38,4,2,2,0
121,39,50,27,23,1810
121,40,26,16,10,1183
121,41,50,27,23,2510
121,42,53,27,26,1812.6
121,43,16,10,6,641.6
121,44,10,6,4,522
121,45,24,14,10,784.8
121,46,380,190,190,15010
121,47,341,177,164,12617
121,48,852,433,419,31694.4
121,49,2091,1045,1046,81339.9
121,50,2381,1164,1217,88811.3
121,51,1306,634,672,51195.2
121,52,112,52,60,4625.6
121,54,5,2,3,240
121,55,23,11,12,989
121,56,7,3,4,422.1
121,58,14,5,9,630
121,59,14,9,5,512.4
121,60,1,1,0,0
121,64,2,1,1,0
121,65,13,7,6,535.6
121,66,18,13,5,642.6
121,67,3,2,1,0
121,69,1,1,0,0
121,74,6,3,3,193.2
121,75,8,4,4,272
121,80,6,4,2,306
121,81,18,10,8,662.4
121,82,7,3,4,289.8
121,83,39,23,16,1251.9
121,84,15,7,8,477
121,85,6,5,1,165
121,86,3,2,1,0
121,87,193,99,94,6735.7
121,88,5,2,3,201
121,89,2,0,2,0
121,90,25,20,5,597.5
121,91,12,8,4,574.8
121,93,4,2,2,0
121,94,44,23,21,1390.4
121,95,28,16,12,1192.8
121,96,20,11,9,1064
121,97,13,5,8,539.5
121,98,3,1,2,0
121,99,1003,499,504,40922.4
121,100,525,275,250,21682.5
121,101,11,5,6,375.1
121,107,5,2,3,244
121,121,7,3,4,403.9
121,122,1787,914,873,72909.6
121,123,2927,1479,1448,109469.8
121,124,4377,2092,2285,175517.7
121,125,2638,1341,1297,98397.4
121,126,1256,601,655,49235.2
121,127,150,73,77,5970
122,30,1,1,0,0
122,33,2,1,1,0
122,34,16,8,8,916.8
122,35,48,29,19,1992
122,36,13,8,5,457.6
122,37,9,6,3,342
122,38,7,5,2,324.8
122,40,2,1,1,0
122,41,24,11,13,1010.4
122,42,16,7,9,691.2
122,45,7,4,3,497
122,46,59,34,25,2466.2
122,47,245,120,125,8183
122,48,4,2,2,0
122,49,1960,1013,947,87024
122,50,3205,1500,1705,159288.5
122,51,2525,1173,1352,105040
122,52,1210,579,631,51425
122,54,8,3,5,567.2
122,55,9,5,4,394.2
122,56,10,5,5,492
122,59,6,4,2,141
122,60,2,2,0,0
122,61,3,1,2,0
122,62,6,3,3,406.8
122,66,22,10,12,1034
122,67,21,11,10,1018.5
122,72,7,4,3,391.3
122,73,10,7,3,411
122,74,34,17,17,1424.6
122,75,2,1,1,0
122,79,14,7,7,547.4
122,80,23,10,13,906.2
122,81,64,38,26,2368
122,82,4,1,3,0
122,83,35,18,17,1179.5
122,84,2,1,1,0
122,85,761,396,365,24504.2
122,86,502,246,256,18825
122,87,1022,478,544,45274.6
122,88,7,5,2,128.1
122,89,4,3,1,0
122,90,4,2,2,0
122,91,17,10,7,814.3
122,92,10,5,5,498
122,94,19,10,9,1124.8
122,97,4,3,1,0
122,98,44,24,20,1337.6
122,99,485,226,259,16005
122,100,280,133,147,8344
122,101,17,8,9,693.6
122,122,3126,1544,1582,122851.8
122,123,813,396,417,36015.9
122,124,1794,889,905,67992.6
122,125,2425,1231,1194,93847.5
122,126,337,169,168,13918.1
122,127,357,189,168,10674.3
123,34,29,13,16,1290.5
123,35,28,14,14,1167.6
123,36,151,79,72,6342
123,37,39,18,21,1427.4
123,38,1,1,0,0
123,39,22,13,9,1036.2
123,40,38,17,21,1356.6
123,41,29,12,17,1148.4
123,43,5,2,3,269
123,44,2,1,1,0
123,45,14,8,6,768.6
123,46,126,66,60,4863.6
123,47,1001,516,485,37937.9
123,48,215,105,110,7998
123,49,930,467,463,35619
123,50,602,312,290,22575
123,51,837,385,452,34317
123,52,728,365,363,29556.8
123,53,479,229,250,15328
123,54,11,6,5,400.4
123,55,11,6,5,523.6
123,56,11,5,6,480.7
123,57,4,3,1,0
123,61,15,9,6,544.5
123,62,1,1,0,0
123,64,4,2,2,0
123,65,11,6,5,528
123,66,11,5,6,335.5
123,67,44,21,23,1755.6
123,70,5,2,3,262
123,71,15,9,6,589.5
123,72,42,18,24,1688.4
123,73,38,21,17,1482
123,74,26,14,12,1120.6
123,75,3,1,2,0
123,76,7,3,4,132.3
123,78,24,15,9,679.2
123,79,17,8,9,634.1
123,80,46,24,22,1738.8
123,81,11,6,5,510.4
123,82,4,2,2,0
123,83,19,8,11,870.2
123,84,22,15,7,943.8
123,85,11,7,4,535.7
123,86,328,169,159,13743.2
123,87,1289,605,684,55813.7
123,88,21,10,11,806.4
123,89,19,9,10,760
123,90,13,7,6,621.4
123,91,4,3,1,0
123,94,23,13,10,1074.1
123,95,3,1,2,0
123,97,12,6,6,448.8
123,98,30,14,16,1176
123,99,117,55,62,4539.6
123,100,16,8,8,697.6
123,121,99,53,46,3742.2
123,122,923,439,484,34243.3
123,123,1954,977,977,72884.2
123,124,2065,1016,1049,87556
123,125,4560,2288,2272,199272
123,126,1081,551,530,47455.9
123,127,612,312,300,21970.8
124,34,8,4,4,384
124,35,1,0,1,0
124,36,35,19,16,1557.5
124,37,148,72,76,5890.4
124,38,112,57,55,4099.2
124,39,16,8,8,790.4
124,40,22,10,12,785.4
124,41,60,30,30,2694
124,42,17,7,10,895.9
124,43,4,3,1,0
124,44,35,21,14,1351
124,45,39,22,17,1716
124,46,100,56,44,3690
124,47,508,233,275,23012.4
124,48,1691,866,825,60706.9
124,49,315,161,154,12726
124,50,1021,508,513,40125.3
124,51,1112,559,553,44257.6
124,52,121,57,64,4876.3
124,53,10,5,5,492
124,54,22,14,8,1071.4
124,55,20,14,6,732
124,56,29,17,12,1067.2
124,57,29,17,12,1409.4
124,58,3,1,2,0
124,60,9,6,3,190.8
124,61,8,4,4,375.2
124,62,13,7,6,396.5
124,64,6,4,2,115.8
124,65,3,1,2,0
124,67,5,3,2,347
124,68,16,12,4,659.2
124,69,2,2,0,0
124,70,11,7,4,427.9
124,71,8,5,3,302.4
124,72,15,8,7,496.5
124,73,6,2,4,201
124,74,3,2,1,0
124,75,40,18,22,1380
124,76,22,12,10,860.2
124,77,17,9,8,549.1
124,78,21,11,10,1020.6
124,79,22,12,10,638
124,80,2,1,1,0
124,81,7,3,4,240.8
124,82,23,12,11,880.9
124,83,246,130,116,8462.4
124,84,299,162,137,10584.6
124,85,57,32,25,2228.7
124,86,32,16,16,1078.4
124,87,18,9,9,689.4
124,88,17,9,8,552.5
124,89,18,10,8,516.6
124,90,25,12,13,817.5
124,91,45,26,19,1885.5
124,92,27,12,15,1034.1
124,93,6,3,3,238.8
124,94,17,8,9,613.7
124,97,24,15,9,823.2
124,98,35,14,21,1473.5
124,99,30,17,13,1554
124,100,7,4,3,270.9
124,115,69,39,30,2090.7
124,116,45,23,22,1395
124,120,118,63,55,4436.8
124,121,502,253,249,21234.6
124,122,2172,1098,1074,76454.4
124,123,39,21,18,1813.5
124,124,2065,1040,1025,75785.5
124,125,2021,986,1035,80435.8
124,126,492,244,248,18105.6
124,127,33,17,16,1570.8
125,32,2,1,1,0
125,33,2,1,1,0
125,34,5,4,1,325
125,35,18,9,9,765
125,36,3,2,1,0
125,39,160,85,75,6432
125,40,191,97,94,7353.5
125,41,39,19,20,1357.2
125,42,31,15,16,1286.5
125,43,13,6,7,565.5
125,44,4,2,2,0
125,46,529,258,271,22641.2
125,47,1486,748,738,61669
125,48,1425,699,726,54862.5
125,49,8,5,3,324
125,50,15,6,9,720
125,51,107,54,53,3905.5
125,52,209,109,100,8485.4
125,53,496,243,253,20732.8
125,54,29,13,16,1273.1
125,55,30,14,16,996
125,56,26,16,10,798.2
125,57,12,8,4,609.6
125,58,35,17,18,1190
125,59,6,3,3,322.8
125,60,231,115,116,7784.7
125,61,7,4,3,254.1
125,62,3,2,1,0
125,65,8,5,3,304.8
125,66,7,3,4,170.8
125,67,25,14,11,1007.5
125,68,13,8,5,495.3
125,69,60,33,27,2442
125,70,13,6,7,416
125,71,26,17,9,1258.4
125,72,18,10,8,646.2
125,73,6,3,3,172.8
125,75,15,6,9,466.5
125,76,35,17,18,1253
125,77,13,9,4,474.5
125,78,58,31,27,2209.8
125,79,4,3,1,0
125,80,9,5,4,536.4
125,81,14,7,7,581
125,82,47,22,25,1640.3
125,83,217,128,89,7963.9
125,84,463,230,233,15742
125,85,356,177,179,12424.4
125,86,3,2,1,0
125,87,20,9,11,514
125,88,10,3,7,295
125,89,24,13,11,948
125,90,3,2,1,0
125,91,19,11,8,718.2
125,92,3,1,2,0
125,93,6,4,2,300
125,94,3,2,1,0
125,96,2,1,1,0
125,97,12,7,5,535.2
125,98,25,15,10,920
125,99,30,15,15,1458
125,100,5,2,3,229
125,101,1,1,0,0
125,102,4,3,1,0
125,104,28,15,13,1184.4
125,105,2,1,1,0
125,113,130,71,59,5447
125,114,608,314,294,21888
125,115,306,154,152,10771.2
125,116,62,34,28,2591.6
125,117,39,26,13,1485.9
125,118,341,167,174,11696.3
125,119,938,474,464,26357.8
125,120,255,123,132,9358.5
125,121,13,7,6,642.2
125,127,5,3,2,208
126,28,3,2,1,0
126,31,2,1,1,0
126,33,39,20,19,1688.7
126,34,18,10,8,585
126,35,92,45,47,3845.6
126,36,8,4,4,208.8
126,37,6,2,4,298.2
126,38,9,6,3,374.4
126,39,223,110,113,9410.6
126,40,249,126,123,9611.4
126,41,847,438,409,31931.9
126,42,186,97,89,6733.2
126,43,27,15,12,1142.1
126,44,3,2,1,0
126,45,456,233,223,19516.8
126,46,1163,574,589,45938.5
126,47,1038,493,545,40274.4
126,48,901,478,423,31084.5
126,49,123,57,66,4920
126,50,4,1,3,0
126,55,20,11,9,800
126,56,150,70,80,6030
126,57,102,47,55,4936.8
126,58,44,22,22,1333.2
126,59,12,7,5,572.4
126,60,89,44,45,2883.6
126,61,9,4,5,422.1
126,63,21,13,8,1029
126,64,10,4,6,325
126,65,6,5,1,280.8
126,66,19,11,8,877.8
126,67,45,26,19,1881
126,68,34,17,17,1159.4
126,69,37,20,17,1398.6
126,70,1062,502,560,41205.6
126,71,518,260,258,20979
126,72,16,8,8,612.8
126,73,38,22,16,1273
126,74,15,8,7,715.5
126,75,37,16,21,1169.2
126,76,23,13,10,627.9
126,77,60,32,28,2256
126,78,1,1,0,0
126,79,28,13,15,1153.6
126,80,49,28,21,1685.6
126,81,18,11,7,867.6
126,82,541,275,266,20395.7
126,83,1470,748,722,56007
126,84,276,142,134,11205.6
126,85,13,5,8,637
126,86,7,5,2,266
126,87,3,1,2,0
126,89,47,28,19,1701.4
126,90,16,8,8,739.2
126,91,18,9,9,662.4
126,92,14,7,7,420
126,93,2,2,0,0
126,97,5,3,2,225
126,98,15,9,6,568.5
126,99,12,6,6,376.8
126,100,3,1,2,0
126,102,14,8,6,443.8
126,103,91,47,44,3421.6
126,104,211,102,109,8039.1
126,105,3,1,2,0
126,111,192,98,94,6681.6
126,112,18,11,7,698.4
126,113,9,5,4,306.9
126,116,8,6,2,343.2
126,117,26,14,12,629.2
126,118,141,79,62,4667.1
126,119,37,15,22,1250.6
126,123,257,141,116,9791.7
126,124,30,18,12,1323
126,125,35,16,19,1113
126,126,23,13,10,616.4
126,127,27,15,12,839.7
127,28,76,34,42,3762
127,29,13,4,9,592.8
127,30,12,5,7,369.6
127,31,2,1,1,0
127,32,3,2,1,0
127,33,15,8,7,718.5
127,34,4,2,2,0
127,37,18,9,9,795.6
127,38,8,4,4,423.2
127,39,51,33,18,1693.2
127,40,93,42,51,3636.3
127,41,152,66,86,5152.8
127,42,4,3,1,0
127,43,4,3,1,0
127,44,22,11,11,935
127,45,160,89,71,7120
127,47,7,4,3,217
127,48,317,169,148,10175.7
127,49,152,74,78,4620.8
127,50,26,15,11,985.4
127,51,14,8,6,498.4
127,52,30,14,16,1032
127,53,2,1,1,0
127,54,10,4,6,423
127,56,16,7,9,696
127,57,56,31,25,1836.8
127,58,4,2,2,0
127,60,2,1,1,0
127,61,39,18,21,1497.6
127,62,24,14,10,924
127,63,3,1,2,0
127,64,22,10,12,682
127,66,37,19,18,1461.5
127,67,48,26,22,1761.6
127,68,38,19,19,1178
127,69,69,32,37,2449.5
127,70,109,42,67,5896.9
127,71,56,26,30,2111.2
127,72,10,5,5,313
127,73,16,7,9,428.8
127,74,24,12,12,936
127,75,16,8,8,777.6
127,76,28,14,14,1052.8
127,77,49,29,20,1641.5
127,78,28,11,17,655.2
127,79,88,47,41,3256
127,80,20,13,7,896
127,81,78,40,38,3291.6
127,82,1157,534,623,49403.9
127,83,1665,749,916,79920
127,84,449,228,221,18498.8
127,85,21,9,12,714
127,86,22,9,13,728.2
127,87,46,21,25,1439.8
127,88,64,35,29,1900.8
127,89,41,20,21,1508.8
127,90,12,7,5,477.6
127,91,16,7,9,563.2
127,92,31,18,13,1295.8
127,93,3,2,1,0
127,95,4,1,3,0
127,96,6,2,4,214.2
127,97,6,4,2,223.2
127,99,3,3,0,0
127,100,19,8,11,813.2
127,101,29,11,18,1113.6
127,102,116,59,57,4268.8
127,103,291,138,153,13997.1
127,104,20,8,12,824
127,105,11,4,7,507.1
127,110,786,383,403,25152
127,111,1766,925,841,64459
127,112,6,2,4,301.8
127,119,63,37,26,2759.4
127,120,133,64,69,4827.9
127,121,154,80,74,6237
127,122,345,161,184,13731
127,123,146,77,69,5358.2
127,124,80,45,35,3632
127,125,37,21,16,1424.5
127,127,33,16,17,1468.5