x,y,p,m,f,ta
0,1,30,14,16,1167.6
0,2,6,3,3,0
0,14,19,8,11,833.8
0,15,29,18,11,1099.9
0,16,201,100,101,8267.9
0,17,48,26,22,2421.8
0,70,4,4,0,0
0,72,7,3,4,328.8
0,73,2,2,0,0
0,80,4,3,1,0
0,81,16,7,9,430.5
0,82,46,21,25,1744
0,85,32,18,14,1310.6
0,86,16,6,10,542.4
0,87,6,3,3,126
0,88,20,13,7,902.8
0,90,14,8,6,674
0,97,5,3,2,0
0,100,6,5,1,0
0,104,26,14,12,1305.6
0,105,21,13,8,1031.1
0,110,10,7,3,228
0,111,26,15,11,826.2
0,112,2,1,1,0
1,16,8,3,5,212.8
1,17,23,10,13,714.4
1,18,7,4,3,431.2
1,19,7,5,2,226.1
1,55,12,8,4,438
1,58,3,1,2,0
1,59,2,1,1,0
1,71,23,11,12,1009.7
1,72,71,38,33,3280.1
1,73,141,77,64,6255.9
1,74,3,2,1,0
1,81,8,5,3,284.2
1,82,9,5,4,385.2
1,85,61,33,28,2650.5
1,87,29,17,12,1033.2
1,88,4,2,2,0
1,89,18,11,7,688.6
1,90,18,8,10,653.8
1,91,11,6,5,506.4
1,94,12,5,7,451.3
1,97,24,11,13,985.6
1,98,38,17,21,1654.6
1,99,2,1,1,0
1,101,4,3,1,0
1,103,6,3,3,0
1,104,132,66,66,5998.3
1,105,2,1,1,0
1,106,1,1,0,0
1,113,177,89,88,7658.4
2,6,3,2,1,0
2,20,4,3,1,0
2,21,30,16,14,966
2,64,9,5,4,351
2,65,23,14,9,1169.4
2,66,64,35,29,2290.2
2,67,2008,947,1061,93087
2,68,1235,654,581,49146.1
2,69,1890,961,929,64027.3
2,70,35,18,17,1271.6
2,71,142,86,56,5686.6
2,73,22,11,11,935
2,74,100,50,50,4224
2,75,5,3,2,153
2,86,7,4,3,335.3
2,90,33,18,15,1359.4
2,91,5,2,3,337
2,95,15,9,6,275
2,98,89,51,38,4545.7
2,99,16,9,7,844.8
2,100,10,6,4,310
2,101,3,1,2,0
2,102,6,4,2,403.8
2,104,31,15,16,1007.5
3,22,18,11,7,615.4
3,23,2,1,1,0
3,58,8,6,2,444.8
3,59,5,2,3,310
3,60,7,5,2,0
3,61,39,22,17,1373.4
3,62,62,31,31,2132
3,63,85,38,47,3174
3,64,70,37,33,2511
3,65,33,18,15,1192.4
3,66,2449,1225,1224,103995.1
3,67,1709,823,886,72093.5
3,68,395,195,200,16285.4
3,69,188,96,92,6754.4
3,70,26,14,12,819
3,73,20,9,11,808
3,74,97,53,44,3413.4
3,75,193,95,98,6563.1
3,76,2,1,1,0
3,90,12,4,8,548.4
3,91,32,19,13,1066
3,98,6,4,2,267
3,99,1,1,0,0
3,102,38,22,16,1737.4
3,108,7,3,4,196
4,5,6,4,2,343.2
4,6,4,2,2,0
4,24,6,3,3,0
4,25,30,12,18,1781.2
4,26,4,3,1,0
4,55,17,12,5,875.9
4,56,4,2,2,0
4,57,2,1,1,0
4,58,14,9,5,742.6
4,59,2,1,1,0
4,60,13,7,6,468.2
4,61,18,8,10,464.4
4,62,16,10,6,557.2
4,63,11,7,4,416.9
4,64,19,11,8,506.4
4,65,30,14,16,1211.6
4,66,163,90,73,6259.7
4,67,74,34,40,2803.4
4,68,112,61,51,4175.2
4,70,89,53,36,3752
4,71,51,28,23,1622
4,72,17,10,7,625.5
4,75,28,16,12,762.3
4,76,26,14,12,921.6
4,77,7,2,5,284.2
4,86,7,4,3,373.1
4,91,2,1,1,0
4,101,1,1,0,0
4,102,35,18,17,1997
4,103,20,11,9,653.4
4,104,80,43,37,2545.5
4,105,6,2,4,282
4,110,4,2,2,0
4,112,8,3,5,240
4,114,29,15,14,925.1
4,121,31,17,14,1525.2
5,9,18,10,8,624.6
5,28,8,4,4,319
5,29,25,11,14,931.5
5,30,31,16,15,1500.7
5,33,1,0,1,0
5,40,4,2,2,0
5,53,7,4,3,310.8
5,54,13,7,6,350.1
5,55,2,1,1,0
5,64,8,4,4,228
5,65,11,7,4,217.7
5,66,63,33,30,2435.9
5,67,40,27,13,1092
5,68,38,22,16,1219.8
5,70,16,10,6,444.6
5,71,122,68,54,5191.8
5,72,36,18,18,1431.6
5,75,8,4,4,201
5,76,5,2,3,0
5,77,29,17,12,1178.7
5,78,12,8,4,403
5,86,6,4,2,256.8
5,103,11,6,5,402.4
5,109,2,1,1,0
5,110,6,5,1,121.8
5,111,4,3,1,0
5,112,5,3,2,299
5,113,20,11,9,966
5,115,5,2,3,114
5,116,21,12,9,630.7
5,117,9,4,5,169.2
5,118,19,9,10,687.8
5,121,78,44,34,3533.4
6,7,15,6,9,553.5
6,12,18,11,7,639
6,25,1,1,0,0
6,28,2,2,0,0
6,30,2,1,1,0
6,42,1,0,1,0
6,43,10,5,5,322
6,44,21,9,12,928.8
6,45,53,26,27,2289.9
6,46,27,16,11,1109.1
6,48,1,1,0,0
6,49,21,12,9,1150
6,50,312,156,156,14699.8
6,51,40,20,20,1915.4
6,52,4,3,1,0
6,53,49,24,25,2227
6,54,1,0,1,0
6,65,6,3,3,190.2
6,66,50,25,25,1969.5
6,67,24,11,13,738.3
6,70,12,2,10,378
6,71,12,6,6,398.4
6,72,11,7,4,404.8
6,75,16,9,7,649.5
6,78,34,14,20,1332.4
6,79,22,10,12,682
6,87,17,9,8,535.5
6,101,1,1,0,0
6,103,6,3,3,379.8
6,104,13,5,8,307.3
6,110,31,19,12,1066.4
6,111,111,57,54,3766.9
6,112,6,3,3,415.2
6,115,61,34,27,2134.8
6,116,40,20,20,1501
6,117,1,1,0,0
6,118,5,2,3,0
7,2,4,2,2,0
7,5,4,2,2,0
7,30,2,1,1,0
7,34,7,4,3,139.8
7,35,2,2,0,0
7,45,8,7,1,260.8
7,46,15,8,7,774
7,50,493,266,227,18789.8
7,51,8,2,6,239.2
7,52,23,13,10,897.1
7,53,35,16,19,1323.3
7,54,1,1,0,0
7,55,4,2,2,0
7,67,16,8,8,438
7,70,65,31,34,2398.6
7,71,2,1,1,0
7,72,25,14,11,1229.4
7,73,49,24,25,2072.8
7,75,1,0,1,0
7,76,8,4,4,244.3
7,79,1,0,1,0
7,80,14,9,5,439.4
7,87,11,7,4,568.8
7,88,77,41,36,3495.4
7,94,4,2,2,0
7,95,13,6,7,915.1
7,111,17,6,11,667.5
7,112,5,3,2,217
7,115,9,6,3,78
7,118,15,7,8,544.3
7,120,24,14,10,823.2
7,122,22,12,10,1410.2
8,1,3,2,1,0
8,2,3,1,2,0
8,14,3,2,1,0
8,45,8,3,5,0
8,46,1,1,0,0
8,50,11,5,6,367.2
8,55,6,3,3,196.8
8,68,2,1,1,0
8,69,21,8,13,427
8,70,46,25,21,1684.3
8,71,24,12,12,807.2
8,73,12,6,6,420
8,74,13,6,7,401.8
8,75,22,11,11,737.2
8,76,35,18,17,1151.4
8,77,12,6,6,522
8,79,30,13,17,1482
8,80,50,29,21,2173.4
8,88,8,4,4,161
8,93,3,2,1,0
8,94,5,4,1,316
8,95,8,3,5,153
8,111,1,0,1,0
8,112,5,2,3,161
8,114,7,4,3,280
8,115,51,28,23,2529.3
8,116,5,3,2,143
8,117,15,8,7,368.5
8,119,1,1,0,0
8,120,16,11,5,544
8,122,64,28,36,2341.5
9,0,5,3,2,186
9,13,4,1,3,0
9,14,222,107,115,9434.2
9,16,4,2,2,0
9,18,6,3,3,205.2
9,38,5,3,2,146
9,49,3,1,2,0
9,67,5,3,2,167
9,68,35,19,16,980.4
9,69,7,3,4,228.9
9,77,16,8,8,378
9,78,9,5,4,459.2
9,80,23,14,9,1029.5
9,81,15,8,7,401
9,86,5,2,3,0
9,87,3,2,1,0
9,93,18,8,10,720.6
9,94,18,9,9,404.8
9,95,29,16,13,1140
9,111,4,2,2,0
9,114,58,31,27,2169.3
9,115,87,44,43,3698.4
9,116,22,11,11,907.2
9,117,1,1,0,0
9,119,9,3,6,399
9,120,144,74,70,4912.2
9,121,6,4,2,172.8
9,122,64,36,28,2851.2
9,123,6,3,3,208.2
9,127,8,5,3,487.2
10,0,5,2,3,227
10,4,3,2,1,0
10,12,1,0,1,0
10,14,14,8,6,315
10,17,2,1,1,0
10,19,24,14,10,1060.8
10,37,8,6,2,135
10,39,1,0,1,0
10,49,38,18,20,1125.4
10,67,1,1,0,0
10,77,9,5,4,351.9
10,78,26,11,15,1166
10,82,2,1,1,0
10,89,2,1,1,0
10,90,4,1,3,0
10,92,18,10,8,693
10,93,61,32,29,2123.1
10,94,26,10,16,980
10,114,26,12,14,1118.4
10,115,2,1,1,0
10,116,61,32,29,3067
10,117,24,10,14,986.4
10,118,2,1,1,0
10,119,4,2,2,0
10,120,8,3,5,0
10,122,11,6,5,185
10,127,12,6,6,440
11,1,1,1,0,0
11,2,4,3,1,0
11,8,18,10,8,687.6
11,9,11,6,5,296.1
11,10,8,5,3,252
11,11,6,2,4,208.8
11,14,2,1,1,0
11,40,5,4,1,125
11,41,4,3,1,0
11,46,6,3,3,159
11,49,8,4,4,94
11,65,5,4,1,244
11,78,4,2,2,0
11,79,20,10,10,699
11,80,14,7,7,492.6
11,81,24,11,13,1037.4
11,82,38,21,17,1960.8
11,83,4,0,4,0
11,88,3,2,1,0
11,91,12,7,5,386.1
11,92,176,81,95,6248
11,93,37,23,14,1795.1
11,105,2,1,1,0
11,113,17,6,11,541.5
11,117,75,39,36,3019.6
11,119,178,89,89,7855.5
11,120,159,76,83,6749
11,121,60,28,32,2552.3
11,122,10,5,5,450.4
12,0,32,15,17,1332.6
12,1,7,5,2,214.2
12,2,7,2,5,282.8
12,8,6,2,4,201
12,14,14,7,7,872.2
12,41,2,1,1,0
12,43,10,7,3,221.2
12,44,11,8,3,458.7
12,46,14,8,6,272
12,47,7,4,3,349.3
12,49,2,2,0,0
12,53,2,1,1,0
12,77,11,8,3,508.2
12,78,7,4,3,232.2
12,79,3,2,1,0
12,83,11,5,6,656.8
12,88,546,270,276,24733.8
12,90,1,1,0,0
12,91,1,1,0,0
12,92,172,92,80,6992.8
12,93,10,5,5,365
12,112,11,7,4,293
12,116,8,3,5,0
12,117,446,217,229,17327.3
12,118,73,39,34,2456.5
12,119,108,57,51,3722.2
12,121,11,6,5,502.2
12,122,17,8,9,688.5
12,126,17,9,8,724.2
13,0,3,2,1,0
13,3,3,0,3,0
13,4,2,2,0,0
13,6,2,2,0,0
13,13,10,5,5,374
13,14,7,2,5,310.8
13,43,2,1,1,0
13,44,8,3,5,374.4
13,45,5,3,2,0
13,46,12,6,6,259
13,49,9,5,4,207.9
13,50,7,3,4,309
13,87,47,23,24,1959.3
13,88,646,314,332,26536.4
13,89,142,70,72,5360.9
13,92,34,15,19,1557.1
13,116,5,4,1,0
13,117,19,11,8,620.5
13,118,5,3,2,300
13,119,12,5,7,262.4
13,121,38,18,20,1713.6
13,125,3,2,1,0
13,126,63,31,32,2256.6
13,127,212,110,102,7491.5
14,4,9,6,3,279
14,13,12,7,5,466.2
14,48,2,1,1,0
14,49,1,0,1,0
14,50,4,1,3,0
14,86,5,2,3,0
14,88,2,1,1,0
14,89,17,10,7,641.8
14,92,26,12,14,1011.2
14,105,7,4,3,252.7
14,116,2,2,0,0
14,118,33,18,15,1084.6
14,119,30,11,19,1362.1
14,123,8,4,4,0
14,124,1,0,1,0
14,125,32,16,16,1302
14,126,160,76,84,6466.8
14,127,109,53,56,4114.6
15,14,8,2,6,284.8
15,52,2,1,1,0
15,69,1,1,0,0
15,70,11,8,3,375.2
15,86,20,13,7,821.2
15,89,1,0,1,0
15,90,14,7,7,640.9
15,91,13,7,6,587
15,92,65,34,31,2448
15,115,6,4,2,0
15,116,8,5,3,540
15,118,8,5,3,248
15,121,3,2,1,0
15,123,327,171,156,13476.7
15,124,593,287,306,26168.2
15,125,574,279,295,22826.8
15,126,20,11,9,770.4
15,127,45,25,20,1891.5
16,13,16,10,6,627.5
16,53,12,5,7,366
16,57,8,4,4,0
16,58,6,3,3,253.8
16,69,14,9,5,549.6
16,70,79,41,38,2996.8
16,71,68,37,31,2955.5
16,72,3,2,1,0
16,73,2,1,1,0
16,74,4,3,1,0
16,78,4,3,1,0
16,79,97,51,46,2760.9
16,80,272,145,127,11020.8
16,81,23,13,10,1056.3
16,82,33,14,19,1223
16,83,29,20,9,1532.1
16,84,19,12,7,891.2
16,85,11,6,5,367
16,86,354,183,171,13532.6
16,87,40,19,21,1100
16,88,4,3,1,0
16,90,2,1,1,0
16,91,3,1,2,0
16,92,51,25,26,2408.7
16,117,4,2,2,0
16,118,53,30,23,1878.1
16,120,1,0,1,0
16,122,133,64,69,5586
16,123,422,223,199,16013.8
16,124,268,140,128,9886.8
16,125,24,10,14,748.8
16,126,4,2,2,0
16,127,27,12,15,1088.1
17,14,3,2,1,0
17,52,13,7,6,399
17,58,12,5,7,276
17,70,17,10,7,832.8
17,71,79,42,37,3458
17,74,2,2,0,0
17,76,10,6,4,457
17,77,60,36,24,2392.8
17,78,28,16,12,1089.4
17,79,22,14,8,798.6
17,80,617,296,321,27910.8
17,81,81,40,41,3055.1
17,82,12,6,6,515.3
17,83,68,36,32,2933.8
17,84,480,240,240,17524.5
17,85,20,10,10,628
17,86,17,10,7,603.5
17,87,2,1,1,0
17,88,10,5,5,250.4
17,89,1,0,1,0
17,91,19,9,10,612
17,92,14,8,6,482
17,116,6,4,2,0
17,117,20,12,8,722.6
17,118,4,2,2,0
17,121,70,40,30,2737
17,122,163,89,74,6706.8
17,123,2,1,1,0
17,124,8,3,5,181
18,53,10,7,3,367
18,54,15,8,7,451
18,55,5,3,2,162
18,57,7,3,4,266
18,59,3,1,2,0
18,66,3,2,1,0
18,67,5,1,4,208
18,69,7,5,2,304.2
18,70,1,1,0,0
18,71,68,39,29,3032.8
18,72,8,3,5,195
18,76,9,5,4,302.4
18,77,27,14,13,1097.1
18,80,82,45,37,3199.5
18,81,2,1,1,0
18,84,42,23,19,1462.7
18,85,13,5,8,365.3
18,88,5,3,2,0
18,89,3,2,1,0
18,100,3,3,0,0
18,101,3,2,1,0
18,102,2,1,1,0
18,116,6,3,3,361.8
18,117,4,2,2,0
18,124,2,1,1,0
19,14,4,2,2,0
19,43,4,3,1,0
19,53,2,1,1,0
19,54,5,2,3,0
19,55,9,4,5,266
19,60,15,9,6,755.3
19,63,1,1,0,0
19,68,4,2,2,0
19,69,13,8,5,579.4
19,76,18,11,7,815.9
19,80,24,12,12,590.4
19,84,13,5,8,378.4
19,89,29,19,10,891
19,91,14,8,6,677.6
19,92,10,4,6,402
19,99,2,1,1,0
19,100,1,1,0,0
19,101,1,1,0,0
19,116,1,1,0,0
19,117,3,2,1,0
20,41,10,5,5,400
20,42,32,16,16,1391.1
20,43,41,20,21,1164
20,44,16,7,9,429
20,49,4,2,2,0
20,52,3,2,1,0
20,53,283,130,153,13379.8
20,54,5,2,3,341
20,64,11,5,6,365.2
20,69,22,12,10,670
20,79,12,4,8,348.8
20,80,9,4,5,376
20,84,6,4,2,357
20,85,26,14,12,1092.8
20,89,32,19,13,1363.2
20,90,160,86,74,6883.6
20,91,1,0,1,0
20,93,107,59,48,3866.7
20,94,35,17,18,1277.2
20,99,12,8,4,567.6
20,117,1,1,0,0
20,121,371,180,191,15399
21,40,1,1,0,0
21,41,10,6,4,0
21,42,2,1,1,0
21,45,11,5,6,396
21,46,11,7,4,424.9
21,47,16,9,7,748.8
21,48,11,6,5,272.3
21,49,21,11,10,573.8
21,50,7,4,3,282.1
21,52,16,8,8,844.8
21,53,378,189,189,15634.4
21,54,35,18,17,1290.1
21,55,8,3,5,214
21,65,5,3,2,194
21,69,16,10,6,799.4
21,79,17,9,8,881.6
21,84,1,0,1,0
21,89,125,69,56,4741.5
21,90,204,102,102,7925.5
21,91,37,20,17,1358
21,93,163,91,72,5722.5
21,94,23,11,12,627.9
21,95,7,2,5,282.8
21,97,14,8,6,235.2
21,98,4,2,2,0
21,121,822,427,395,29798
22,40,10,7,3,293.3
22,45,2,1,1,0
22,49,6,3,3,0
22,53,37,19,18,1315.5
22,54,34,21,13,946.2
22,55,11,6,5,261.8
22,56,8,7,1,244.2
22,61,2,1,1,0
22,62,6,1,5,172.8
22,78,21,9,12,696.7
22,79,8,2,6,314.4
22,83,2,1,1,0
22,85,1,1,0,0
22,89,163,84,79,6409.4
22,91,338,172,166,13206.9
22,92,393,188,205,16113
22,93,206,109,97,6685.4
22,95,2,1,1,0
22,97,6,4,2,0
22,100,6,4,2,331.8
23,40,23,11,12,757.1
23,45,10,5,5,310.4
23,50,1,1,0,0
23,53,2,1,1,0
23,54,19,13,6,790.4
23,55,3,3,0,0
23,56,7,5,2,219
23,57,5,3,2,0
23,66,1,0,1,0
23,69,2,1,1,0
23,70,4,3,1,0
23,78,15,8,7,454.5
23,85,6,2,4,151.2
23,89,22,13,9,785.4
23,91,4,2,2,0
23,92,1296,668,628,47301.6
23,93,2,1,1,0
23,94,1136,588,548,42468
23,95,248,123,125,7149.2
23,97,6,3,3,0
24,40,8,4,4,210
24,43,5,2,3,186
24,44,2,1,1,0
24,50,5,3,2,161
24,51,9,4,5,268.2
24,57,23,10,13,942.2
24,58,10,5,5,288
24,66,3,2,1,0
24,67,2,1,1,0
24,69,7,4,3,434.7
24,70,7,4,3,490
24,89,1,1,0,0
24,91,2,1,1,0
24,92,601,312,289,25420.1
24,93,3328,1574,1754,157238.5
24,94,1147,603,544,40859.8
24,95,2578,1287,1291,98436.6
24,96,11,8,3,279.4
24,97,2,1,1,0
24,98,2,1,1,0
25,40,12,7,5,666.9
25,43,2,1,1,0
25,47,4,2,2,0
25,48,6,4,2,246
25,49,4,2,2,0
25,52,13,9,4,595.8
25,64,4,2,2,0
25,66,23,11,12,952.3
25,67,8,4,4,482.4
25,68,1,1,0,0
25,91,12,7,5,506.4
25,93,2965,1418,1547,116092.9
25,94,2604,1243,1361,111516.3
25,95,194,96,98,7294.4
25,96,2,1,1,0
25,98,2,1,1,0
26,40,21,11,10,567.6
26,49,6,4,2,427.2
26,57,9,6,3,244.8
26,64,6,3,3,228
26,68,2,1,1,0
26,93,3089,1553,1536,121321.9
26,94,136,74,62,4912.5
26,97,14,8,6,470.4
26,99,6,5,1,248
26,100,1,1,0,0
26,102,3,2,1,0
27,47,5,4,1,203
27,71,2,2,0,0
27,92,7,2,5,301.7
27,93,430,226,204,15901.3
27,94,69,36,33,2542.6
27,96,32,15,17,1093.9
27,97,13,7,6,367.2
27,98,17,7,10,681.8
27,99,7,5,2,148.2
27,100,14,8,6,414
27,101,10,6,4,300
28,38,1,1,0,0
28,47,5,4,1,267
28,52,5,3,2,0
28,70,1,1,0,0
28,93,89,49,40,3089.7
28,94,100,54,46,3892.6
28,95,143,71,72,5300.9
28,96,49,24,25,1660.5
28,97,9,5,4,327.6
28,100,4,3,1,0
28,101,20,11,9,788.2
29,40,1,1,0,0
29,46,1,0,1,0
29,65,8,5,3,260.8
29,70,4,1,3,0
29,92,11,6,5,290.7
29,93,123,66,57,5134.5
29,94,46,23,23,1559.9
29,95,201,106,95,7085.1
29,96,199,99,100,6940.3
30,38,3,2,1,0
30,65,6,4,2,199.2
30,71,2,1,1,0
30,93,5,3,2,224
30,94,17,10,7,972.7
30,95,91,47,44,3000
30,96,27,15,12,776.5
30,97,28,18,10,996.4
31,45,4,2,2,0
31,70,2,1,1,0
31,94,2,2,0,0
31,95,54,32,22,2063.8
31,98,9,4,5,206
32,64,3,2,1,0
32,95,19,13,6,666
32,98,53,26,27,2151.2
32,99,19,11,8,667.4
33,91,3,1,2,0
33,94,15,8,7,416.4
33,95,15,10,5,340.8
33,98,671,336,335,24480.3
33,99,14,7,7,364.7
34,62,3,1,2,0
34,85,4,2,2,0
34,89,8,4,4,260.8
34,94,4,2,2,0
34,95,5,2,3,0
34,96,3,1,2,0
34,97,37,18,19,1150.1
34,98,31,16,15,1139.5
34,118,22,13,9,772.2
34,119,4,3,1,0
35,93,16,9,7,631.2
35,94,5,3,2,235
35,95,10,7,3,320
35,96,1,1,0,0
35,97,37,21,16,1081.2
35,98,8,5,3,127.2
35,119,22,14,8,926.2
35,120,21,9,12,404.6
35,123,3,1,2,0
36,93,13,6,7,510
36,96,26,15,11,786.6
36,98,24,15,9,811.8
36,121,4,3,1,0
36,122,15,10,5,683.4
36,123,9,5,4,292
36,124,15,10,5,396.2
36,125,2,2,0,0
37,91,5,3,2,231
37,95,19,9,10,535.4
37,96,10,7,3,379
37,123,3,2,1,0
37,124,15,7,8,839
37,125,16,9,7,528
38,94,15,10,5,511.5
38,99,6,2,4,153
38,125,2,2,0,0
38,126,18,5,13,524.8
38,127,72,35,37,3333.6
39,93,22,14,8,812.7
39,99,2,1,1,0
39,125,2,0,2,0
39,126,39,23,16,1489.8
39,127,47,27,20,2206.4
40,92,11,6,5,381.6
40,93,5,4,1,0
40,100,32,18,14,1368
40,101,21,12,9,990.6
40,102,4,4,0,0
40,125,3,1,2,0
40,126,6,2,4,427.8
41,104,5,1,4,208
41,125,6,3,3,232.8
42,103,22,11,11,963.6
42,104,32,14,18,1297.2
42,125,1,1,0,0
43,103,2,2,0,0
44,102,4,2,2,0
45,101,1,0,1,0
45,102,1,1,0,0
46,100,6,4,2,195
46,101,7,4,3,422.1
47,100,3,1,2,0
50,123,5,3,2,0
50,124,7,3,4,311
50,125,29,14,15,1406.8
50,126,31,17,14,1281
50,127,28,13,15,1232
51,122,3,2,1,0
51,123,1,1,0,0
51,126,1,1,0,0
51,127,56,24,32,2230.3
52,121,13,9,4,620.4
52,122,2,1,1,0
53,112,1,1,0,0
53,127,6,4,2,313.8
54,116,12,6,6,369
54,127,2,1,1,0
55,121,15,7,8,393.8
55,127,12,8,4,313.5
56,120,18,8,10,837
56,121,14,9,5,665.5
57,120,3,2,1,0
59,119,2,1,1,0
59,120,22,9,13,895.4
60,117,6,3,3,0
61,117,1,1,0,0