x,y,p,m,f,ta
0,55,3,2,1,0
0,56,15,8,7,867
0,57,29,20,9,1147
0,58,44,25,19,1727.7
0,59,55,28,27,2346.8
0,60,110,60,50,4909.299999999999
0,61,26,12,14,1132.2
0,62,219,114,105,9541.2
0,63,134,69,65,5461.1
0,64,172,77,95,7013.5
0,65,6,5,1,297
0,66,197,109,88,8189
0,67,69,27,42,4252.4
0,68,62,35,27,2505
0,69,46,26,20,1948.5
0,70,58,27,31,2465.5
0,71,190,97,93,7286.099999999999
0,72,6,3,3,355.2
0,82,58,33,25,2149.4
0,83,12,8,4,458.1
0,84,5,2,3,330
0,85,24,13,11,1310.4
0,86,108,58,50,3649.1
0,87,12,6,6,429.6
0,93,1,1,0,0
0,95,60,32,28,2169.8
0,98,3,2,1,0
0,99,3,2,1,0
0,100,152,84,68,5567
0,101,9,5,4,357.3
0,111,22,12,10,921.8
0,112,139,68,71,6305.099999999999
0,116,3,1,2,0
0,117,1,0,1,0
1,56,7,3,4,329
1,57,275,145,130,11906.6
1,58,57,28,29,2936.2
1,59,9,5,4,376.2
1,60,48,24,24,2232
1,61,85,48,37,3780
1,62,11,5,6,314.1
1,63,31,16,15,1256.6
1,64,44,20,24,1752.2
1,65,74,37,37,3265.9
1,66,217,109,108,9859.8
1,67,274,126,148,11559.5
1,68,249,132,117,9729.8
1,69,83,42,41,3728.8
1,81,12,7,5,739.8
1,82,403,191,212,16657.2
1,83,517,263,254,21858.7
1,85,38,23,15,1686
1,86,24,15,9,1173
1,95,73,38,35,2826.7
1,96,3,1,2,0
1,98,8,1,7,350.4
1,99,18,7,11,739.8
1,100,84,45,39,3473.4
1,101,82,40,42,2751.9
1,111,141,74,67,6332.9
1,112,240,116,124,9359.1
1,115,6,4,2,0
2,57,9,6,3,361.8
2,58,30,16,14,1146.9
2,59,54,29,25,2017.2
2,60,114,56,58,4812.6
2,61,49,26,23,2112.1
2,62,18,7,11,470.6
2,63,31,17,14,1340.2
2,65,28,14,14,1058.4
2,66,5,4,1,0
2,67,2,1,1,0
2,68,113,57,56,4690.6
2,69,19,10,9,412
2,74,72,37,35,2918.9
2,79,6,3,3,0
2,80,41,25,16,1608.5
2,81,66,32,34,2550.8
2,82,250,127,123,8810
2,83,241,108,133,11891
2,84,15,11,4,717
2,85,31,17,14,1474.4
2,86,4,3,1,0
2,93,41,22,19,1559.5
2,94,54,30,24,2133.9
2,95,24,14,10,1025.4
2,97,7,2,5,230.3
2,98,112,61,51,4624.6
2,99,39,22,17,2011.3
2,100,417,213,204,13809.1
2,101,267,139,128,10059.5
2,102,149,77,72,5452.9
2,103,8,4,4,340.2
2,104,6,3,3,0
2,110,16,9,7,545.6
2,111,85,46,39,3797
2,112,1,1,0,0
2,113,4,3,1,0
2,114,13,6,7,486.9
2,115,2,1,1,0
2,116,10,4,6,280.7
2,117,2,2,0,0
2,118,8,5,3,313
2,124,4,3,1,0
2,125,13,8,5,599.4
3,58,1,1,0,0
3,59,18,8,10,610.7
3,60,292,142,150,11670.3
3,61,172,95,77,6939.7
3,62,2,1,1,0
3,63,44,21,23,1496.4
3,64,6,4,2,0
3,70,3,2,1,0
3,71,33,15,18,1312
3,72,47,24,23,2532.1000000000004
3,73,135,72,63,5268.2
3,74,133,66,67,5458
3,75,67,35,32,2862.8
3,76,20,9,11,926
3,77,4,2,2,0
3,79,5,2,3,144
3,80,33,19,14,1540
3,83,16,9,7,804.8
3,84,53,23,30,2074.9
3,87,2,1,1,0
3,93,204,102,102,7474.2
3,94,186,89,97,8273.900000000001
3,95,39,15,24,1366.1
3,96,74,39,35,3118.3
3,97,114,62,52,4918.8
3,98,39,21,18,1671.6
3,99,911,474,437,30443.8
3,100,1802,900,902,75204.2
3,101,460,230,230,17249.2
3,102,142,71,71,4880.4
3,103,3,2,1,0
3,105,1,1,0,0
3,110,72,39,33,3038
3,111,70,42,28,3212.7999999999997
3,112,4,1,3,0
3,113,3,1,2,0
3,114,7,4,3,235.2
3,115,48,28,20,1777.4
3,116,47,24,23,1636.9
3,117,46,27,19,2235.2
3,118,19,11,8,616.7
3,122,12,8,4,596
3,124,4,3,1,0
3,125,2,1,1,0
4,59,60,32,28,2975.3999999999996
4,60,183,98,85,7043.4
4,61,2800,1367,1433,122442
4,62,12,8,4,481.2
4,63,45,24,21,1869.3000000000002
4,64,20,12,8,729.4
4,65,2,1,1,0
4,70,4,2,2,0
4,71,32,17,15,1290.8
4,72,80,41,39,3183.6000000000004
4,73,3,0,3,0
4,74,9,4,5,268.8
4,75,314,137,177,15059.800000000001
4,76,62,31,31,2072.3
4,79,3,3,0,0
4,80,14,9,5,641
4,92,47,29,18,2266.7
4,93,698,350,348,30516.9
4,94,765,358,407,37231.5
4,95,113,70,43,4945.5
4,96,102,52,50,4095.1
4,97,4,2,2,0
4,99,76,42,34,3070.4
4,100,793,390,403,29988.5
4,101,150,74,76,6705
4,102,313,163,150,11487.1
4,103,16,9,7,561.4
4,104,22,12,10,887.5999999999999
4,105,19,13,6,598.5
4,109,1,0,1,0
4,110,125,69,56,5939.7
4,111,26,14,12,1271.9
4,115,134,70,64,5647.6
4,116,124,58,66,6242.9
4,117,57,28,29,2203.8
4,118,27,14,13,1413
4,119,9,7,2,307
4,123,1,0,1,0
4,124,28,16,12,973.2
4,125,41,22,19,1743.9
4,127,4,3,1,0
5,61,1277,636,641,61446.9
5,62,154,76,78,6808.5
5,63,10,5,5,530.4
5,64,8,4,4,405
5,65,2,1,1,0
5,66,5,2,3,310
5,68,2,1,1,0
5,69,3,2,1,0
5,71,4,1,3,0
5,75,7,4,3,0
5,76,60,37,23,2096.8
5,77,33,17,16,1059
5,78,26,12,14,934.5999999999999
5,79,20,11,9,824.2
5,80,54,24,30,2469
5,90,22,10,12,1066.4
5,91,21,11,10,673.7
5,92,2,1,1,0
5,93,12,7,5,614
5,94,53,29,24,2253
5,95,6,3,3,289.2
5,99,54,25,29,2289.3999999999996
5,100,351,182,169,14861.5
5,101,130,73,57,5421.8
5,102,12,7,5,380
5,104,9,6,3,344.8
5,105,2,1,1,0
5,106,1,0,1,0
5,107,1,1,0,0
5,110,187,99,88,8286.3
5,111,17,7,10,809.5999999999999
5,115,4,2,2,0
5,116,14,10,4,569.8
5,120,6,4,2,198
5,122,6,3,3,310.2
5,123,21,11,10,967
5,124,21,13,8,741
5,125,16,11,5,645.7
5,126,29,14,15,1201.8000000000002
5,127,4,3,1,0
6,62,16,7,9,539.5
6,63,54,28,26,2251
6,64,33,16,17,1336.8
6,66,5,4,1,0
6,67,28,15,13,1307.1
6,69,11,5,6,381.6
6,70,11,5,6,345.4
6,71,86,47,39,3106.8999999999996
6,75,8,4,4,0
6,76,23,14,9,894.7
6,79,13,6,7,450
6,80,48,28,20,2313.6
6,81,11,8,3,672
6,88,3,2,1,0
6,89,8,4,4,330
6,93,80,43,37,3177.1
6,94,41,22,19,2137.1
6,95,25,11,14,851.8
6,96,12,6,6,684
6,97,140,77,63,6108.9
6,98,824,394,430,35882.4
6,99,382,180,202,14042.5
6,100,96,43,53,3909.4
6,101,7,4,3,336.7
6,104,28,15,13,1247.6
6,105,30,15,15,1327.8
6,106,7,4,3,252.7
6,109,30,15,15,1183.3
6,110,424,207,217,16819.6
6,111,68,33,35,3055.4
6,115,16,8,8,448.8
6,116,26,16,10,1132.5
6,120,6,3,3,173
6,121,9,4,5,215.2
6,123,2,1,1,0
6,126,4,3,1,0
6,127,6,3,3,379.2
7,62,2,1,1,0
7,63,19,9,10,814.2
7,64,10,5,5,172.9
7,65,3,1,2,0
7,67,47,24,23,2355.3
7,68,46,24,22,2167.2
7,69,6,4,2,286.8
7,70,185,83,102,7567.8
7,71,796,399,397,34305.7
7,75,11,7,4,443.8
7,76,4,2,2,0
7,78,1,0,1,0
7,89,3,2,1,0
7,92,170,94,76,6535.3
7,93,191,103,88,7307.1
7,94,4,3,1,0
7,95,34,19,15,1060.2
7,96,46,26,20,2092.4
7,97,48,27,21,1954.1
7,98,156,75,81,7506
7,99,143,80,63,5972.099999999999
7,104,1,0,1,0
7,108,117,60,57,4769.2
7,109,293,146,147,12130
7,110,239,119,120,9338.3
7,111,28,13,15,873.6
7,114,2,1,1,0
7,115,29,20,9,855.4000000000001
8,63,19,9,10,1121
8,64,14,6,8,546
8,65,46,25,21,1828
8,67,1,0,1,0
8,68,9,4,5,461.7
8,69,2,1,1,0
8,70,63,36,27,2771.1
8,71,284,156,128,11670.2
8,72,79,45,34,3174.8
8,73,92,46,46,3868.4
8,74,29,16,13,1260.5
8,75,32,14,18,1264.1
8,78,10,5,5,450
8,84,1,1,0,0
8,85,5,4,1,307
8,91,115,58,57,5006.5
8,92,1686,825,861,71842.1
8,93,256,130,126,11031.300000000001
8,94,32,19,13,1440.5
8,95,9,4,5,534.6
8,96,2,1,1,0
8,97,7,4,3,258.3
8,98,177,89,88,7573.599999999999
8,99,161,87,74,7942.8
8,107,158,86,72,6812.7
8,108,403,219,184,16931.4
8,109,909,423,486,46819.3
8,113,22,13,9,670
8,114,1,0,1,0
8,115,13,5,8,426
8,116,1,1,0,0
9,64,9,4,5,240
9,65,64,37,27,2969.6
9,66,66,35,31,3075
9,67,14,9,5,419.2
9,68,5,3,2,0
9,69,338,174,164,14705.6
9,70,434,238,196,17134.300000000003
9,71,602,303,299,21583.7
9,72,39,17,22,1657.6
9,73,45,28,17,1531.1
9,74,21,11,10,896.7
9,80,20,10,10,753.5
9,91,166,81,85,6800.5
9,92,448,236,212,18687
9,93,7,5,2,165.2
9,97,36,21,15,1529.5
9,98,203,113,90,7880.400000000001
9,99,51,25,26,2745.7
9,100,74,41,33,3291.8
9,102,1,1,0,0
9,106,19,8,11,737.6
9,107,95,52,43,3698.3
9,108,1639,860,779,69840.9
9,109,311,156,155,12097.9
9,111,26,18,8,1107
9,112,14,5,9,522.6
9,113,42,25,17,1921.2
9,117,1,0,1,0
9,118,34,18,16,1848
10,65,21,13,8,897.8
10,66,12,7,5,576
10,67,24,12,12,704.8
10,68,235,118,117,10460.2
10,69,4005,1940,2065,182803.9
10,70,287,134,153,12900.699999999999
10,71,865,425,440,37327.5
10,72,25,12,13,1233.9
10,76,23,14,9,963.2
10,77,9,4,5,366.1
10,80,1,1,0,0
10,81,2,1,1,0
10,83,31,17,14,1201.5
10,84,24,13,11,794.4
10,86,11,6,5,301.2
10,91,84,45,39,3817.2000000000003
10,92,64,34,30,2767.4
10,93,4,2,2,0
10,94,115,67,48,5460.4
10,98,42,24,18,1685.1
10,99,148,78,70,5542.6
10,100,202,103,99,8117.599999999999
10,101,25,12,13,952.6
10,102,44,19,25,1980.6
10,103,33,16,17,1299.2
10,104,38,20,18,1711.6999999999998
10,105,28,13,15,1189.1
10,106,61,34,27,2520.4
10,107,708,340,368,28490.800000000003
10,108,3861,1877,1984,158656.80000000002
10,109,876,434,442,35180.5
10,110,203,109,94,7664.6
10,111,121,52,69,5045.799999999999
10,114,1,1,0,0
10,115,1,0,1,0
10,117,9,7,2,274
10,118,2,1,1,0
11,65,8,5,3,351.2
11,66,18,9,9,817.5
11,67,59,34,25,2903.2
11,68,15,8,7,359.1
11,69,794,385,409,39901.100000000006
11,70,1,1,0,0
11,71,65,34,31,2971.8
11,72,20,10,10,677.3
11,73,6,2,4,268.8
11,74,7,4,3,0
11,75,8,5,3,283.2
11,76,28,15,13,1260.4
11,81,15,8,7,754.6
11,82,15,6,9,464.2
11,83,36,16,20,1422
11,85,27,14,13,1249.6
11,86,69,36,33,3069.7
11,87,24,10,14,874.4000000000001
11,88,1,1,0,0
11,89,41,21,20,1898.4
11,90,68,36,32,2936
11,91,173,91,82,7121.9
11,92,39,21,18,1718.5
11,93,2,1,1,0
11,94,3,1,2,0
11,95,6,3,3,319.2
11,98,11,4,7,279.2
11,99,64,36,28,2781.6
11,100,132,66,66,5570.4
11,101,66,36,30,2631.6
11,102,92,46,46,4217.5
11,103,47,22,25,1821.9
11,104,91,50,41,4251.1
11,105,350,177,173,15510.6
11,106,32,20,12,1638.8
11,107,6,4,2,307.2
11,108,607,303,304,25289.7
11,110,2,1,1,0
11,116,3,2,1,0
11,117,62,39,23,2586.4
12,68,84,46,38,3912.6
12,69,3,3,0,0
12,70,19,10,9,826.5
12,71,29,16,13,1299.2
12,72,33,21,12,1567.2
12,73,10,5,5,0
12,74,34,19,15,1415.7
12,75,2,2,0,0
12,80,9,6,3,411.2
12,81,18,11,7,480.2
12,82,110,57,53,4743.4
12,83,26,14,12,1218.3
12,85,1,0,1,0
12,86,1,1,0,0
12,87,35,19,16,1586.1000000000001
12,88,239,123,116,9926.2
12,89,68,37,31,3313.1
12,90,31,17,14,1326.9
12,91,4,2,2,0
12,92,10,4,6,456
12,93,11,6,5,621.5
12,109,2,1,1,0
12,117,2,1,1,0
12,123,1,1,0,0
13,67,2,1,1,0
13,68,74,41,33,3397.3
13,69,12,7,5,399.7
13,70,14,6,8,480
13,71,15,7,8,522.5
13,72,21,11,10,779.4
13,73,50,29,21,1959.1
13,74,26,17,9,1116
13,81,4,2,2,0
13,83,10,7,3,297
13,86,2,1,1,0
13,87,179,95,84,5990.8
13,88,9,4,5,315
13,90,2,1,1,0
13,116,19,10,9,932.7
13,117,16,10,6,667
13,125,5,3,2,252
13,126,8,2,6,426.4
13,127,5,3,2,298
14,68,16,6,10,796.8
14,69,8,4,4,323.2
14,70,12,6,6,266.4
14,71,8,5,3,235.2
14,73,40,19,21,1539.8000000000002
14,74,24,12,12,736.8
14,75,4,3,1,0
14,78,5,1,4,0
14,79,1,0,1,0
14,83,64,29,35,2381.7
14,84,11,6,5,287.7
14,85,5,3,2,295
14,86,20,9,11,887.4
14,87,87,44,43,3509.9
14,88,9,5,4,254.4
14,89,103,55,48,3860.4
14,109,4,3,1,0
14,115,1,1,0,0
14,116,28,16,12,898.8
14,117,11,7,4,359.1
14,124,18,9,9,606
14,125,15,7,8,471.2
14,126,12,7,5,102
14,127,25,12,13,892.3
15,68,45,25,20,1810.3000000000002
15,69,1,1,0,0
15,72,173,82,91,8250
15,73,21,10,11,1060
15,74,362,193,169,14087.6
15,75,17,11,6,635.8
15,76,3,2,1,0
15,77,27,15,12,988.8
15,78,6,3,3,232.8
15,80,1,0,1,0
15,81,81,38,43,3247.6
15,82,147,84,63,5900.700000000001
15,83,159,80,79,7465.1
15,84,48,23,25,1565.9
15,85,60,30,30,2571.3999999999996
15,86,146,74,72,6015.7
15,87,290,145,145,12819.1
15,88,1323,686,637,51661.5
15,89,15,10,5,457.5
15,93,6,4,2,354
15,110,8,4,4,333
15,111,5,2,3,92
15,115,18,9,9,608.8
15,116,54,25,29,2206.6
15,117,2,1,1,0
15,123,2,1,1,0
15,124,106,56,50,4247.5
15,125,15,7,8,655.8
15,127,35,19,16,1505.2
16,68,14,8,6,903
16,69,2,1,1,0
16,72,24,12,12,1255.4
16,73,120,68,52,5338.9
16,74,55,29,26,2307.7999999999997
16,75,137,56,81,7566.099999999999
16,77,33,16,17,1380.3
16,80,10,5,5,219
16,81,194,104,90,7585.4
16,82,925,471,454,38811.9
16,83,11,7,4,455.4
16,84,45,24,21,1790.1
16,85,41,26,15,1993
16,86,84,47,37,3750.3
16,87,2964,1541,1423,113742.2
16,88,4624,2132,2492,194312.4
16,89,207,104,103,9277.2
16,90,62,36,26,2196.6
16,91,86,44,42,3984.2
16,92,45,29,16,1657.1999999999998
16,93,22,10,12,843.6
16,98,14,9,5,513.8
16,99,4,2,2,0
16,100,5,2,3,0
16,101,2,1,1,0
16,111,38,18,20,1302.3
16,115,45,17,28,1470.1
16,123,13,8,5,329
16,124,208,108,100,8893.7
16,125,7,4,3,282.1
16,126,2,1,1,0
16,127,21,13,8,927.8
17,72,26,12,14,1287
17,73,81,44,37,3953
17,74,109,48,61,4254
17,75,73,38,35,2668.1
17,76,9,4,5,326.7
17,77,38,21,17,1817.9
17,78,36,17,19,1272
17,79,118,66,52,4882
17,80,55,33,22,2552.8
17,83,212,124,88,10128
17,84,678,336,342,27850.3
17,85,32,16,16,1234
17,86,1970,1001,969,78643.9
17,87,5070,2499,2571,206415.8
17,88,4895,2383,2512,213143.30000000002
17,89,1824,900,924,68875.5
17,90,627,326,301,22882.5
17,91,324,160,164,11990.699999999999
17,92,79,45,34,3619
17,93,16,7,9,589.2
17,97,1,1,0,0
17,98,13,7,6,360.8
17,101,7,4,3,0
17,111,1,1,0,0
17,115,87,48,39,3687.3999999999996
17,123,63,28,35,2279.1
17,124,9,4,5,424.8
17,125,42,24,18,1878.9
18,74,125,61,64,5435.700000000001
18,75,55,30,25,2277.9
18,76,81,45,36,3510.8
18,77,70,34,36,2765.4
18,78,717,374,343,23722.6
18,79,62,31,31,2354.2
18,80,77,39,38,3394.1
18,81,92,46,46,3984.4
18,82,1211,635,576,46202.9
18,83,3625,1841,1784,153085.59999999998
18,84,6728,3285,3443,271025.6
18,85,2070,1028,1042,87155.4
18,86,5640,2817,2823,223044
18,87,6602,3271,3331,286171.4
18,88,3168,1549,1619,134106.6
18,89,374,192,182,14809.6
18,90,151,84,67,5762.5
18,91,40,21,19,1248
18,105,2,1,1,0
18,111,8,4,4,359.2
18,115,79,45,34,3277.9
18,122,18,8,10,675.6
18,123,34,20,14,1593.6
18,124,5,3,2,149
18,125,11,5,6,230.4
18,126,26,15,11,1130.8
18,127,45,25,20,1949
19,75,28,15,13,1205.8
19,76,101,52,49,4629.5
19,77,94,52,42,3365.6
19,78,2685,1321,1364,112884.5
19,79,912,458,454,35048.8
19,80,3121,1575,1546,117508.8
19,81,3086,1550,1536,125943.49999999999
19,82,4352,2105,2247,180076.59999999998
19,83,4104,2027,2077,172926.00000000003
19,84,5816,2840,2976,253302.6
19,85,3323,1585,1738,147855.9
19,86,315,144,171,13102.1
19,87,103,57,46,3997.7000000000003
19,88,287,158,129,11451.199999999999
19,89,239,132,107,9430.7
19,90,87,50,37,3769.3
19,93,119,60,59,4272.1
19,94,12,6,6,360
19,106,24,14,10,858.5
19,107,40,26,14,1525
19,110,41,25,16,1833.5
19,111,297,155,142,11866.5
19,115,85,49,36,3637.1
19,116,16,12,4,642.5
19,117,3,2,1,0
19,118,5,3,2,267
19,119,46,24,22,1604.7
19,120,69,35,34,3346.8
19,121,18,8,10,466.7
19,122,52,26,26,2196.7
19,123,25,11,14,1018.3000000000001
19,124,10,7,3,268.1
19,125,8,5,3,0
19,126,58,26,32,2441.8
19,127,57,26,31,2382.6
20,76,1278,648,630,54293
20,77,2700,1337,1363,110917.40000000001
20,78,1235,626,609,57546.7
20,79,842,425,417,37374.8
20,80,751,381,370,28212.300000000003
20,81,1056,515,541,46786.6
20,82,2013,980,1033,77381
20,83,463,222,241,16058.9
20,84,396,187,209,15200.800000000001
20,85,178,90,88,7457.4
20,86,85,47,38,3850
20,87,42,20,22,1774.2
20,90,108,57,51,4362.8
20,92,60,30,30,3114.7
20,93,78,44,34,3410.4
20,94,16,9,7,673.6
20,95,3,2,1,0
20,96,5,3,2,253
20,107,52,27,25,2045.9
20,108,93,52,41,3790.6
20,109,15,9,6,651
20,110,186,95,91,7971.1
20,111,444,214,230,18718.9
20,112,1175,592,583,45285.1
20,113,486,242,244,22005
20,114,791,422,369,30586.8
20,115,130,66,64,5574.4
20,116,111,58,53,4232.9
20,117,30,16,14,1138.2
20,118,57,30,27,2556.2000000000003
20,119,69,31,38,3149.8999999999996
20,120,398,218,180,15273.800000000001
20,121,85,56,29,3678.7
20,122,370,162,208,15808
20,123,223,109,114,8474
20,124,23,11,12,628.8
20,125,4,1,3,0
20,126,2,1,1,0
20,127,9,5,4,0
21,75,718,352,366,35612.8
21,76,1484,747,737,61234.8
21,77,1,1,0,0
21,78,118,58,60,5688.6
21,79,17,11,6,519.5999999999999
21,80,43,23,20,1794.8999999999999
21,81,17,10,7,273
21,82,22,11,11,792.3
21,83,164,88,76,6447.8
21,84,85,44,41,3751.5
21,85,27,12,15,756.2
21,86,20,10,10,716.8
21,87,9,4,5,205
21,90,86,46,40,3096
21,91,985,490,495,43018.8
21,92,337,176,161,12155.5
21,98,2,1,1,0
21,99,1,0,1,0
21,107,8,5,3,0
21,108,113,66,47,4376.7
21,109,419,216,203,15299.1
21,110,585,295,290,22356.2
21,111,2576,1287,1289,89636
21,112,4915,2524,2391,199944.8
21,113,6954,3445,3509,311074.8
21,114,1734,858,876,65665.8
21,115,37,18,19,1468.2
21,118,2,1,1,0
21,119,7,4,3,309
22,76,13,9,4,418.4
22,78,8,3,5,308
22,79,3,2,1,0
22,80,49,25,24,2152.6
22,81,16,11,5,846.8
22,83,4,2,2,0
22,84,1,0,1,0
22,85,29,16,13,1231.5
22,86,6,2,4,0
22,89,43,21,22,1870.5
22,90,90,48,42,4089.7999999999997
22,91,203,101,102,8003.6
22,108,3,2,1,0
22,109,160,86,74,6416.599999999999
22,110,389,208,181,15689.2
22,111,6,4,2,268.8
22,112,434,221,213,17601.4
22,113,1826,931,895,67590.5
22,114,28,17,11,1156.9
22,115,28,16,12,1094.4
22,116,6,3,3,0
22,117,17,8,9,582.2
22,118,39,19,20,1160.1
22,119,7,3,4,266.7
22,123,9,5,4,194
23,74,30,20,10,1360.1
23,77,13,6,7,510
23,79,16,10,6,512
23,80,473,242,231,21297.199999999997
23,81,66,36,30,2653.7
23,82,29,13,16,1071
23,83,17,9,8,848.8
23,84,16,8,8,490
23,85,97,55,42,3975.5
23,86,16,11,5,345.8
23,89,66,36,30,3047.7
23,90,5,3,2,281
23,91,6,4,2,312
23,94,1,1,0,0
23,108,43,21,22,1888.9
23,109,82,44,38,3232.5
23,110,71,39,32,2817.1
23,111,79,38,41,3560.9
23,112,57,27,30,2017.6
23,113,45,21,24,2188.8
23,114,42,24,18,1429.4
23,115,4,2,2,0
23,116,3,2,1,0
23,117,4,2,2,0
23,123,3,2,1,0
23,125,4,3,1,0
23,127,3,2,1,0
24,73,121,56,65,6105.4
24,74,809,409,400,36823.7
24,75,972,461,511,40322.1
24,76,4,2,2,0
24,77,105,52,53,4321.1
24,78,15,7,8,306.9
24,79,1,0,1,0
24,80,22,12,10,890
24,84,5,2,3,120
24,85,39,18,21,1481.7
24,87,9,4,5,337.2
24,88,18,11,7,414.7
24,89,51,25,26,2274
24,92,5,4,1,251
24,102,3,2,1,0
24,103,1,0,1,0
24,106,21,11,10,913.8
24,107,30,15,15,1177.2
24,108,124,67,57,4297.6
24,109,146,75,71,6507.400000000001
24,110,42,23,19,1866.6
24,112,69,34,35,2774.2
24,113,75,31,44,3000.6
24,114,45,21,24,1533.3000000000002
24,115,13,8,5,325
24,124,2,1,1,0
24,125,27,15,12,906.2
24,126,5,3,2,301
24,127,7,4,3,228.9
25,73,2,1,1,0
25,74,114,59,55,4884.3
25,75,103,54,49,4433.1
25,76,98,54,44,3500.5
25,77,1,0,1,0
25,79,19,10,9,823.1
25,81,5,3,2,0
25,82,42,25,17,1776.6
25,83,29,17,12,1115.5
25,84,4,1,3,0
25,85,8,5,3,262
25,87,3,1,2,0
25,88,23,10,13,995.3
25,92,35,17,18,1346
25,93,24,13,11,715.2
25,101,6,3,3,0
25,102,3,1,2,0
25,103,21,12,9,855.3
25,104,123,76,47,5336
25,105,55,30,25,2510.5
25,106,112,57,55,4107.6
25,107,60,32,28,2227.7
25,108,44,23,21,2000.5
25,109,50,26,24,1941.5
25,113,37,21,16,1937.8
25,114,616,326,290,25087.5
25,115,35,21,14,1353.8000000000002
25,124,13,8,5,529.1
25,125,80,45,35,3430.8
26,73,12,4,8,580.8
26,74,166,86,80,6618
26,75,92,48,44,3933.9
26,76,133,74,59,5665.4
26,77,26,14,12,1149.2
26,78,8,3,5,0
26,79,15,9,6,565.8
26,80,21,9,12,598.5
26,81,106,55,51,3852.3999999999996
26,82,36,19,17,1508.1
26,83,12,8,4,502.2
26,84,7,4,3,400.2
26,85,18,11,7,468
26,86,13,5,8,255
26,91,68,34,34,2630.3
26,92,208,109,99,8385.699999999999
26,93,210,115,95,8934
26,94,34,21,13,1644.1000000000001
26,98,13,9,4,477.9
26,99,16,7,9,608
26,100,9,4,5,324.9
26,103,45,26,19,2150.8
26,104,62,33,29,3007.3
26,105,32,14,18,1244.8
26,113,9,5,4,523.8
26,114,58,34,24,2354.6
26,115,27,12,15,1079.3
26,116,30,18,12,1225.8
26,117,771,413,358,26504.7
26,118,522,253,269,14616
26,119,26,16,10,965
26,120,11,7,4,393.8
26,123,16,9,7,729.6
26,124,35,20,15,1425.3
26,125,44,25,19,1743
27,74,113,59,54,4593
27,75,218,116,102,9403.5
27,76,174,93,81,6888.8
27,77,131,72,59,5533.8
27,78,35,19,16,1078
27,79,12,7,5,557.4
27,83,12,7,5,505.2
27,84,14,5,9,452
27,86,42,26,16,1594.8
27,88,31,16,15,1264.8
27,89,57,31,26,2369.7
27,90,58,31,27,2617.6
27,91,265,140,125,10256.099999999999
27,92,25,13,12,782
27,93,6,5,1,0
27,94,65,38,27,2608.8
27,95,67,35,32,2748.1
27,96,16,10,6,635.2
27,98,107,59,48,4027.4
27,99,26,12,14,960
27,100,3,1,2,0
27,103,51,27,24,2159.4
27,104,12,8,4,463
27,112,2,1,1,0
27,113,33,18,15,1355.7
27,114,51,28,23,1919
27,115,691,343,348,28841.8
27,116,1844,947,897,75924.9
27,117,99,55,44,4128
27,118,279,143,136,9899.5
27,119,92,51,41,3998.5
27,120,97,55,42,3648.3
27,121,8,4,4,182
27,122,50,25,25,1902.8999999999999
27,123,128,61,67,5207.4
27,124,49,23,26,1812.6
27,126,28,15,13,1257.2
27,127,85,47,38,4122.9
28,74,184,90,94,7555.5
28,75,324,161,163,13309.599999999999
28,76,895,447,448,30489.4
28,77,1087,550,537,35206.1
28,78,1997,1006,991,76744.7
28,79,63,35,28,2609.4
28,83,36,18,18,1125.3
28,84,41,19,22,1657.4
28,85,209,117,92,8954.099999999999
28,86,1006,493,513,40405.3
28,87,85,45,40,3146.8
28,88,18,9,9,387.2
28,89,31,17,14,1143.3000000000002
28,90,12,6,6,735.6
28,91,38,21,17,1165.4
28,92,22,13,9,663.1
28,94,13,5,8,309.4
28,95,68,37,31,2531.7
28,96,62,35,27,2702.8
28,97,380,176,204,18492
28,98,221,117,104,8915.5
28,99,1,1,0,0
28,102,17,7,10,624
28,103,48,25,23,1868.2
28,104,5,2,3,164
28,112,2,1,1,0
28,113,16,8,8,521.6
28,115,18,9,9,785.2
28,116,1245,639,606,46614.1
28,117,611,302,309,25616.1
28,118,2967,1479,1488,118974.29999999999
28,119,408,210,198,15281.300000000001
28,120,211,110,101,8603.5
28,121,67,30,37,2694.4
28,122,783,412,371,30943.399999999998
28,123,105,53,52,4344.8
28,124,70,37,33,3037.2
28,125,59,35,24,2191.8
28,126,238,127,111,9001.2
28,127,18,6,12,793.8
29,74,348,153,195,16649.7
29,75,3793,1878,1915,183179.8
29,76,536,279,257,21987.7
29,77,1672,836,836,80006.8
29,78,7133,3433,3700,326875.8
29,79,492,244,248,17950.5
29,80,49,22,27,1402.2
29,81,3,2,1,0
29,83,24,13,11,943.2
29,84,52,26,26,2334.5
29,85,125,70,55,5508.6
29,86,97,49,48,4027.8
29,87,31,18,13,1283.8
29,96,72,41,31,2995.5
29,97,442,212,230,19039.3
29,98,84,49,35,3313.3
29,99,35,18,17,1100.2
29,100,8,3,5,323.2
29,102,80,39,41,3760.8
29,103,64,35,29,2636.8
29,110,48,29,19,1824
29,111,17,9,8,632.4
29,112,7,4,3,224
29,113,4,2,2,0
29,116,127,60,67,5006
29,117,806,406,400,33900.6
29,118,3421,1701,1720,147229.69999999998
29,119,1240,612,628,48323.9
29,120,109,59,50,4772.4
29,121,53,26,27,2387
29,122,327,181,146,12853.2
29,123,171,91,80,7063.2
29,124,230,129,101,9002.6
29,125,1120,577,543,44792
29,126,156,91,65,6085.400000000001
29,127,78,40,38,2901.6000000000004
30,76,1501,742,759,61323.9
30,77,3120,1558,1562,130519.8
30,78,4720,2260,2460,203533.8
30,79,2001,1029,972,77879.5
30,80,166,90,76,6372.8
30,81,66,39,27,2210.6
30,82,60,36,24,2394.1
30,83,114,63,51,4516.9
30,84,104,54,50,4356.9
30,85,5,3,2,122
30,86,3,1,2,0
30,87,20,9,11,795.2
30,88,4,2,2,0
30,89,4,2,2,0
30,90,5,4,1,140
30,91,2,1,1,0
30,92,5,2,3,138
30,97,11,6,5,515.9
30,98,19,9,10,752.2
30,99,97,50,47,3825.2
30,100,30,16,14,1137.2
30,101,272,140,132,11967.2
30,102,987,490,497,44173.399999999994
30,103,15,7,8,418
30,110,10,4,6,354
30,111,4,2,2,0
30,115,2,1,1,0
30,116,136,76,60,5996
30,117,1753,912,841,66626.5
30,118,231,125,106,9959.3
30,124,388,195,193,16923.2
30,125,1950,946,1004,82410.8
30,126,520,255,265,23185.5
30,127,337,171,166,13169.2
31,76,245,120,125,9243.8
31,77,1364,686,678,51793
31,78,492,261,231,19616.7
31,79,75,43,32,2697.6000000000004
31,80,997,509,488,37420.5
31,81,9,5,4,255
31,82,100,51,49,3787.2
31,83,14,6,8,424
31,84,62,31,31,2727.3
31,85,46,26,20,1813.8
31,86,135,76,59,5252.5
31,87,136,79,57,5021.8
31,88,29,15,14,1144.8
31,90,34,15,19,1323.8000000000002
31,91,84,46,38,2963.3
31,92,41,21,20,2027.2
31,93,48,25,23,2156.4
31,99,7,3,4,282.1
31,100,48,22,26,1917
31,101,42,18,24,1706.8999999999999
31,102,58,28,30,2548.5
31,107,3,2,1,0
31,108,166,90,76,6744.9
31,109,21,11,10,654.6
31,110,31,18,13,1323
31,116,2650,1368,1282,101514.20000000001
31,117,4418,2151,2267,185872.40000000002
31,118,1162,596,566,41981.8
31,125,2,0,2,0
31,126,1052,537,515,41548.4
31,127,1432,742,690,59024.6
32,75,6,3,3,121.2
32,76,72,33,39,2871.5
32,77,297,153,144,13919.7
32,78,1454,708,746,58594.1
32,79,100,52,48,4461.2
32,80,165,83,82,5678.5
32,81,304,174,130,13072.400000000001
32,82,28,16,12,1071.6
32,83,61,38,23,2931
32,84,62,34,28,2579.5
32,85,5,3,2,178
32,86,100,52,48,3932.4
32,87,53,30,23,1928.6
32,88,14,7,7,359
32,89,24,15,9,917.7
32,90,58,25,33,2257.2
32,91,239,114,125,9456.8
32,92,34,18,16,1681.8
32,93,61,36,25,2242.8
32,94,101,52,49,3441.8
32,95,26,13,13,1008.8
32,99,10,6,4,284
32,100,13,9,4,358.2
32,101,25,10,15,783.3
32,102,72,37,35,3123.6000000000004
32,103,101,62,39,3791.5
32,104,388,188,200,16337.6
32,105,125,63,62,5110.9
32,106,93,48,45,3755.5
32,107,143,79,64,5495.200000000001
32,108,135,76,59,5470
32,115,128,66,62,4843.1
32,116,3064,1555,1509,119068.7
32,117,5523,2760,2763,208073.89999999997
32,118,15,7,8,516
32,126,6,3,3,345
32,127,134,75,59,6286
33,76,160,82,78,8403.1
33,77,97,54,43,4503.5
33,78,407,212,195,15842.8
33,79,89,51,38,3721.9
33,80,86,47,39,4342.5
33,81,97,56,41,4265.4
33,82,820,431,389,31121.2
33,83,80,43,37,3248.3999999999996
33,84,27,15,12,1323
33,85,29,16,13,1287.2
33,86,589,291,298,22192.2
33,87,674,347,327,25356.499999999996
33,88,44,26,18,1347.6
33,89,18,9,9,719.4
33,90,58,32,26,2009
33,91,135,66,69,5611.799999999999
33,92,18,8,10,428.4
33,93,14,7,7,734
33,94,31,15,16,980.1
33,95,571,307,264,21642
33,96,71,41,30,3026.9
33,97,58,31,27,2478.5
33,98,145,77,68,6117
33,99,55,32,23,2299.7999999999997
33,100,31,17,14,1074
33,101,106,55,51,3673.2
33,102,48,28,20,2073.4
33,103,114,67,47,4654.9
33,104,506,246,260,22718.199999999997
33,105,289,147,142,11199.599999999999
33,106,63,30,33,2748.5
33,107,47,23,24,1721.0000000000002
33,108,3,2,1,0
33,115,89,41,48,3130.5
33,116,49,25,24,1917.6
33,117,4044,2033,2011,164023.9
33,118,209,102,107,6938.8
34,76,4,3,1,0
34,77,117,66,51,4948.5
34,78,237,125,112,10896.3
34,79,1380,682,698,52920.9
34,80,845,428,417,33123.5
34,81,1676,853,823,65694.70000000001
34,82,7435,3604,3831,302705.69999999995
34,83,2553,1284,1269,93485.9
34,84,225,113,112,9032.5
34,85,19,11,8,654.3
34,86,51,25,26,1850.5
34,87,66,39,27,2715
34,88,81,42,39,3136.3
34,89,68,43,25,2848.3999999999996
34,90,44,28,16,1924.5
34,91,599,300,299,26006.3
34,92,1070,526,544,44221.600000000006
34,93,61,32,29,2111.7999999999997
34,94,123,66,57,4718.5
34,95,70,36,34,2631.8
34,96,50,28,22,2125.6
34,97,12,7,5,460.8
34,98,21,10,11,681.7
34,99,20,13,7,812
34,100,11,7,4,395
34,101,28,13,15,984.1999999999999
34,102,16,9,7,403.2
34,103,563,294,269,24236.7
34,104,9,5,4,469.8
34,105,31,16,15,1213.6
34,106,51,27,24,1483.3
34,108,4,3,1,0
34,113,25,14,11,856.8
34,114,17,9,8,474.3
34,115,274,146,128,11628.7
34,116,398,208,190,16029.4
34,117,2794,1410,1384,114561.1
35,77,137,70,67,6088.5
35,78,7,5,2,0
35,79,91,43,48,3977.6
35,80,2642,1336,1306,107529.7
35,81,5127,2485,2642,232155.1
35,82,8787,4265,4522,403402.89999999997
35,83,3626,1831,1795,139540.8
35,84,1103,568,535,38083.899999999994
35,85,452,223,229,16002.5
35,86,79,43,36,3351.9
35,87,95,48,47,4280
35,88,89,42,47,3494.7999999999997
35,89,143,75,68,5613.9
35,90,110,62,48,4466.4
35,91,840,431,409,28532.2
35,92,91,52,39,3386.6
35,94,17,9,8,413.2
35,95,51,31,20,1840
35,96,142,70,72,5219
35,97,19,10,9,612.5999999999999
35,98,42,21,21,1420.5
35,99,154,73,81,5520.900000000001
35,100,50,25,25,1885.6000000000001
35,101,103,55,48,4055.1000000000004
35,102,106,59,47,4388.3
35,103,230,125,105,8669
35,104,45,23,22,1827.8000000000002
35,105,33,15,18,1205
35,106,17,9,8,576.3
35,107,40,20,20,1737.5
35,108,62,32,30,2675.4
35,112,7,2,5,207.9
35,113,261,138,123,9959.5
35,114,3200,1546,1654,128231.5
35,115,6233,3065,3168,230080.2
35,116,4319,2068,2251,178777.4
35,117,7035,3244,3791,303914.2
35,120,9,3,6,385.2
35,122,2,1,1,0
36,78,77,38,39,3833.5
36,79,237,120,117,10838.900000000001
36,80,802,396,406,30682.2
36,81,3395,1690,1705,133027.8
36,82,3076,1519,1557,120605.1
36,83,671,344,327,25619.2
36,84,164,95,69,6891.6
36,85,47,33,14,1541.6
36,86,210,126,84,8335.6
36,87,124,75,49,4752.4
36,88,14,8,6,166.2
36,89,132,67,65,5401.200000000001
36,90,552,305,247,19221
36,91,137,72,65,5480.2
36,92,39,20,19,1101.5
36,93,19,10,9,737.9000000000001
36,94,323,158,165,12023.2
36,95,159,86,73,6477.1
36,96,101,48,53,4142.5
36,97,180,92,88,7144.8
36,98,265,140,125,9648.300000000001
36,99,97,48,49,3540.7
36,100,50,25,25,1756
36,101,5,3,2,256
36,102,99,52,47,3690.5
36,103,268,143,125,9639.6
36,106,114,62,52,3711.9
36,107,1248,564,684,63218.2
36,108,604,318,286,20716
36,109,168,88,80,6086
36,110,20,13,7,707.2
36,111,112,58,54,4593.3
36,112,23,11,12,592.5
36,113,91,46,45,3922.6000000000004
36,114,487,254,233,18418.1
36,115,2488,1250,1238,87967.5
36,116,8701,4294,4407,348360.4
36,117,1598,834,764,60792.5
36,118,3,2,1,0
36,121,12,8,4,379.2
36,122,2,1,1,0
37,78,8,4,4,360
37,79,57,34,23,2388.1000000000004
37,80,88,48,40,3722.5
37,81,169,81,88,6427.4
37,82,1042,536,506,41445.5
37,83,242,122,120,10709.4
37,84,78,41,37,2962.1000000000004
37,85,86,46,40,3239.8
37,86,546,268,278,20618.3
37,87,2225,1095,1130,96035.5
37,88,287,160,127,10354.1
37,89,71,37,34,2969.5
37,90,136,68,68,5938.799999999999
37,91,53,26,27,1972.6000000000001
37,92,186,105,81,6963.5
37,93,167,91,76,6402.8
37,94,174,94,80,6629.2
37,95,1973,940,1033,85929.9
37,96,160,78,82,5865.6
37,97,90,53,37,3589.9
37,98,232,132,100,8954.9
37,99,198,110,88,7069.1
37,100,93,48,45,4268.3
37,101,107,59,48,4428.9
37,102,1736,902,834,67088.40000000001
37,103,180,96,84,7955.2
37,104,13,7,6,763.1
37,105,221,119,102,8856.3
37,106,313,161,152,12775.7
37,107,1650,839,811,64154.6
37,108,325,174,151,11913.9
37,109,483,245,238,18137.1
37,110,875,444,431,31550.5
37,111,371,192,179,14380.699999999999
37,112,129,63,66,4713.400000000001
37,113,274,144,130,10327.4
37,114,4931,2370,2561,178991.4
37,115,8878,4615,4263,337529.4
37,116,9841,4849,4992,449499.3
37,117,1004,489,515,31346.8
37,118,125,73,52,5460.1
37,119,176,84,92,7128.8
37,120,767,378,389,31548.4
37,121,61,30,31,2555.4
37,122,136,72,64,5440.1
37,123,33,16,17,1029.6
37,126,2,0,2,0
38,81,11,4,7,663.3
38,82,50,27,23,2409.9
38,83,58,25,33,2583.6000000000004
38,84,104,53,51,4599.700000000001
38,85,493,260,233,20166.2
38,86,1115,579,536,47051.3
38,87,1639,816,823,69248.6
38,88,90,39,51,3168.6
38,89,783,407,376,28333.1
38,90,949,497,452,36341.4
38,91,73,38,35,3023.7
38,92,94,59,35,3239.4
38,93,407,205,202,15742.7
38,94,505,252,253,15689.7
38,95,118,65,53,4160.1
38,96,151,76,75,5482.3
38,97,728,366,362,29289.1
38,98,620,329,291,23610.899999999998
38,99,92,54,38,3721.1
38,100,109,62,47,4677.1
38,101,309,167,142,11791.3
38,102,1475,723,752,63502.8
38,103,1271,629,642,48808.700000000004
38,104,13,8,5,485.1
38,105,543,270,273,21168.9
38,106,1362,665,697,54414.399999999994
38,107,5,2,3,0
38,108,5,3,2,200
38,109,34,16,18,1152.8
38,110,82,42,40,3319.2000000000003
38,111,76,38,38,2907.3
38,112,1211,628,583,42734.3
38,113,1239,632,607,42112.2
38,114,3151,1615,1536,122444.70000000001
38,115,2861,1457,1404,115160.79999999999
38,116,2531,1289,1242,93375.9
38,117,1180,636,544,44152
38,118,2897,1415,1482,117385.9
38,119,323,173,150,12223.7
38,120,194,113,81,7502.9
38,121,229,117,112,9232.8
38,122,559,288,271,22568.3
38,123,370,198,172,14039.6
38,124,186,98,88,6984.299999999999
39,80,16,7,9,465.4
39,81,138,69,69,6479.1
39,82,10,5,5,115.2
39,83,97,50,47,4525.6
39,84,203,99,104,8803.9
39,85,260,130,130,10731
39,86,182,97,85,7759.5
39,87,931,485,446,26130.3
39,88,1412,717,695,49641.8
39,89,1937,958,979,76079.3
39,90,964,498,466,40435
39,91,220,116,104,8288.4
39,92,51,25,26,2155.4
39,93,86,51,35,2845
39,94,75,38,37,2718.8
39,95,251,134,117,8455.9
39,96,101,52,49,4171
39,97,79,44,35,2947.9
39,98,53,30,23,2437.2000000000003
39,99,110,57,53,4882.9
39,100,193,106,87,6975.9
39,101,3648,1786,1862,156314.6
39,102,1190,567,623,59300
39,104,106,53,53,4007.2
39,105,59,30,29,2554.3
39,113,451,232,219,17026.8
39,114,45,26,19,1777.5
39,115,216,106,110,12184.2
39,116,1364,672,692,54699.8
39,117,1032,552,480,43168.8
39,118,1277,677,600,49975.1
39,119,2209,1052,1157,97369.20000000001
39,120,3509,1761,1748,145104.5
39,121,390,198,192,13565.6
39,122,122,66,56,5801.1
39,123,89,53,36,3562.1
39,124,182,94,88,7277.200000000001
39,125,387,203,184,14080.5
39,126,77,38,39,3078.8
39,127,11,6,5,391.6
40,77,7,4,3,237.3
40,78,319,156,163,14543.2
40,79,74,37,37,3422.4
40,80,1185,586,599,53280.399999999994
40,81,1209,594,615,54691.00000000001
40,82,627,303,324,25933.7
40,83,523,267,256,24247
40,84,557,281,276,23705.4
40,85,665,328,337,24434.4
40,86,371,190,181,14998.8
40,87,1681,753,928,81392.4
40,88,2924,1432,1492,116365.70000000001
40,89,1842,949,893,76993
40,90,50,24,26,1866.8
40,91,36,19,17,1454.4
40,92,825,410,415,30415.8
40,93,54,30,24,2263.3
40,94,388,207,181,12969.1
40,95,233,119,114,8988.699999999999
40,96,86,49,37,3572.8
40,97,123,68,55,4432.6
40,98,234,122,112,8690.4
40,99,57,29,28,2100.3
40,100,103,52,51,4718
40,103,240,109,131,10206.4
40,104,184,96,88,7660.1
40,105,4,3,1,0
40,106,4,2,2,0
40,112,269,145,124,9339.199999999999
40,113,118,67,51,5052.2
40,114,97,47,50,4113
40,115,2220,1105,1115,88712
40,116,711,347,364,30111.5
40,119,465,245,220,18515.7
40,120,1020,521,499,34658.7
40,121,29,16,13,993.6
40,122,4,3,1,0
40,123,75,43,32,2996.4
40,124,726,349,377,29006.799999999996
40,125,34,22,12,1054.6
40,126,60,37,23,2192.3999999999996
40,127,99,51,48,3823.7
41,78,345,171,174,17358.699999999997
41,79,224,112,112,11430.3
41,80,33,16,17,1831.5
41,81,40,21,19,2051.6
41,82,55,26,29,2662
41,83,326,163,163,13713.3
41,84,1132,569,563,45785.7
41,85,1177,571,606,48733.2
41,86,1306,641,665,55722.8
41,87,2560,1283,1277,103420.79999999999
41,88,4442,2160,2282,182047
41,89,8664,4227,4437,362788.19999999995
41,90,3355,1661,1694,145867.5
41,91,2667,1300,1367,100365.7
41,92,1039,533,506,39312.100000000006
41,93,128,66,62,5465.2
41,94,87,47,40,3584
41,95,1139,581,558,37799.3
41,96,774,391,383,29817.2
41,97,366,178,188,14109.900000000001
41,98,391,198,193,16372.599999999999
41,99,5,3,2,0
41,104,559,285,274,22701.9
41,105,688,359,329,29448.7
41,106,78,39,39,3240.2
41,107,21,11,10,762.3
41,108,48,25,23,2261.6
41,109,39,24,15,1065.6
41,110,8,4,4,467.2
41,111,154,81,73,7666.5
41,112,760,389,371,29882.5
41,113,2,1,1,0
41,114,798,408,390,28338.9
41,115,1738,861,877,65870.9
41,116,972,461,511,38473
41,117,5,5,0,0
41,119,282,141,141,11386.5
41,120,1372,706,666,50097
41,121,39,21,18,1681.9999999999998
41,125,12,8,4,633
42,84,292,147,145,14313.6
42,85,865,432,433,37148.7
42,86,1683,840,843,71544.4
42,87,2288,1123,1165,98083.1
42,88,2672,1328,1344,114548.1
42,89,5403,2552,2851,235374.40000000002
42,90,1617,798,819,66530.1
42,91,508,260,248,18082.899999999998
42,92,109,64,45,4578.7
42,93,1386,687,699,59631.6
42,94,667,349,318,26468.6
42,95,1163,599,564,44877.4
42,96,78,36,42,2923
42,97,303,150,153,11998.4
42,98,1339,680,659,57002.8
42,99,137,65,72,6580.1
42,103,9,7,2,242.9
42,104,43,25,18,1868.9
42,105,242,121,121,12113
42,107,84,44,40,3649.2
42,108,2331,1127,1204,104647.6
42,109,1667,861,806,68770.8
42,110,21,11,10,958.3
42,111,45,25,20,2029.5
42,112,35,22,13,1512
42,113,143,68,75,6051.3
42,114,87,46,41,3171.3
42,115,1054,502,552,42359.7
42,116,1534,769,765,56278.3
42,117,35,18,17,1001
42,118,7,4,3,286.8
42,119,1265,635,630,47894.700000000004
42,120,3374,1679,1695,125000.00000000001
42,121,77,49,28,3017.2
42,127,90,53,37,4125.6
43,85,5,3,2,174
43,87,90,42,48,4797
43,88,761,370,391,31068.399999999998
43,89,4013,2004,2009,163804.4
43,90,3111,1515,1596,112642.9
43,91,552,274,278,20743.4
43,92,463,242,221,16833.8
43,93,940,455,485,43827.4
43,94,575,284,291,25702.5
43,95,222,112,110,8132.3
43,96,4026,1993,2033,166636.09999999998
43,97,11475,5693,5782,489443.5
43,98,1929,971,958,77658.7
43,99,1,1,0,0
43,103,10,6,4,323.2
43,104,56,28,28,2059.6
43,105,247,121,126,10958.7
43,106,33,16,17,1138.3
43,107,1,0,1,0
43,108,742,365,377,31288.1
43,109,22,12,10,799.1
43,110,12,5,7,458.4
43,111,25,14,11,963.8
43,112,62,33,29,2244.4
43,113,3,1,2,0
43,114,27,11,16,1038.3
43,115,926,483,443,36993
43,116,523,279,244,19967.5
43,117,1296,684,612,44976.5
43,118,1318,638,680,54267.2
43,119,1045,502,543,44780.399999999994
43,120,6472,3264,3208,242673.4
43,121,2831,1385,1446,113330
43,122,29,17,12,1092.9
43,123,5,3,2,0
43,126,32,18,14,1203.2
43,127,52,26,26,1956.3
44,90,308,155,153,12412.4
44,91,130,62,68,5337.2
44,92,40,17,23,1720
44,95,6,6,0,279
44,97,98,47,51,5041.700000000001
44,98,169,84,85,7554.3
44,103,2,1,1,0
44,104,73,36,37,2800.4
44,105,49,28,21,2029.4
44,106,8,5,3,0
44,107,81,42,39,3094.4
44,108,182,101,81,6825.3
44,109,101,57,44,4205.4
44,113,97,54,43,4002
44,114,164,91,73,6574.2
44,115,91,44,47,3445.7
44,116,2768,1419,1349,101453
44,117,1435,732,703,51969.6
44,118,2439,1216,1223,92347.4
44,119,3597,1788,1809,136055.8
44,120,7754,3780,3974,335859.9
44,121,4494,2235,2259,176586.7
44,122,1011,511,500,37333.8
44,123,132,61,71,5500.6
44,124,23,9,14,720.1
44,125,480,256,224,19363.6
44,126,416,227,189,15505.9
44,127,21,9,12,846.3
45,103,7,5,2,0
45,104,215,114,101,9938.1
45,105,12,9,3,514.8
45,109,26,13,13,1125.4
45,110,13,7,6,633.4
45,111,111,56,55,4066.5
45,112,1545,750,795,67272.3
45,113,1982,1036,946,72853.5
45,114,474,253,221,17686.7
45,115,53,24,29,2615
45,116,1773,875,898,67129.09999999999
45,117,3898,1936,1962,164228.8
45,118,2220,1155,1065,84060.00000000001
45,119,2642,1310,1332,103577.59999999999
45,120,985,475,510,44711.399999999994
45,121,3303,1647,1656,128400.19999999998
45,122,4656,2336,2320,186599.8
45,123,5206,2618,2588,198620.8
45,124,4961,2522,2439,175930.7
45,125,5662,2768,2894,228120.4
45,126,3752,1783,1969,168860
45,127,2884,1503,1381,99755.20000000001
46,97,2,1,1,0
46,104,954,478,476,44586.7
46,105,192,96,96,6898.8
46,106,26,13,13,982.8
46,111,1677,828,849,64490.700000000004
46,112,525,256,269,25172.3
46,113,88,44,44,4602.4
46,114,102,46,56,4032.8
46,116,88,46,42,3859.3
46,120,110,61,49,4477
46,121,170,91,79,7665.5
46,122,4901,2452,2449,195740.5
46,123,7303,3593,3710,311030.2
46,124,7754,3793,3961,318048.6
46,125,5366,2601,2765,224908
46,126,6118,3005,3113,232735.1
46,127,2087,1082,1005,81504
47,97,6,1,5,238.8
47,98,2917,1392,1525,127938.3
47,99,293,120,173,16847.5
47,104,98,50,48,4655
47,105,1257,641,616,52755.3
47,106,139,70,69,5904.7
47,107,15,9,6,402.6
47,108,1,1,0,0
47,109,33,17,16,1487.7
47,110,98,48,50,4232.5
47,111,49,28,21,1818.9
47,115,12,7,5,570.9
47,116,17,9,8,883.5
47,121,37,17,20,1565.1
47,122,730,379,351,25493
47,123,836,410,426,36839.9
47,124,8850,4451,4399,331503.4
47,125,4243,2084,2159,162203.8
47,126,68,38,30,2393.3
47,127,6,4,2,0
48,92,482,251,231,21047
48,93,86,44,42,4008.9
48,94,184,95,89,7326
48,95,513,249,264,22680.9
48,96,717,363,354,29276.199999999997
48,97,2242,1084,1158,107148.8
48,98,8378,4136,4242,355548.2
48,99,200,108,92,8371.9
48,100,92,46,46,4012.4
48,101,8,6,2,494.4
48,105,125,62,63,6262.5
48,106,242,111,131,12167.3
48,107,11,4,7,432.8
48,108,4,3,1,0
48,109,54,29,25,2003.4
48,110,734,349,385,35631.7
48,111,1488,722,766,71944
48,112,56,26,30,2517.2
48,113,112,55,57,5517.8
48,114,553,293,260,20837.399999999998
48,115,2144,1052,1092,79904.40000000001
48,116,231,119,112,10285.9
48,117,326,152,174,13813.2
48,118,439,227,212,18577.5
48,121,2,1,1,0
48,122,77,37,40,2737.5
48,123,1884,883,1001,82881
48,124,8943,4540,4403,345188.8
48,125,10015,4935,5080,414888.69999999995
48,126,3071,1510,1561,119474.6
48,127,107,62,45,4956
49,91,363,190,173,14723.5
49,92,722,359,363,30874.300000000003
49,93,49,28,21,1711.2999999999997
49,94,124,62,62,5286.2
49,95,916,464,452,33397.6
49,96,2483,1212,1271,98867.5
49,97,9318,4623,4695,378416.2
49,98,7403,3695,3708,316972.3
49,99,2492,1256,1236,97326.1
49,100,168,89,79,6463.799999999999
49,101,657,320,337,25185.199999999997
49,102,628,295,333,30714.6
49,103,122,59,63,6334.5
49,104,18,8,10,646.9
49,105,15,9,6,755.2
49,106,148,75,73,5852.7
49,107,266,141,125,12015.5
49,108,25,10,15,932
49,109,194,101,93,8611.1
49,110,4935,2410,2525,198872.59999999998
49,111,4758,2316,2442,206059.8
49,112,1276,633,643,52037.8
49,113,122,64,58,5476.8
49,114,48,30,18,1453.5
49,115,327,162,165,13452
49,116,20,11,9,504.6
49,117,42,21,21,1793.9
49,118,894,454,440,32671.4
49,119,882,447,435,34795.5
49,120,1453,672,781,69492.4
49,122,453,228,225,17145
49,123,7245,3567,3678,272505.5
49,124,7541,3854,3687,288451.7
49,125,10693,5350,5343,398685.6
49,126,11141,5359,5782,443512.5
49,127,1610,794,816,79760.8
50,86,2,1,1,0
50,87,693,339,354,30586.1
50,88,711,360,351,28880.4
50,89,258,134,124,12440.2
50,90,49,27,22,1950.2
50,91,20,14,6,788.8
50,92,282,143,139,12546.4
50,93,97,52,45,4206.5
50,94,409,210,199,16204.8
50,95,200,108,92,7927.9
50,96,422,229,193,16756.9
50,97,395,208,187,14621.7
50,98,448,215,233,15808.4
50,99,1445,703,742,54387.8
50,100,1123,567,556,40428.2
50,101,1032,501,531,40565.100000000006
50,102,2423,1209,1214,91831.8
50,103,2083,1006,1077,88216.20000000001
50,104,157,82,75,7058.900000000001
50,105,42,20,22,1609.8000000000002
50,106,386,201,185,16325.5
50,107,1975,992,983,66546.7
50,108,30,18,12,1247.4
50,109,86,50,36,3661.7
50,110,128,64,64,5448.2
50,111,115,65,50,4428.8
50,112,413,208,205,14539.4
50,113,61,37,24,2675.7
50,114,103,56,47,3919.5
50,115,75,38,37,3182.9000000000005
50,116,137,64,73,6245.599999999999
50,117,113,65,48,4070.5
50,118,177,85,92,7204.5
50,119,67,33,34,2632.8
50,120,860,419,441,39452.7
50,121,5859,2853,3006,223193.8
50,122,889,431,458,37560.1
50,123,14,7,7,869.4
50,124,986,501,485,46523.899999999994
50,125,14998,7392,7606,613888.1000000001
50,126,15459,7449,8010,627155.7
50,127,11039,5373,5666,441755.30000000005
51,85,83,41,42,3763.8
51,86,110,62,48,4433
51,87,70,37,33,3225.4
51,88,1326,652,674,47971.4
51,89,886,437,449,35904.299999999996
51,90,2023,1011,1012,81491.20000000001
51,91,32,17,15,1096.8
51,92,42,26,16,1614.6
51,93,96,41,55,3258.2
51,94,1616,790,826,70858.7
51,95,1191,600,591,50626.1
51,96,26,15,11,927.2
51,97,4,1,3,0
51,98,11,6,5,465.3
51,99,29,16,13,1228.6
51,100,2,1,1,0
51,101,4,2,2,0
51,102,62,35,27,2864.2
51,103,414,215,199,16477.1
51,104,719,366,353,23736
51,105,327,172,155,11314.8
51,106,513,249,264,17361.5
51,107,725,386,339,27002.1
51,108,538,290,248,21164.4
51,109,63,29,34,2434.6000000000004
51,110,260,134,126,9731.3
51,111,136,73,63,4904.4
51,112,280,152,128,10592.2
51,113,25,14,11,1194.3
51,114,169,93,76,6831.4
51,115,271,142,129,11434.2
51,116,214,102,112,9103.2
51,117,360,178,182,16592.2
51,118,371,193,178,14489.1
51,119,393,212,181,15539.1
51,120,2818,1371,1447,104077
51,121,406,196,210,15103.2
51,123,435,220,215,18097.8
51,124,4116,1993,2123,174510.2
51,125,17924,8645,9279,723053
51,126,13047,6360,6687,490708.5
51,127,6478,3200,3278,259057.40000000002
52,83,1,1,0,0
52,84,605,293,312,25074.8
52,85,178,93,85,8139.999999999999
52,86,93,55,38,4054.5999999999995
52,87,96,49,47,4027.2999999999997
52,88,120,58,62,5531.2
52,89,126,63,63,5657.3
52,90,61,35,26,2458.6
52,91,334,167,167,14985.1
52,92,97,44,53,4433
52,93,104,60,44,4477
52,94,427,220,207,18079.7
52,95,47,27,20,1890.9
52,96,7,5,2,0
52,97,6,4,2,250.2
52,98,81,52,29,3219.2
52,99,1459,752,707,51024.7
52,100,72,35,37,2753.2
52,101,7,3,4,0
52,102,40,23,17,1981.8
52,103,71,40,31,2785.9999999999995
52,104,61,36,25,2714.7
52,105,95,51,44,4448.2
52,106,61,30,31,2257.6
52,107,3374,1652,1722,135686.7
52,108,648,331,317,25389.100000000002
52,109,64,33,31,2633.8
52,110,1443,710,733,43398.4
52,111,197,109,88,7224.8
52,112,161,87,74,6236.4
52,113,141,74,67,5478.4
52,114,2498,1279,1219,94746.2
52,115,852,442,410,29446
52,116,40,23,17,1721.3
52,117,272,134,138,11714.8
52,118,18,7,11,834.4
52,119,14,8,6,480
52,123,1,0,1,0
52,124,13838,7112,6726,538545.8
52,125,55971,27492,28479,2096712
52,126,10927,5516,5411,398280.5
52,127,6317,3100,3217,216329.99999999997
53,78,304,151,153,15180.300000000001
53,79,540,272,268,24843.6
53,80,52,26,26,3148.6000000000004
53,83,426,219,207,19384.899999999998
53,84,635,323,312,27618.699999999997
53,85,234,119,115,10014.8
53,86,40,18,22,1738
53,87,139,79,60,4925.7
53,88,136,67,69,5246.8
53,89,18,9,9,631.5
53,90,5,1,4,0
53,91,22,11,11,783.4
53,92,60,27,33,2432.2
53,93,182,98,84,7942.2
53,94,133,64,69,6041.5
53,96,5,3,2,0
53,97,42,20,22,1084.8
53,98,53,30,23,2118.9
53,99,426,214,212,17827.2
53,100,1,0,1,0
53,101,46,32,14,1847.6000000000001
53,102,59,34,25,2409.6
53,103,7,3,4,0
53,104,92,50,42,3588.5
53,105,101,57,44,4040.5
53,106,288,138,150,8440.3
53,107,39,19,20,1063.7
53,108,62,39,23,2584.9
53,109,527,268,259,19641
53,110,5929,2907,3022,233084.09999999998
53,111,1235,613,622,48207.6
53,112,301,159,142,10672
53,113,1145,569,576,47465.2
53,114,139,83,56,4480.3
53,115,1337,698,639,44050.2
53,116,88,47,41,3358.3999999999996
53,117,447,229,218,15371
53,118,1858,900,958,75081.09999999999
53,119,4200,2064,2136,157871
53,120,3238,1557,1681,129564
53,121,890,444,446,39578.5
53,122,3587,1786,1801,144627.7
53,123,2747,1419,1328,106606.3
53,124,36892,19877,17015,1227799
53,125,63545,31808,31737,2181921.4
53,126,29816,14622,15194,1058780.2
53,127,9218,4622,4596,355910.20000000007
54,77,20,9,11,846.6
54,78,200,106,94,8704.6
54,79,341,181,160,14871.6
54,80,23,11,12,984.4
54,83,30,16,14,1225
54,84,3257,1620,1637,126411.20000000001
54,85,1576,799,777,63478.5
54,86,295,151,144,13362.5
54,87,119,59,60,5444
54,88,60,28,32,2504.8
54,89,56,28,28,2603.2
54,90,67,39,28,3021.8
54,91,78,38,40,3287.7
54,92,83,45,38,3402.8
54,93,2119,1085,1034,95956
54,94,18,10,8,896.4
54,97,24,15,9,1179.3000000000002
54,98,120,63,57,5549.9
54,99,52,28,24,1685.2
54,100,293,147,146,10146.5
54,101,933,483,450,31929.6
54,102,109,60,49,4160.7
54,103,32,18,14,1552.5
54,104,570,299,271,22716.199999999997
54,105,53,30,23,2423
54,106,57,32,25,2478.6000000000004
54,107,66,38,28,2563.2
54,108,56,30,26,2368.2
54,109,826,418,408,31140.6
54,110,1120,571,549,42998.00000000001
54,111,392,191,201,14575.1
54,112,94,51,43,3790
54,113,7608,3788,3820,300398.7
54,114,2535,1247,1288,96359.09999999999
54,115,3205,1646,1559,121662.4
54,116,6425,3205,3220,250772.7
54,117,3246,1641,1605,120544.80000000002
54,118,8724,4252,4472,369157
54,119,8295,4162,4133,329305.19999999995
54,120,13752,6762,6990,515282.69999999995
54,121,13794,6794,7000,541538.6
54,122,18382,8850,9532,735707.6
54,123,15548,7628,7920,589830.5
54,124,28729,14378,14351,1030612.9
54,125,29091,15058,14033,977701.4999999999
54,126,21118,10495,10623,781407
54,127,8862,4386,4476,349225.2
55,75,105,53,52,5323.5
55,76,126,75,51,5770.3
55,77,711,354,357,28665.9
55,78,208,112,96,10349.6
55,79,340,177,163,13597
55,80,3,1,2,0
55,81,303,151,152,13048.9
55,82,519,269,250,16948.1
55,83,912,473,439,33552.8
55,84,3163,1507,1656,134106.90000000002
55,85,6241,3098,3143,265659.3
55,86,6071,2945,3126,253420.7
55,87,2139,1090,1049,74334.9
55,88,200,106,94,8356.5
55,89,109,59,50,3873
55,90,63,34,29,2794.2
55,91,96,50,46,3550.2
55,92,162,89,73,6747.6
55,93,163,89,74,7094.599999999999
55,94,9,5,4,262.8
55,96,3,2,1,0
55,97,3,2,1,0
55,98,12,7,5,305.2
55,99,8,3,5,0
55,100,305,150,155,12416.300000000001
55,101,168,89,79,7538.2
55,103,3,2,1,0
55,104,63,37,26,2566.1
55,105,131,68,63,5153.200000000001
55,106,34,17,17,1263.8
55,107,38,15,23,1155.6
55,108,57,32,25,1852
55,109,90,52,38,3948.7
55,110,104,51,53,3263.8
55,111,233,129,104,7496.8
55,112,540,267,273,20230.2
55,113,3394,1687,1707,141001.6
55,114,529,246,283,22938.300000000003
55,115,4285,2126,2159,175350.5
55,116,3242,1603,1639,108091.8
55,117,5,3,2,207
55,118,3,3,0,0
55,119,6814,3444,3370,220152.80000000002
55,120,7404,3746,3658,246862.5
55,121,8030,3972,4058,306176.5
55,122,14352,6805,7547,572098.6
55,123,18444,8888,9556,711321
55,124,13536,6666,6870,537335.3
55,125,5868,3075,2793,212201.2
55,126,14881,7295,7586,544714.1
55,127,2,1,1,0
56,75,53,23,30,2724.2
56,76,64,35,29,2844
56,77,7,3,4,234
56,78,9,4,5,497.7
56,80,2,1,1,0
56,81,200,93,107,9164.900000000001
56,82,104,56,48,3684.8
56,83,543,274,269,22519.1
56,84,4075,1911,2164,177958
56,85,10413,5154,5259,455392.8
56,86,4669,2337,2332,197804.80000000002
56,87,325,184,141,12975.699999999999
56,88,52,27,25,2256
56,89,28,13,15,1184.2
56,90,67,35,32,3402.8
56,91,109,55,54,4039.2000000000003
56,92,842,451,391,31634.899999999998
56,93,161,90,71,5633.200000000001
56,94,16,8,8,780.2
56,97,7,4,3,363
56,98,5,3,2,0
56,99,8,4,4,109
56,100,92,49,43,3797.6
56,101,1,0,1,0
56,102,11,7,4,448
56,104,8,4,4,113
56,105,4,2,2,0
56,106,43,24,19,1636.9
56,107,143,73,70,5759.200000000001
56,108,25,15,10,1044
56,109,59,37,22,2396
56,110,63,34,29,2605.5
56,111,1095,577,518,39692.9
56,112,79,46,33,3113.6000000000004
56,113,82,50,32,3320.7
56,114,54,29,25,2311.5
56,115,51,28,23,1862.7
56,116,124,60,64,4908
56,117,1350,673,677,52709.100000000006
56,118,258,138,120,10996.6
56,119,188,102,86,8081.8
56,120,93,58,35,3519
56,122,812,378,434,32598
56,123,2739,1341,1398,103927
56,124,8507,4230,4277,325152
56,125,10462,5302,5160,380096.4
56,126,14084,6893,7191,518821.5
56,127,6512,3294,3218,252588.5
57,74,17,7,10,996.2
57,75,77,44,33,3679
57,76,62,32,30,2630
57,77,46,26,20,1621.5
57,78,8,4,4,480.9
57,84,426,219,207,16871.2
57,85,4219,2005,2214,179720.80000000002
57,86,6938,3499,3439,267673.2
57,87,2546,1231,1315,109347.1
57,88,566,281,285,23293.2
57,89,140,72,68,5210.8
57,90,261,130,131,9974.699999999999
57,91,274,145,129,11543.3
57,92,90,52,38,3841.8
57,93,20,11,9,771.5
57,94,42,26,16,1558
57,96,5,3,2,273
57,97,20,11,9,609
57,98,30,14,16,1181.6
57,99,25,13,12,1038.8
57,100,43,20,23,1202.5
57,101,15,8,7,399.8
57,102,25,12,13,1103.5
57,104,6,4,2,79.8
57,106,15,10,5,747
57,107,105,53,52,4400.4
57,108,128,73,55,4860.9
57,109,51,33,18,2405.2
57,110,584,290,294,21078.300000000003
57,111,46,29,17,1849.5
57,112,37,21,16,1361.7
57,113,33,15,18,1146.9
57,114,94,48,46,3819.0999999999995
57,115,206,110,96,8070.4
57,116,489,273,216,19018.8
57,117,286,149,137,10390
57,118,41,25,16,1615.4
57,119,103,60,43,4411.3
57,123,6,2,4,216
57,124,23,12,11,842.1
57,125,8572,4333,4239,325367.7
57,126,16266,8190,8076,592461.7999999999
57,127,9898,4903,4995,390391.2
58,72,4,2,2,0
58,73,17,10,7,852.8
58,74,549,269,280,28779.3
58,75,381,187,194,18637.5
58,76,83,36,47,3602.2
58,77,47,23,24,2245.3999999999996
58,78,14,8,6,603.4
58,81,36,20,16,1426
58,82,141,69,72,5838.7
58,83,346,166,180,14580.7
58,84,255,134,121,10712.3
58,85,2309,1160,1149,87857.1
58,86,3114,1562,1552,119239.40000000001
58,87,1854,933,921,71713.3
58,88,2828,1442,1386,109110.2
58,89,357,184,173,14944.8
58,90,149,77,72,5926.299999999999
58,91,290,145,145,12181
58,92,10,6,4,400
58,93,39,20,19,1186.8
58,96,130,67,63,5243.7
58,97,462,219,243,17104.7
58,98,7,3,4,0
58,99,57,32,25,2172.1
58,100,5,1,4,242
58,101,14,6,8,256.9
58,102,12,8,4,392.4
58,104,11,5,6,180
58,106,2,1,1,0
58,107,36,23,13,1415.5
58,108,101,47,54,4246.2
58,109,91,52,39,3895.3
58,110,48,24,24,1821.3
58,111,17,8,9,751.4
58,114,56,31,25,2226.9
58,115,22,13,9,843.2
58,116,80,42,38,2973.2
58,117,209,114,95,9711.1
58,119,1,0,1,0
58,123,30,14,16,1079.3
58,124,9868,4997,4871,380152.8
58,125,10553,5295,5258,421248.4
58,126,12919,6522,6397,502111.8
58,127,14073,7032,7041,533060.4
59,73,18,11,7,876.6
59,74,87,45,42,4648
59,75,1,1,0,0
59,76,38,20,18,2054.1
59,77,35,20,15,1686.7
59,81,22,14,8,818.9
59,82,55,32,23,2300.2999999999997
59,83,599,300,299,23287.199999999997
59,84,49,26,23,2095.2999999999997
59,85,747,374,373,29091.5
59,86,48,24,24,1664.6999999999998
59,87,303,160,143,11984.3
59,88,6742,3405,3337,269590.7
59,89,3071,1564,1507,118936
59,90,324,159,165,12641.6
59,91,23,9,14,445.5
59,92,12,9,3,453
59,93,33,19,14,1370.4
59,96,78,35,43,2622.8
59,97,44,21,23,1512
59,98,53,23,30,2638
59,99,7,4,3,280.7
59,100,16,8,8,724.5
59,101,19,9,10,855
59,102,16,9,7,269
59,103,17,9,8,884.7
59,104,18,11,7,685.6
59,105,9,7,2,161
59,106,15,7,8,589.2
59,107,179,85,94,8804.4
59,108,678,350,328,23862.399999999998
59,109,386,214,172,11734.6
59,110,1750,885,865,67907.09999999999
59,111,17,9,8,559
59,113,9,4,5,344.7
59,114,610,314,296,22889
59,115,274,150,124,10877.7
59,116,132,93,39,4649.5
59,117,15,5,10,643
59,118,2,0,2,0
59,122,26,15,11,1043.2
59,123,92,42,50,3828.2999999999997
59,124,7341,3633,3708,290200.69999999995
59,125,7530,3828,3702,294247.6
59,126,3077,1546,1531,110309.3
59,127,317,194,123,12438.199999999999
60,74,6,3,3,314
60,75,3,2,1,0
60,82,57,31,26,2428
60,83,86,47,39,3229.4
60,84,129,66,63,5760.7
60,85,523,286,237,20453.9
60,86,84,45,39,3411.8
60,87,819,433,386,31752.300000000003
60,88,4080,2056,2024,158099.7
60,89,4393,2117,2276,174442.3
60,90,149,77,72,5850.9
60,91,35,19,16,1444
60,92,61,30,31,2582.7000000000003
60,93,27,14,13,1087.9
60,94,1,1,0,0
60,96,39,22,17,1368
60,97,37,22,15,1180
60,98,11,7,4,592
60,100,2,2,0,0
60,101,18,10,8,758.1
60,104,60,37,23,2762
60,105,83,43,40,3295
60,106,27,15,12,1229
60,107,767,387,380,27083.4
60,108,541,267,274,22146.4
60,109,28,16,12,1268.9
60,110,47,26,21,2065.7
60,111,154,88,66,6226.200000000001
60,112,35,17,18,1603.9
60,113,1068,541,527,45408.2
60,114,1657,843,814,64242.7
60,115,2,2,0,0
60,117,4,2,2,0
60,124,92,48,44,4481
60,125,9335,4709,4626,347715.7
60,126,12585,6310,6275,488916.5
60,127,5590,2728,2862,212332.6
61,80,6,3,3,240
61,81,135,70,65,6162.5
61,82,211,111,100,8922.2
61,83,41,23,18,1459
61,84,99,47,52,3989.5
61,85,20,8,12,715.2
61,86,29,15,14,1416.3
61,87,1472,768,704,55590.399999999994
61,88,3279,1675,1604,139426.5
61,89,7339,3486,3853,330990.8
61,90,2323,1160,1163,98794.20000000001
61,91,43,20,23,2027.5
61,92,40,23,17,1677.4
61,93,6,4,2,171
61,94,18,11,7,738.6
61,95,7,4,3,436.8
61,96,16,9,7,456
61,97,101,51,50,4368.7
61,99,16,8,8,784.6
61,100,93,52,41,3714.2
61,101,84,48,36,2592.3
61,102,7,3,4,167.3
61,103,49,28,21,1918.7
61,104,145,80,65,5912.799999999999
61,105,61,28,33,1900.1
61,106,919,476,443,31308.7
61,107,3245,1569,1676,140184.1
61,108,48,25,23,1822.1999999999998
61,109,34,18,16,1523.6999999999998
61,110,14,9,5,600.6
61,111,43,23,20,2026.7
61,112,14,7,7,578.5
61,113,821,386,435,29572.2
61,114,333,166,167,11151.3
61,124,128,70,58,4531.2
61,125,7041,3496,3545,278648.69999999995
61,126,11672,5864,5808,506956.6
61,127,3648,1859,1789,130200.20000000001
62,80,4,1,3,0
62,81,35,22,13,1394
62,82,177,92,85,7544.700000000001
62,83,280,143,137,12014.099999999999
62,84,319,163,156,12767.4
62,85,57,29,28,2921
62,86,77,46,31,2986.7
62,87,2841,1387,1454,119178.7
62,88,3475,1725,1750,135315.1
62,89,2325,1159,1166,95890
62,90,840,416,424,34252.200000000004
62,91,112,60,52,4235
62,92,98,56,42,4245.900000000001
62,93,38,19,19,1521.7
62,94,266,137,129,9063.6
62,95,18,10,8,490
62,96,15,10,5,414
62,97,45,24,21,1810.3
62,98,97,49,48,3645.2
62,99,54,31,23,2275.4
62,100,60,31,29,1822.7
62,101,63,30,33,2421.6
62,102,89,44,45,3399.6000000000004
62,103,90,48,42,3613.8
62,104,25,13,12,1093.2
62,105,653,340,313,22744
62,106,1267,647,620,46439.299999999996
62,107,83,38,45,2704
62,108,76,41,35,2893.6
62,109,88,48,40,3117.5
62,110,45,25,20,1608.5
62,111,22,10,12,841.2
62,112,41,22,19,1593
62,113,151,82,69,6556.900000000001
62,114,16,8,8,702.2
62,115,3,3,0,0
62,116,26,14,12,1022.4
62,120,144,73,71,5932.8
62,121,980,511,469,36190.8
62,122,157,87,70,6152.4
62,123,2289,1124,1165,68624.6
62,124,949,498,451,39375.7
62,125,2165,1116,1049,80108.79999999999
62,126,4452,2257,2195,168369.59999999998
62,127,615,308,307,22429
63,78,94,45,49,4744.1
63,79,16,9,7,447.2
63,80,53,28,25,2449.3
63,81,113,60,53,4401.1
63,82,32,15,17,1462.6
63,83,293,159,134,12551.300000000001
63,84,1472,754,718,56397.200000000004
63,85,236,118,118,8601.4
63,86,682,360,322,29184
63,87,2242,1085,1157,90059.6
63,88,1680,872,808,59478.8
63,89,43,21,22,1537.6
63,90,33,16,17,1224.5
63,91,27,13,14,1170
63,92,334,166,168,13012.000000000002
63,93,63,34,29,2052.2
63,94,139,69,70,5382.700000000001
63,95,38,24,14,1593.4
63,96,39,21,18,1269.9
63,97,143,75,68,5933.3
63,98,181,97,84,6308.6
63,99,1791,862,929,74315.19999999998
63,100,81,43,38,2888.8
63,101,85,42,43,3497
63,102,163,91,72,6441.5
63,103,147,73,74,5373.4
63,104,171,95,76,7126.5
63,105,5063,2429,2634,225545
63,106,769,389,380,31343.300000000003
63,107,70,35,35,2511.9
63,108,151,79,72,5403.5
63,109,61,33,28,2629.7999999999997
63,110,49,29,20,1712.9
63,111,4,1,3,0
63,112,21,11,10,909
63,113,31,19,12,976.9000000000001
63,114,44,19,25,1902.4
63,115,524,260,264,23090.100000000002
63,116,256,127,129,9804.7
63,119,2727,1385,1342,100323.8
63,120,40,18,22,1486.9
63,122,26,15,11,679.8
63,123,259,139,120,9451.2
63,124,325,172,153,12539.2
63,125,838,433,405,31759.2
63,126,231,134,97,9254.699999999999
63,127,66,32,34,2525.2
64,78,470,243,227,18976.5
64,79,34,19,15,1257.6
64,80,55,29,26,2353
64,81,160,90,70,6438.4
64,82,39,19,20,1346.5
64,83,45,20,25,1624
64,84,77,37,40,2742.7000000000003
64,85,35,17,18,1478.3
64,86,65,35,30,2313.4
64,87,65,34,31,2489.6
64,88,5,3,2,0
64,89,455,240,215,16433.1
64,90,426,217,209,16307.900000000001
64,91,39,19,20,1610
64,92,13,8,5,324
64,93,93,56,37,3798
64,94,111,60,51,4374.8
64,95,13,6,7,519.3
64,96,38,17,21,1522.5
64,97,28,17,11,974.9000000000001
64,98,66,34,32,2497.8
64,99,139,71,68,5023.6
64,100,104,52,52,3953.2999999999997
64,101,180,99,81,6778.9
64,102,52,24,28,1914
64,103,78,46,32,3741
64,104,279,128,151,11096.5
64,105,4138,2034,2104,167663.09999999998
64,106,2801,1416,1385,111858.4
64,107,104,59,45,4215
64,108,24,11,13,623.3
64,109,18,9,9,628.2
64,110,40,24,16,1678.4
64,111,1,1,0,0
64,112,66,38,28,2408
64,113,47,23,24,1748.1000000000001
64,114,146,81,65,5743.599999999999
64,115,316,160,156,13270.699999999999
64,116,99,55,44,3788.6
64,117,85,44,41,3387.9
64,118,135,72,63,6076.8
64,119,1031,529,502,37433.5
64,123,73,40,33,2607.8
64,124,2398,1203,1195,105522.7
64,125,2894,1448,1446,107129
64,126,21,11,10,859.2
64,127,30,16,14,1289.6
65,78,42,22,20,1948.7
65,79,136,67,69,5256.2
65,80,80,46,34,3129.5
65,81,55,27,28,2582
65,82,35,18,17,1433.8
65,84,27,14,13,1234.2
65,85,31,14,17,1170.8
65,87,16,10,6,631.8
65,88,15,9,6,511
65,89,18,9,9,839.7
65,90,11,6,5,586.8
65,91,32,17,15,1190.5
65,92,32,19,13,919.2
65,93,13,7,6,426.6
65,94,48,19,29,1905.3
65,95,21,9,12,666
65,96,38,21,17,1486.6
65,97,82,43,39,3127.3
65,98,49,26,23,1649.5
65,99,71,35,36,3036.5
65,100,104,56,48,4451.9
65,101,28,12,16,1068.6
65,102,76,41,35,3586.5
65,103,56,27,29,2336.5
65,104,34,20,14,1401.6
65,105,87,51,36,3558.7
65,106,29,15,14,864.8
65,107,65,36,29,2909.2999999999997
65,108,124,64,60,5295.6
65,109,71,35,36,2000.1
65,110,33,19,14,1525.2
65,111,24,16,8,872
65,112,44,21,23,1564.1999999999998
65,113,25,10,15,960.1999999999999
65,114,19,12,7,896.5
65,115,38,17,21,1471
65,116,9,3,6,223.3
65,117,62,34,28,2579.2
65,118,14,7,7,488.4
65,121,8,3,5,381
65,122,143,72,71,6098.700000000001
65,123,104,54,50,4161.4
65,124,2002,1015,987,72715.2
65,125,437,242,195,17966
65,126,52,27,25,2074.6000000000004
65,127,3,2,1,0
66,79,832,438,394,33095.399999999994
66,80,36,23,13,1411.4
66,81,38,18,20,1667.5
66,82,11,5,6,663
66,83,51,28,23,2031.1
66,84,56,33,23,1847.2
66,85,6,3,3,178.2
66,86,9,6,3,207.9
66,87,9,5,4,431.1
66,88,18,11,7,673.5
66,89,7,4,3,284.9
66,91,6,1,5,282
66,92,31,18,13,1056.9
66,93,59,29,30,2144.3
66,94,20,13,7,910.4
66,95,5,4,1,137
66,96,29,13,16,976.6
66,97,87,49,38,2918.3999999999996
66,98,41,25,16,1438.1
66,99,106,54,52,3806.4
66,100,77,37,40,2974.7
66,101,93,46,47,3831.8999999999996
66,102,66,37,29,2425.6000000000004
66,103,52,33,19,2337.3
66,104,42,26,16,1333.6
66,105,839,443,396,34771.9
66,106,77,41,36,3168.7
66,107,16,10,6,497
66,108,15,6,9,474.1
66,109,19,11,8,671.4
66,110,24,12,12,686.5
66,111,42,22,20,1525.6999999999998
66,112,29,16,13,1275.3
66,113,7,4,3,129
66,114,5,3,2,142
66,115,23,11,12,863.3
66,116,18,13,5,814.8
66,117,35,21,14,1460.9
66,118,2,1,1,0
66,119,64,40,24,2268
66,120,272,141,131,12208
66,121,418,211,207,16061.400000000001
66,122,471,251,220,16627.2
66,124,71,41,30,3212.3
66,125,203,106,97,7737.4
66,126,213,112,101,8183.3
66,127,938,454,484,32728.3
67,79,562,293,269,23766.399999999998
67,80,1554,794,760,63526.9
67,81,29,15,14,764.6
67,82,58,33,25,2711.7999999999997
67,83,91,50,41,3716.5000000000005
67,84,14,6,8,493.9
67,85,21,13,8,814.5
67,86,11,7,4,369
67,87,9,5,4,0
67,88,12,7,5,513.6
67,90,7,4,3,293.3
67,91,4,2,2,0
67,92,26,16,10,797.7
67,93,38,18,20,1320
67,94,57,32,25,2303.1
67,95,40,19,21,1474.6000000000001
67,96,298,149,149,10791.6
67,97,1208,591,617,49098.7
67,98,61,36,25,2193.8
67,99,43,22,21,1873.2
67,100,55,30,25,2197.5
67,101,273,134,139,10082.800000000001
67,102,86,50,36,3430
67,103,669,337,332,26127
67,104,338,153,185,18121.9
67,105,14,9,5,493.9
67,106,49,26,23,2151.2
67,107,84,45,39,3117.8999999999996
67,108,115,57,58,4981.7
67,109,76,40,36,3125.2
67,110,116,57,59,4099.4
67,111,355,176,179,15538.6
67,112,480,249,231,19535
67,113,104,51,53,4932.1
67,114,93,50,43,3895.6
67,115,81,46,35,3962.8
67,116,89,45,44,3779.6
67,117,104,63,41,4310.400000000001
67,118,6,3,3,0
67,119,26,13,13,744
67,120,27,15,12,1293.6
67,121,145,79,66,6015.9
67,122,12,6,6,513.6
67,126,372,179,193,11643.6
67,127,3477,1694,1783,142821.30000000002
68,76,5,2,3,287
68,77,112,55,57,4798.4
68,78,768,407,361,28355.5
68,79,6262,3136,3126,276431.19999999995
68,80,7026,3419,3607,296702.5
68,81,1278,656,622,43366.8
68,82,87,44,43,3532.5
68,83,32,16,16,1165.7
68,85,9,4,5,336.6
68,86,10,5,5,280.8
68,87,6,2,4,214.8
68,89,4,3,1,0
68,90,2,1,1,0
68,91,15,9,6,309.4
68,92,39,17,22,1301.5
68,93,19,9,10,580.2
68,94,8,6,2,0
68,95,402,197,205,15788
68,96,2458,1204,1254,113771.7
68,97,300,151,149,12121.6
68,98,45,24,21,2137.7
68,99,74,36,38,2823.3999999999996
68,100,33,17,16,1267.1
68,101,381,198,183,13929.8
68,102,69,39,30,3083.4
68,103,3534,1704,1830,160051.8
68,104,2126,1063,1063,83574.1
68,105,54,33,21,2360.5
68,106,52,28,24,1798.5
68,107,115,60,55,4407.5
68,108,1992,971,1021,87098
68,109,60,34,26,2428.7
68,110,68,36,32,2454.2
68,111,53,27,26,1965
68,112,157,83,74,6555.5
68,113,20,9,11,673.2
68,115,10,6,4,398
68,120,9,5,4,450
68,121,36,22,14,1537
68,124,7,5,2,417.2
68,125,11,6,5,527.2
68,127,178,95,83,6699.6
69,73,26,15,11,926.2
69,74,99,52,47,4900.5
69,75,76,43,33,2948
69,76,282,142,140,11487
69,77,80,40,40,3645.8
69,78,848,424,424,37600.2
69,79,1806,911,895,70941.6
69,80,2747,1361,1386,114304.40000000001
69,81,32,18,14,1059.4
69,83,13,8,5,125
69,86,2,1,1,0
69,88,21,11,10,673.6
69,89,105,62,43,3944.5
69,90,55,30,25,2206.3
69,91,46,19,27,1979.6000000000001
69,92,99,51,48,3762.1
69,93,70,42,28,3140.8
69,94,49,30,19,2011.8999999999999
69,95,66,31,35,2567
69,96,402,194,208,13883.1
69,97,75,37,38,2973.6
69,98,47,27,20,1896.8
69,99,127,70,57,4216.299999999999
69,100,159,67,92,5929.599999999999
69,101,257,146,111,9421.599999999999
69,102,54,29,25,1881.1999999999998
69,103,235,131,104,8430.300000000001
69,104,93,46,47,3591.5
69,105,27,15,12,898.9
69,106,25,12,13,1138.5
69,107,32,18,14,1428.7
69,108,75,39,36,2874.5
69,109,17,8,9,429.9
69,110,49,30,19,2122.5
69,112,3,2,1,0
69,113,8,2,6,348
69,114,4,3,1,0
69,115,15,11,4,691.5
69,116,1,0,1,0
69,117,12,7,5,549.6
69,118,27,15,12,1099.8
69,119,6,3,3,201
69,120,8,2,6,0
69,124,8,3,5,0
69,125,54,28,26,2714.3
69,126,88,43,45,3473.5
69,127,114,53,61,4652
70,69,3,2,1,0
70,70,4,2,2,0
70,72,3,1,2,0
70,73,68,31,37,2671
70,74,17,10,7,682.4000000000001
70,75,17,10,7,534
70,76,106,54,52,3506.5
70,77,122,69,53,4856.5
70,78,270,133,137,11163.4
70,79,1999,1005,994,79728.5
70,80,1075,556,519,45675.9
70,81,147,72,75,4886
70,84,28,17,11,652
70,85,4,2,2,0
70,86,15,9,6,208.8
70,87,23,13,10,781.8
70,88,18,9,9,711.5
70,89,27,15,12,1423.6
70,90,51,21,30,2146
70,91,97,47,50,3730.2
70,92,371,176,195,16526.2
70,93,47,26,21,1740.1
70,94,21,11,10,789.3
70,95,78,43,35,3777.7999999999997
70,96,54,22,32,1926
70,97,9,4,5,218.4
70,98,2,1,1,0
70,99,32,15,17,1470.5
70,100,24,13,11,897.6
70,101,117,64,53,4707.9
70,102,44,25,19,1440.4
70,103,131,64,67,5549.2
70,104,53,28,25,1811.7
70,105,74,38,36,2689.1000000000004
70,106,150,78,72,5599.9
70,107,144,72,72,6362.5
70,108,30,14,16,1000.2
70,109,35,18,17,1369.8
70,110,27,12,15,947.5
70,111,32,18,14,1377.7
70,112,79,40,39,3302.8999999999996
70,113,63,34,29,2451.8
70,114,35,19,16,1541.2
70,115,1,1,0,0
70,116,4,2,2,0
70,117,283,142,141,12009
70,118,63,36,27,1933.6999999999998
70,119,29,16,13,897.2
70,123,38,25,13,1260.8
70,124,90,46,44,3808.1
70,125,111,59,52,4992.6
70,126,241,119,122,9640.6
70,127,878,450,428,30636
71,65,10,6,4,242
71,66,10,6,4,0
71,67,55,29,26,2446.8
71,68,56,27,29,1919.3
71,69,18,9,9,803.7
71,70,43,20,23,1678.8
71,71,37,18,19,1534
71,72,25,14,11,732.9
71,73,54,30,24,1813.8
71,74,8,4,4,0
71,75,71,33,38,2995.8
71,76,49,28,21,2080.5
71,79,14,9,5,442.4
71,81,19,8,11,755.8
71,82,2,1,1,0
71,84,16,9,7,491.9
71,85,42,27,15,1723.9
71,86,7,4,3,334.2
71,87,34,22,12,1056
71,88,18,12,6,623.6
71,89,13,8,5,307.8
71,90,8,5,3,255
71,91,38,20,18,1166.5
71,92,38,21,17,1669.2
71,93,94,53,41,3754.6
71,94,96,53,43,2973.8999999999996
71,95,37,22,15,1417
71,96,47,26,21,1753.4
71,97,9,4,5,252
71,101,6,4,2,222
71,102,86,49,37,3269
71,103,129,70,59,5361
71,104,24,14,10,767.2
71,105,14,7,7,482
71,106,84,46,38,3285
71,107,7,5,2,289.1
71,108,84,41,43,3097.2000000000003
71,109,31,19,12,1218.3
71,110,4,3,1,0
71,111,45,24,21,1612.3000000000002
71,112,69,37,32,2872.7
71,113,98,47,51,4066.8999999999996
71,114,59,26,33,2301.9
71,115,71,36,35,2803.3
71,116,55,26,29,1830.4
71,117,376,192,184,14739.3
71,118,9,5,4,231
71,123,37,18,19,1701.8000000000002
71,124,102,56,46,3888.5999999999995
71,125,159,75,84,5885.099999999999
71,126,13,7,6,408.2
71,127,37,17,20,1521.4
72,65,4,2,2,0
72,66,9,5,4,240.1
72,67,16,10,6,739.8
72,68,3,3,0,0
72,69,11,4,7,354
72,70,16,9,7,681.8
72,71,54,32,22,2106.1
72,72,93,51,42,3854.7
72,73,48,27,21,1681.8
72,74,1,1,0,0
72,75,6,2,4,186
72,76,1,1,0,0
72,80,4,2,2,0
72,82,40,22,18,1438.5
72,83,21,13,8,907.9
72,91,19,11,8,476.4
72,92,58,28,30,2269
72,93,21,12,9,1018.2
72,94,97,58,39,3692.6
72,95,4,3,1,0
72,102,51,25,26,2323.5
72,103,83,44,39,3436
72,104,30,16,14,1345.6999999999998
72,105,1,0,1,0
72,106,3,1,2,0
72,108,32,16,16,1073.7
72,109,6,3,3,0
72,110,41,22,19,1839.5
72,111,53,27,26,2342.7000000000003
72,112,729,352,377,32726.399999999998
72,113,43,22,21,1878.2
72,114,153,85,68,7108.799999999999
72,115,213,112,101,7968
72,116,313,138,175,14317.7
72,117,501,257,244,21361.199999999997
72,118,45,22,23,2027.3
72,119,1,1,0,0
72,123,227,110,117,9218.1
72,124,1986,948,1038,81891.3
72,125,236,125,111,9044.4
72,126,33,20,13,1443.3000000000002
73,67,2,2,0,0
73,68,3,1,2,0
73,70,10,6,4,168
73,73,2,2,0,0
73,74,4,2,2,0
73,75,18,9,9,647.8
73,76,23,10,13,944.5
73,77,4,2,2,0
73,80,13,8,5,405.9
73,81,8,3,5,311.2
73,82,23,12,11,876.4
73,90,2,1,1,0
73,91,27,13,14,1251.1
73,92,25,17,8,882.8
73,93,5,3,2,0
73,94,15,8,7,588.5999999999999
73,96,4,3,1,0
73,102,28,14,14,1290.3
73,103,188,97,91,7541.3
73,105,9,6,3,324
73,106,12,8,4,455.1
73,107,64,35,29,2868.2
73,108,53,27,26,1943.1
73,109,43,22,21,1530.8
73,110,50,27,23,1526.8
73,111,15,8,7,369.9
73,112,79,43,36,3280.8
73,113,27,14,13,992.4000000000001
73,114,31,16,15,1242
73,115,106,55,51,3878.2
73,116,442,229,213,19046.1
73,117,322,166,156,12784.5
73,118,518,279,239,19960.5
73,119,85,42,43,3213
73,123,123,68,55,5256.4
73,124,1280,620,660,47349.799999999996
73,125,51,26,25,2040.6
73,126,36,18,18,1107.2
74,69,28,14,14,1406.6
74,70,3,0,3,0
74,75,13,7,6,552.3
74,76,4,3,1,0
74,80,6,2,4,150
74,82,22,13,9,887.9
74,90,16,9,7,488.4
74,91,3,1,2,0
74,94,4,2,2,0
74,95,6,2,4,262.2
74,102,7,5,2,0
74,103,7,5,2,209.3
74,104,12,8,4,289.2
74,105,30,17,13,1553
74,106,34,20,14,1716.2
74,107,8,5,3,303
74,109,9,6,3,0
74,110,60,26,34,2786.7999999999997
74,111,70,36,34,2742.3999999999996
74,112,4,3,1,0
74,115,43,21,22,1302.6
74,116,63,34,29,2577.7
74,117,49,28,21,2286
74,118,45,22,23,1840.4
74,119,77,34,43,3413.9
74,120,120,63,57,5862.9
74,123,129,71,58,5028.9
74,124,77,43,34,3152.7999999999997
74,125,62,28,34,2277.5
74,126,68,38,30,3140.6
74,127,42,22,20,1233.7
75,68,2,1,1,0
75,69,52,28,24,2035
75,71,9,5,4,0
75,72,2,1,1,0
75,80,12,6,6,175.8
75,82,2,1,1,0
75,89,4,2,2,0
75,101,8,3,5,316.2
75,102,73,37,36,3084.3
75,103,52,28,24,2348.2
75,104,28,15,13,802.7
75,105,30,14,16,987.4
75,106,64,34,30,2604.7000000000003
75,107,8,5,3,0
75,108,2,1,1,0
75,109,24,12,12,1012.8
75,112,34,17,17,1468.2
75,116,20,10,10,972
75,118,17,10,7,839.8
75,119,115,58,57,4417.799999999999
75,120,63,33,30,2739.7
75,121,2180,1073,1107,93905.79999999999
75,122,250,126,124,9994.8
75,123,155,86,69,6631.9
75,124,215,114,101,7859.3
75,125,23,11,12,1056
75,127,9,3,6,210
76,68,46,24,22,2718.6
76,69,12,6,6,258
76,70,18,10,8,550.8
76,71,24,11,13,878.4
76,72,4,1,3,0
76,80,12,5,7,234
76,81,55,25,30,2304.9
76,82,98,58,40,4161
76,83,17,8,9,646
76,85,3,2,1,0
76,86,22,11,11,848.4000000000001
76,87,29,15,14,984.5999999999999
76,88,29,15,14,1286.6
76,89,30,14,16,1317.2
76,91,9,5,4,501.3
76,92,3,2,1,0
76,93,26,12,14,948.5999999999999
76,94,4,2,2,0
76,95,11,6,5,302.4
76,96,12,6,6,354
76,97,3,2,1,0
76,98,9,5,4,293.3
76,99,17,12,5,887.4
76,100,29,13,16,1244.8
76,101,23,14,9,822.2
76,102,48,25,23,2303.9
76,103,41,19,22,1400
76,104,20,10,10,800.2
76,105,40,22,18,1884.6999999999998
76,106,63,33,30,2778.3
76,107,44,25,19,1970.3
76,108,1,1,0,0
76,112,3,2,1,0
76,113,1,0,1,0
76,119,11,3,8,374
76,121,1438,718,720,54027.40000000001
76,122,55,30,25,2135.6
76,123,128,67,61,5299.3
76,124,29,13,16,1187
76,125,25,11,14,838
77,73,1,0,1,0
77,81,8,4,4,408.8
77,82,16,8,8,890
77,83,32,15,17,1013.1
77,84,254,126,128,12613.6
77,85,118,66,52,4910.9
77,86,68,35,33,2601
77,87,28,14,14,920
77,88,47,26,21,1857.6
77,89,28,15,13,1316
77,90,19,10,9,463.2
77,91,1,1,0,0
77,92,9,5,4,622.8
77,93,30,16,14,1304.4
77,94,44,20,24,1983
77,95,20,13,7,629.8
77,96,59,36,23,2264
77,97,60,31,29,2481.8
77,98,1046,529,517,46143.6
77,99,991,472,519,48130.1
77,100,81,41,40,3454.8
77,101,40,19,21,1788.4
77,102,56,27,29,2690.4999999999995
77,103,4,2,2,0
77,112,3,2,1,0
77,113,16,9,7,568.8
77,114,3,1,2,0
77,115,8,2,6,192
77,123,38,18,20,1406
77,124,11,4,7,393.2
77,125,3,1,2,0
78,80,45,24,21,1967.4
78,81,14,7,7,594.9
78,82,26,13,13,887.4
78,83,13,5,8,421
78,84,144,82,62,5913.200000000001
78,85,21,9,12,998.5
78,86,16,8,8,632.1
78,89,3,1,2,0
78,91,21,10,11,926.5
78,92,11,5,6,414.8
78,93,24,14,10,760.4
78,94,54,30,24,2123.4
78,95,26,15,11,691.2
78,96,30,16,14,1032.4
78,97,46,27,19,2043.6
78,98,24,13,11,680.5
78,99,37,21,16,1358.4
78,100,10,3,7,376
78,115,6,2,4,274.2
78,116,6,3,3,181
78,117,8,4,4,476.7
78,118,4,2,2,0
78,119,11,4,7,592
78,120,25,12,13,1115.5
79,79,3,1,2,0
79,80,76,38,38,2882.1
79,84,1,1,0,0
79,85,12,8,4,349.2
79,86,26,16,10,954.9
79,91,9,7,2,204
79,92,2,1,1,0
79,93,23,12,11,561.8
79,94,22,13,9,833.6
79,95,10,6,4,353
79,96,26,13,13,814.2
79,97,1,1,0,0
79,99,5,3,2,214
79,116,41,20,21,1427.4
79,117,44,18,26,1273
79,118,11,5,6,340.9
79,119,78,38,40,2844
79,120,18,8,10,835.2
79,124,2,1,1,0
79,126,10,5,5,396
80,86,14,8,6,682.2
80,87,2,1,1,0
80,88,3,2,1,0
80,116,26,12,14,1060.8
80,117,161,89,72,6652.1
80,118,212,111,101,9950.5
80,119,38,21,17,1664.4
80,124,6,4,2,290
80,127,26,12,14,1200
81,86,4,2,2,0
81,110,4,3,1,0
81,111,9,6,3,215.1
81,112,93,48,45,3911
81,113,22,15,7,1031.8
81,115,4,2,2,0
81,118,3,2,1,0
81,120,4,2,2,0
81,124,4,2,2,0
81,125,7,3,4,238
81,126,1,0,1,0
81,127,7,3,4,0
82,109,2,1,1,0
82,110,3,2,1,0
82,111,14,7,7,600.6
82,112,52,29,23,1959.3000000000002
82,113,303,144,159,13599.1
82,114,121,60,61,5863.4
82,115,25,17,8,819
82,119,6,3,3,262.2
82,120,12,6,6,362
82,121,1,1,0,0
82,124,5,3,2,0
82,127,10,6,4,580
83,108,17,10,7,688.8
83,111,4,2,2,0
83,112,3,2,1,0
83,121,5,3,2,292
83,122,2,1,1,0
84,121,4,2,2,0
84,122,4,2,2,0
84,123,2,1,1,0
85,120,2,1,1,0
85,121,4,3,1,0
85,123,1,0,1,0
85,124,20,13,7,724.5
85,127,6,3,3,271.8
86,121,4,2,2,0
86,124,1,1,0,0
86,125,5,4,1,0
86,126,8,5,3,0
87,122,39,23,16,1745.9
87,123,159,87,72,6562.2
87,124,43,23,20,1698.1
87,125,21,13,8,574.5
87,126,13,8,5,517
88,122,4,2,2,0
88,123,59,29,30,2835.1
88,124,74,39,35,3228.1000000000004
88,125,15,7,8,538.2
88,126,12,7,5,359.8
89,122,12,7,5,717.6
89,123,5,1,4,173
89,124,15,8,7,711.1
89,125,102,48,54,4295.5
89,126,70,38,32,3097.4
89,127,36,23,13,1697.7
90,122,2,2,0,0
90,123,24,12,12,797.2
90,124,34,16,18,1123
90,125,59,32,27,2452.1
90,126,382,202,180,15393
90,127,122,65,57,5158.8
91,124,9,4,5,273.7
91,125,101,54,47,4067.3
91,126,934,403,531,49983.8
91,127,164,88,76,6507
92,121,4,3,1,0
92,122,7,5,2,436.1
92,123,45,25,20,1878.8
92,124,79,40,39,2803.7
92,125,123,64,59,5632.799999999999
92,126,571,283,288,27324.499999999996
92,127,25,10,15,1000.5
93,123,92,38,54,4310.799999999999
93,124,904,430,474,40722.1
93,125,66,35,31,2987.4000000000005
93,126,50,26,24,2745.8
93,127,18,8,10,541.2
94,123,73,42,31,3467.9999999999995
94,124,112,53,59,5242.2
94,125,103,53,50,4247.1
94,126,37,21,16,1293.2
94,127,54,27,27,2750.2
95,123,8,4,4,348
95,124,3,2,1,0
95,125,4,2,2,0
95,126,4,2,2,0
95,127,3,2,1,0
96,126,1,1,0,0
96,127,16,11,5,561.6
97,125,18,11,7,729.6
97,126,36,17,19,1566.6
97,127,28,15,13,1783.6
98,126,12,8,4,390
98,127,35,22,13,1834