x,y,p,m,f,ta
2,106,4,2,2,0
2,107,2,2,0,0
3,106,74,45,29,3100.6
3,107,37,22,15,1820.4
3,116,2,1,1,0
4,107,138,66,72,6292.8
4,108,12,10,2,579.6
4,115,2,1,1,0
4,118,1,0,1,0
4,119,3,1,2,0
5,107,52,27,25,2355.6
5,108,202,104,98,9372.8
5,109,26,13,13,1495
5,119,1,1,0,0
6,108,1,0,1,0
6,109,30,18,12,1164
6,115,1,1,0,0
6,116,2,1,1,0
7,111,1,1,0,0
7,112,198,105,93,9741.6
7,113,113,69,44,4926.8
7,124,1,1,0,0
8,112,25,14,11,905
8,113,93,51,42,3357.3
9,113,9,4,5,424.8
9,114,36,16,20,1558.8
9,125,1,1,0,0
10,125,5,3,2,312
10,126,3,2,1,0
10,127,1,1,0,0
11,119,7,5,2,380.1
11,120,16,7,9,889.6
11,121,15,7,8,817.5
11,122,31,17,14,1391.9
11,124,4,1,3,0
11,126,3,1,2,0
12,120,13,9,4,529.1
12,121,8,4,4,231.2
12,122,26,14,12,967.2
13,120,46,21,25,2212.6
13,121,22,12,10,763.4
14,125,16,7,9,625.6
14,126,43,22,21,1732.9
14,127,8,4,4,331.2
15,124,16,10,6,846.4
15,125,25,18,7,1090
18,123,16,7,9,702.4
19,0,10,6,4,667
19,123,17,10,7,734.4
20,0,2,0,2,0
23,1,7,3,4,261.1
24,0,14,7,7,638.4
25,0,2,1,1,0
25,1,1,1,0,0
26,126,1,1,0,0
26,127,67,33,34,2465.6
27,0,7,4,3,296.8
27,127,347,181,166,12908.4
30,1,2,1,1,0
30,2,1,1,0,0
31,1,30,14,16,984
31,2,1,0,1,0
32,1,37,22,15,1665
32,2,4,2,2,0
32,4,2,0,2,0
33,1,5,2,3,308
33,2,33,16,17,1564.2
33,41,20,10,10,700
34,25,2,2,0,0
34,26,3,2,1,0
35,3,5,1,4,319
35,4,12,6,6,705.6
35,26,5,3,2,340
35,27,1,1,0,0
36,3,30,16,14,1293
40,8,2,0,2,0
40,52,78,38,40,2948.4
40,54,3,2,1,0
41,52,2,1,1,0
41,53,1,1,0,0
42,3,15,8,7,654
42,8,3,2,1,0
42,22,27,13,14,1017.9
42,23,2,1,1,0
42,55,3,2,1,0
43,3,13,9,4,517.4
43,4,13,10,3,613.6
43,5,24,13,11,1020
43,8,11,6,5,503.8
43,22,53,26,27,2268.4
43,23,116,61,55,4860.4
43,24,13,7,6,369.2
43,25,1,1,0,0
44,4,1,1,0,0
44,5,6,4,2,403.8
44,24,22,13,9,994.4
44,25,8,4,4,550.4
44,38,1,1,0,0
44,54,2,1,1,0
44,56,11,7,4,578.6
45,10,133,68,65,5998.3
45,11,350,163,187,13545
45,12,7,4,3,280
45,18,4,1,3,0
45,19,31,18,13,1329.9
45,25,12,11,1,423.6
46,6,1,0,1,0
46,7,1,1,0,0
46,9,13,7,6,443.3
46,11,101,50,51,4272.3
46,12,112,58,54,4513.6
46,13,1,1,0,0
46,14,7,3,4,231.7
46,15,25,8,17,1220
46,16,21,10,11,856.8
46,18,13,6,7,743.6
46,19,10,4,6,239
46,20,22,8,14,990
46,21,3,2,1,0
46,22,3,2,1,0
47,6,7,5,2,296.1
47,7,1,0,1,0
47,15,5,3,2,372
47,16,3,2,1,0
47,21,14,7,7,683.2
47,22,43,22,21,1784.5
48,22,17,10,7,839.8
48,23,40,18,22,1888
48,24,21,6,15,1098.3
49,10,3,1,2,0
49,11,3,2,1,0
49,12,10,5,5,587
49,23,19,9,10,799.9
49,24,5,3,2,231
50,3,1,1,0,0
51,4,12,7,5,735.6
51,21,17,8,9,834.7
52,7,6,4,2,343.8
53,11,3,1,2,0
53,12,8,4,4,375.2
53,15,2,1,1,0
53,16,20,13,7,1130
53,17,2,1,1,0
53,18,1,0,1,0
53,23,7,2,5,406.7
54,7,6,4,2,208.8
54,8,2,1,1,0
54,13,8,3,5,559.2
54,20,1,1,0,0
55,10,6,3,3,178.8
55,11,4,2,2,0
55,14,1,1,0,0
55,15,18,8,10,829.8
55,21,1,0,1,0
55,22,1,0,1,0
55,28,17,11,6,986
55,50,23,10,13,1110.9
56,11,3,2,1,0
56,19,19,9,10,1012.7
56,49,1,1,0,0
56,50,25,13,12,825
57,15,16,7,9,928
57,17,9,4,5,451.8
57,18,32,18,14,1139.2
57,19,25,9,16,1527.5
57,20,18,8,10,383.4
57,28,1,0,1,0
58,14,1,0,1,0
58,15,26,12,14,1417
58,17,10,5,5,423
58,18,15,9,6,676.5
58,19,13,8,5,478.4
58,20,55,24,31,2172.5
58,21,50,26,24,2330
59,15,2,1,1,0
59,21,5,4,1,329
59,27,4,1,3,0
59,37,8,8,0,320.8
60,28,3,1,2,0
60,30,23,13,10,972.9
60,31,7,3,4,221.2
60,37,47,25,22,1649.7
60,38,2272,1114,1158,96787.2
60,39,23,10,13,1235.1
61,16,10,6,4,409
61,17,3,2,1,0
61,28,4,2,2,0
61,29,11,7,4,477.4
61,30,3,2,1,0
61,31,18,8,10,700.2
61,37,17,10,7,727.6
61,38,3394,1617,1777,137457
61,39,1789,963,826,77642.6
61,40,88,44,44,3731.2
61,41,71,34,37,2328.8
61,51,6,4,2,364.8
62,29,4,3,1,0
62,37,5,3,2,235
62,38,3124,1517,1607,132145.2
62,39,2686,1322,1364,106902.8
62,40,2110,1018,1092,92418
62,41,118,61,57,4779
63,28,4,1,3,0
63,29,1,1,0,0
63,30,3,2,1,0
63,37,528,268,260,19641.6
63,38,173,96,77,5985.8
63,39,2139,1051,1088,79998.6
63,40,2531,1225,1306,105795.8
63,41,1142,578,564,40769.4
64,29,7,2,5,431.2
64,37,897,448,449,31664.1
64,38,2260,1159,1101,73450
64,39,751,355,396,27561.7
64,40,566,300,266,20489.2
64,41,15,9,6,658.5
64,42,1090,540,550,37823
64,43,66,42,24,2395.8
65,27,3,1,2,0
65,28,17,11,6,608.6
65,29,27,15,12,1166.4
65,32,3,1,2,0
65,33,3,1,2,0
65,37,52,30,22,1690
65,38,2443,1250,1193,83062
65,43,57,30,27,2000.7
66,27,3,2,1,0
66,32,11,3,8,405.9
66,33,18,8,10,817.2
66,38,1768,885,883,66830.4
66,43,9,5,4,480.6
66,44,12,7,5,642
67,8,7,3,4,340.2
67,27,29,13,16,1380.4
67,38,1737,863,874,58363.2
67,39,391,210,181,16226.5
67,40,2,1,1,0
67,41,8,5,3,320
67,42,8,7,1,176
67,43,2,1,1,0
67,45,28,13,15,977.2
68,8,14,9,5,523.6
68,9,37,19,18,1868.5
68,10,4,1,3,0
68,11,9,5,4,461.7
68,27,2,1,1,0
68,30,26,14,12,1258.4
68,33,41,20,21,1927
68,38,827,421,406,24644.6
68,39,1405,724,681,51423
68,40,131,71,60,5908.1
68,42,9,5,4,402.3
68,45,9,4,5,198
68,46,62,34,28,2219.6
69,7,7,3,4,340.2
69,8,59,27,32,2578.3
69,9,6,5,1,330
69,10,1,1,0,0
69,11,9,6,3,523.8
69,12,5,4,1,261
69,15,2,2,0,0
69,31,7,5,2,315.7
69,33,54,29,25,2052
69,38,212,108,104,6211.6
69,39,1473,721,752,56563.2
69,40,980,514,466,34790
69,43,7,5,2,405.3
69,46,14,7,7,480.2
69,47,29,11,18,1168.7
69,48,55,30,25,1826
70,7,6,2,4,331.2
70,8,106,49,57,4356.6
70,28,10,6,4,300
70,29,3,2,1,0
70,30,16,9,7,800
70,33,72,36,36,2642.4
70,38,54,25,29,1873.8
70,39,1235,666,569,41990
70,40,1157,573,584,38643.8
70,43,13,8,5,640.9
70,48,9,5,4,394.2
70,49,9,3,6,331.2
71,7,15,8,7,715.5
71,8,2,0,2,0
71,30,10,3,7,444
71,31,87,43,44,2775.3
71,32,91,46,45,3858.4
71,33,176,91,85,7304
71,34,60,29,31,1890
71,39,535,291,244,15729
71,40,9,3,6,288
71,43,19,8,11,775.2
71,49,144,81,63,5644.8
71,50,7,3,4,196.7
71,52,10,5,5,220
71,53,15,8,7,565.5
72,6,13,7,6,565.5
72,7,14,7,7,603.4
72,31,17,8,9,681.7
72,32,14,9,5,515.2
72,33,19,10,9,834.1
72,34,12,9,3,452.4
72,39,92,44,48,3054.4
72,40,84,43,41,3612
72,41,10,3,7,458
72,42,24,11,13,832.8
72,43,8,3,5,411.2
72,49,7,4,3,254.1
72,50,175,93,82,5775
72,51,46,26,20,1881.4
72,52,53,27,26,2130.6
72,53,1,1,0,0
73,6,12,6,6,567.6
73,7,26,14,12,1248
73,29,11,4,7,242
73,30,19,6,13,887.3
73,31,4,2,2,0
73,33,1,1,0,0
73,40,49,26,23,1749.3
73,43,7,3,4,338.8
73,50,5,3,2,227
73,51,22,11,11,792
73,52,10,5,5,406
74,6,4,2,2,0
74,7,28,11,17,1150.8
74,29,4,2,2,0
74,30,11,6,5,520.3
74,33,16,7,9,667.2
74,34,6,3,3,268.8
75,6,12,7,5,538.8
75,7,11,4,7,536.8
75,33,45,23,22,1651.5
75,34,5,2,3,322
75,35,23,9,14,800.4
75,39,16,9,7,579.2
75,40,27,15,12,966.6
75,41,22,22,0,750.2
75,58,5,2,3,147
75,62,7,3,4,301.7
75,63,7,4,3,296.8
75,98,2,1,1,0
76,6,18,9,9,869.4
76,7,22,12,10,1124.2
76,34,10,4,6,467
76,36,33,17,16,1313.4
76,37,66,32,34,2758.8
76,38,65,40,25,2652
76,39,913,469,444,30768.1
76,40,1747,871,876,63765.5
76,41,212,103,109,7059.6
76,42,133,70,63,4575.2
76,62,23,11,12,1232.8
76,63,44,23,21,1980
76,64,2,1,1,0
77,5,12,5,7,766.8
77,6,39,19,20,1860.3
77,7,13,8,5,530.4
77,28,11,6,5,500.5
77,36,25,12,13,940
77,37,11,7,4,344.3
77,40,241,123,118,9278.5
77,41,69,36,33,2194.2
77,43,3,1,2,0
77,45,3,1,2,0
77,55,22,11,11,869
77,56,11,3,8,412.5
77,62,2,1,1,0
77,63,2,1,1,0
77,64,3,2,1,0
77,65,38,17,21,1641.6
78,0,14,7,7,763
78,2,4,2,2,0
78,4,11,6,5,432.3
78,5,50,24,26,2475
78,6,59,29,30,2448.5
78,33,6,4,2,342
78,46,15,11,4,684
78,55,66,34,32,2620.2
78,56,10,6,4,509
78,65,129,63,66,6785.4
78,81,1,0,1,0
78,88,83,44,39,3776.5
78,89,26,10,16,1287
78,100,5,3,2,135
79,1,5,2,3,291
79,2,3,2,1,0
79,4,14,7,7,631.4
79,5,12,6,6,720
79,39,1,1,0,0
79,40,1,1,0,0
79,56,3,2,1,0
79,65,15,8,7,712.5
79,66,27,14,13,1433.7
79,88,1,1,0,0
79,89,100,47,53,4480
79,97,5,4,1,235
79,99,12,8,4,337.2
79,100,63,33,30,3187.8
80,2,3,2,1,0
80,3,4,2,2,0
80,4,27,15,12,1277.1
80,30,3,1,2,0
80,33,5,2,3,302
80,37,4,2,2,0
80,38,23,15,8,860.2
80,39,14,8,6,623
80,40,21,11,10,968.1
80,66,5,3,2,332
80,87,5,2,3,388
80,89,28,14,14,1218
80,94,5,2,3,179
80,96,1,1,0,0
80,97,6,3,3,405
80,100,5,3,2,249
81,1,4,3,1,0
81,37,12,5,7,591.6
81,38,70,37,33,2310
81,39,6,3,3,304.8
81,40,10,4,6,581
81,46,2,1,1,0
81,47,5,3,2,239
81,67,16,7,9,574.4
81,87,2,0,2,0
81,89,54,23,31,1949.4
81,94,2,1,1,0
81,97,6,5,1,274.8
81,103,1,1,0,0
82,38,1,0,1,0
82,39,4,3,1,0
82,62,3,1,2,0
82,67,4,2,2,0
82,68,8,3,5,306.4
82,89,45,21,24,1989
82,103,4,2,2,0
83,24,12,5,7,780
83,27,7,3,4,238.7
83,32,13,8,5,621.4
83,40,1,1,0,0
83,62,4,2,2,0
83,87,5,2,3,183
83,88,41,23,18,2050
83,89,17,8,9,523.6
83,95,4,2,2,0
83,105,14,7,7,705.6
83,109,1,1,0,0
84,13,2,1,1,0
84,23,1,0,1,0
84,24,7,3,4,338.8
84,28,6,3,3,469.2
84,29,12,6,6,460.8
84,32,7,3,4,298.2
84,33,5,4,1,178
84,39,2,1,1,0
84,40,1,0,1,0
84,62,6,4,2,223.8
84,103,7,3,4,259
84,105,1,0,1,0
85,21,3,2,1,0
85,22,4,2,2,0
85,23,2,1,1,0
85,29,12,9,3,446.4
85,30,9,6,3,396
85,33,8,5,3,240
85,34,3,1,2,0
85,39,2,1,1,0
85,40,4,2,2,0
85,62,3,3,0,0
85,81,5,3,2,305
85,82,1,0,1,0
85,103,2,0,2,0
85,109,4,3,1,0
85,110,4,2,2,0
85,111,1,0,1,0
86,15,14,8,6,726.6
86,17,1,1,0,0
86,18,20,10,10,944
86,23,6,3,3,402
86,29,25,12,13,1152.5
86,34,37,23,14,1387.5
86,35,3,2,1,0
86,82,11,4,7,510.4
86,91,2,1,1,0
86,95,7,5,2,308.7
86,110,1,1,0,0
86,111,6,3,3,190.8
86,112,35,14,21,1491
87,11,4,2,2,0
87,12,11,5,6,447.7
87,13,10,4,6,435
87,15,14,7,7,711.2
87,16,8,4,4,364.8
87,17,3,1,2,0
87,20,75,36,39,3592.5
87,21,10,4,6,396
87,22,3,3,0,0
87,29,10,7,3,377
87,30,6,4,2,294
87,33,1,1,0,0
87,40,10,4,6,336
87,41,8,5,3,424.8
87,62,2,1,1,0
87,71,2,1,1,0
87,83,1,1,0,0
87,90,13,7,6,734.5
87,95,8,5,3,374.4
87,96,5,2,3,125
87,103,2,1,1,0
87,104,2,2,0,0
87,110,16,10,6,728
87,111,39,19,20,1392.3
88,5,3,2,1,0
88,11,18,12,6,865.8
88,12,6,5,1,259.8
88,15,6,3,3,208.8
88,16,11,6,5,566.5
88,19,3,2,1,0
88,20,180,81,99,8748
88,21,34,19,15,1598
88,31,2,1,1,0
88,32,8,4,4,296
88,33,102,53,49,4406.4
88,40,3,1,2,0
88,63,4,2,2,0
88,83,11,6,5,589.6
88,90,7,4,3,408.8
88,93,211,92,119,9684.9
88,94,5,4,1,252
88,95,15,9,6,604.5
88,104,4,3,1,0
88,110,58,31,27,2320
88,113,6,2,4,150
88,114,10,6,4,347
88,115,16,7,9,553.6
89,11,2,1,1,0
89,14,1,0,1,0
89,20,6,4,2,316.2
89,32,8,4,4,319.2
89,33,24,13,11,1051.2
89,43,1,1,0,0
89,62,2,1,1,0
89,83,25,13,12,1007.5
89,89,5,3,2,331
89,90,24,12,12,1176
89,92,70,40,30,3164
89,93,66,30,36,2699.4
89,95,15,9,6,661.5
89,104,3,2,1,0
89,106,1,0,1,0
89,109,6,5,1,220.8
89,110,34,19,15,1363.4
89,114,35,17,18,1792
89,115,6,3,3,324
90,84,6,2,4,391.2
90,85,5,3,2,256
90,90,3,2,1,0
90,95,23,15,8,1060.3
90,96,7,4,3,289.8
90,105,4,1,3,0
90,107,8,3,5,190.4
90,109,14,6,8,648.2
90,110,1,0,1,0
90,114,6,3,3,274.8
91,43,9,4,5,269.1
91,85,14,8,6,555.8
91,92,6,1,5,270
91,96,3,1,2,0
91,104,2,1,1,0
91,105,2,1,1,0
91,106,2,1,1,0
91,107,9,4,5,446.4
91,108,4,3,1,0
91,109,11,7,4,497.2
91,110,35,16,19,1354.5
92,18,1,0,1,0
92,38,24,10,14,1039.2
92,43,1,0,1,0
92,70,2,2,0,0
92,85,4,0,4,0
92,86,10,5,5,569
92,91,3,1,2,0
92,92,1,0,1,0
92,103,16,8,8,484.8
92,106,2,1,1,0
92,107,11,5,6,599.5
92,110,13,8,5,673.4
92,115,1,1,0,0
92,116,4,3,1,0
92,118,2,1,1,0
93,30,6,4,2,381
93,31,3,1,2,0
93,37,14,7,7,365.4
93,38,22,11,11,798.6
93,39,37,18,19,1372.7
93,70,4,3,1,0
93,86,7,4,3,328.3
93,91,2,1,1,0
93,92,16,9,7,470.4
93,98,5,3,2,203
93,104,1,1,0,0
93,107,1,0,1,0
93,109,3,2,1,0
93,110,16,9,7,508.8
93,114,13,7,6,579.8
93,118,4,2,2,0
94,30,50,27,23,2515
94,36,20,12,8,990
94,37,13,8,5,708.5
94,38,22,13,9,961.4
94,39,60,30,30,2604
94,40,46,23,23,2042.4
94,87,11,7,4,641.3
94,88,2,1,1,0
94,92,12,6,6,507.6
94,93,20,9,11,666
94,94,2,1,1,0
94,100,8,6,2,376.8
94,101,7,4,3,256.2
94,106,2,2,0,0
94,107,3,1,2,0
94,109,43,25,18,1548
94,110,13,8,5,735.8
94,113,9,5,4,277.2
95,11,1,0,1,0
95,29,9,4,5,380.7
95,30,54,30,24,2548.8
95,35,26,14,12,1151.8
95,36,19,9,10,875.9
95,39,36,18,18,1098
95,40,167,90,77,6613.2
95,41,243,116,127,9331.2
95,43,27,17,10,1053
95,44,30,16,14,1146
95,87,2,1,1,0
95,88,6,3,3,418.2
95,89,1,1,0,0
95,90,8,4,4,564.8
95,91,4,3,1,0
95,93,18,10,8,651.6
95,101,8,6,2,304.8
95,102,4,3,1,0
95,104,2,1,1,0
95,107,29,12,17,1058.5
95,109,31,16,15,1605.8
95,110,21,9,12,806.4
95,113,5,4,1,99
96,10,1,1,0,0
96,36,14,8,6,642.6
96,40,41,23,18,2460
96,41,81,37,44,2640.6
96,43,6,3,3,214.8
96,44,3,2,1,0
96,89,22,12,10,847
96,91,12,6,6,448.8
96,102,3,1,2,0
96,103,2,2,0,0
96,105,9,5,4,413.1
96,106,19,8,11,1109.6
96,107,91,44,47,3940.3
96,111,3,2,1,0
96,113,2,1,1,0
97,36,31,15,16,1429.1
97,37,18,11,7,599.4
97,41,33,17,16,1125.3
97,45,3,2,1,0
97,46,17,7,10,649.4
97,60,7,4,3,247.1
97,73,1,1,0,0
97,92,124,63,61,4960
97,102,1,0,1,0
97,111,8,4,4,312
97,112,11,4,7,419.1
97,113,6,3,3,349.2
98,33,1,1,0,0
98,37,22,12,10,985.6
98,41,64,33,31,2873.6
98,43,2,1,1,0
98,45,8,5,3,447.2
98,46,14,8,6,506.8
98,47,17,9,8,681.7
98,48,4,2,2,0
98,83,1,1,0,0
98,92,27,12,15,1274.4
98,93,37,21,16,2064.6
98,104,1,1,0,0
98,105,3,2,1,0
98,106,5,3,2,269
98,110,3,2,1,0
98,111,21,11,10,949.2
99,14,4,3,1,0
99,16,1,0,1,0
99,33,4,2,2,0
99,37,6,4,2,331.2
99,42,5,3,2,186
99,43,19,9,10,775.2
99,44,49,26,23,1778.7
99,45,50,25,25,1910
99,46,35,20,15,1393
99,48,3,1,2,0
99,49,7,5,2,448
99,93,14,5,9,701.4
99,105,1,0,1,0
99,106,22,9,13,957
99,107,7,3,4,321.3
99,110,2,1,1,0
99,111,6,3,3,390
100,1,21,10,11,875.7
100,29,1,1,0,0
100,36,7,4,3,238
100,37,5,2,3,202
100,45,2,1,1,0
100,46,21,13,8,596.4
100,47,10,6,4,512
100,48,16,11,5,641.6
100,49,1,1,0,0
100,84,2,1,1,0
100,88,1,0,1,0
100,95,15,8,7,775.5
100,96,14,6,8,530.6
101,0,39,18,21,1571.7
101,1,59,33,26,2318.7
101,2,43,20,23,1887.7
101,3,22,12,10,998.8
101,4,20,11,9,778
101,5,179,98,81,7625.4
101,6,79,41,38,3847.3
101,7,24,15,9,1036.8
101,19,5,1,4,129
101,33,6,4,2,217.8
101,34,4,1,3,0
101,37,42,23,19,1965.6
101,48,5,4,1,174
101,49,3,2,1,0
101,50,1,1,0,0
101,53,1,1,0,0
101,95,15,9,6,844.5
101,107,4,1,3,0
101,109,3,3,0,0
101,120,158,75,83,6730.8
101,121,34,19,15,1710.2
102,0,3,2,1,0
102,4,10,5,5,450
102,5,62,34,28,2976
102,6,83,43,40,3618.8
102,7,77,45,32,3157
102,8,53,27,26,1923.9
102,9,53,29,24,2416.8
102,34,36,15,21,1530
102,35,10,6,4,388
102,36,2,1,1,0
102,37,56,30,26,2178.4
102,49,2,1,1,0
102,50,1,0,1,0
102,51,10,4,6,403
102,96,1,1,0,0
102,109,18,10,8,966.6
102,120,13,8,5,470.6
102,122,7,4,3,378.7
103,4,2,2,0,0
103,5,12,5,7,583.2
103,8,6,3,3,340.8
103,9,14,8,6,582.4
103,10,43,21,22,1535.1
103,11,18,10,8,811.8
103,14,3,1,2,0
103,15,2,1,1,0
103,16,309,154,155,12514.5
103,17,41,20,21,1693.3
103,19,2,2,0,0
103,20,5,2,3,330
103,32,7,3,4,291.9
103,35,548,262,286,22687.2
103,36,940,455,485,39762
103,37,50,27,23,2275
103,38,2,1,1,0
103,50,17,8,9,579.7
103,51,2,1,1,0
103,96,4,2,2,0
103,121,7,3,4,224.7
104,2,6,3,3,337.8
104,3,7,3,4,373.8
104,4,6,3,3,255
104,10,4,3,1,0
104,11,43,22,21,1801.7
104,12,66,38,28,3273.6
104,13,58,28,30,2453.4
104,14,110,50,60,4290
104,15,107,56,51,4718.7
104,16,32,18,14,1193.6
104,17,336,205,131,13171.2
104,18,557,258,299,23561.1
104,20,61,30,31,2366.8
104,21,54,28,26,2408.4
104,27,2,2,0,0
104,31,2,1,1,0
104,32,69,36,33,2794.5
104,33,3,1,2,0
104,35,161,85,76,6778.1
104,36,989,494,495,42131.4
104,37,508,255,253,21488.4
104,38,1,1,0,0
104,39,22,12,10,712.8
104,40,12,7,5,446.4
104,63,1,1,0,0
104,67,1,1,0,0
104,99,1,1,0,0
104,109,11,8,3,391.6
104,119,16,8,8,667.2
104,122,5,2,3,308
104,123,18,5,13,831.6
104,124,1,1,0,0
104,126,6,1,5,319.8
104,127,4,1,3,0
105,0,4,2,2,0
105,1,1,1,0,0
105,12,3,2,1,0
105,13,5,3,2,230
105,16,5,3,2,301
105,17,92,48,44,3321.2
105,18,815,389,426,35860
105,20,30,15,15,1110
105,23,17,9,8,809.2
105,25,1,1,0,0
105,31,3,2,1,0
105,32,71,37,34,2797.4
105,33,145,69,76,5278
105,34,4,3,1,0
105,36,1021,473,548,49518.5
105,37,342,159,183,15526.8
105,38,2,1,1,0
105,39,19,11,8,632.7
105,40,37,19,18,1531.8
105,41,28,14,14,1285.2
105,42,2,1,1,0
105,119,14,5,9,672
105,120,5,3,2,215
105,123,9,5,4,374.4
105,124,27,12,15,1107
105,125,11,6,5,412.5
106,0,6,3,3,151.8
106,1,5,3,2,132
106,4,8,3,5,400
106,5,1,1,0,0
106,17,5,2,3,133
106,18,457,231,226,17183.2
106,19,6,4,2,421.8
106,34,35,19,16,1638
106,35,266,136,130,11278.4
106,36,529,271,258,20842.6
106,37,683,354,329,26978.5
106,39,12,8,4,495.6
106,40,55,26,29,2332
106,41,7,3,4,373.8
106,42,22,12,10,842.6
106,124,2,1,1,0
106,126,6,5,1,246
107,5,16,9,7,868.8
107,7,3,2,1,0
107,17,2,1,1,0
107,18,2,1,1,0
107,19,6,3,3,298.8
107,22,29,16,13,1432.6
107,23,18,9,9,716.4
107,24,5,3,2,287
107,34,18,10,8,725.4
107,35,65,38,27,2405
107,36,62,32,30,1705
107,37,12,7,5,330
107,39,9,4,5,462.6
107,40,8,5,3,324.8
107,41,18,8,10,723.6
107,42,3,2,1,0
107,43,12,7,5,441.6
107,44,13,7,6,279.5
107,58,4,3,1,0
107,60,89,51,38,4138.5
107,61,51,22,29,2060.4
107,67,1,0,1,0
107,85,1,1,0,0
107,98,1,1,0,0
107,110,2,1,1,0
107,111,7,4,3,518.7
107,117,2,1,1,0
107,124,1,1,0,0
107,126,18,7,11,766.8
108,6,6,2,4,190.2
108,17,6,2,4,427.8
108,18,12,5,7,517.2
108,19,27,15,12,1185.3
108,20,4,3,1,0
108,26,3,1,2,0
108,34,6,4,2,400.2
108,35,38,19,19,1444
108,40,11,4,7,500.5
108,41,6,3,3,312
108,43,7,5,2,247.8
108,45,22,12,10,906.4
108,46,14,5,9,478.8
108,56,16,9,7,638.4
108,57,32,19,13,1529.6
108,58,13,9,4,708.5
108,59,3,2,1,0
108,60,61,24,37,2531.5
108,61,1,0,1,0
108,67,2,1,1,0
108,119,5,3,2,104
108,127,22,12,10,613.8
109,4,4,3,1,0
109,5,4,2,2,0
109,6,8,4,4,426.4
109,25,56,29,27,2262.4
109,26,22,15,7,943.8
109,28,1,1,0,0
109,33,42,19,23,1675.8
109,34,46,20,26,1674.4
109,35,20,11,9,904
109,41,23,11,12,680.8
109,42,15,8,7,484.5
109,43,9,5,4,298.8
109,45,24,14,10,648
109,46,38,20,18,1732.8
109,47,1,1,0,0
109,54,6,3,3,205.8
109,55,45,23,22,1732.5
109,56,10,4,6,322
109,64,6,4,2,232.2
109,65,19,11,8,826.5
109,66,4,1,3,0
109,112,5,2,3,351
109,118,11,4,7,390.5
109,127,11,6,5,358.6
110,6,4,1,3,0
110,16,2,1,1,0
110,34,24,12,12,1106.4
110,42,10,7,3,441
110,43,33,18,15,1079.1
110,46,15,6,9,531
110,47,6,4,2,130.8
110,48,15,7,8,694.5
110,53,5,2,3,279
110,57,1,1,0,0
110,60,5,2,3,201
110,64,13,5,8,626.6
110,65,24,12,12,1576.8
110,118,9,7,2,288
111,44,13,7,6,542.1
111,45,4,3,1,0
111,46,14,8,6,646.8
111,48,5,3,2,295
111,49,26,15,11,1245.4
111,50,7,4,3,350
111,52,2,1,1,0
111,56,6,2,4,202.2
111,57,26,15,11,993.2
111,58,12,9,3,447.6
111,59,10,6,4,513
111,60,9,3,6,489.6
111,110,5,2,3,271
111,111,1,0,1,0
111,118,7,3,4,354.2
112,31,3,1,2,0
112,44,17,9,8,688.5
112,45,14,8,6,523.6
112,46,5,3,2,268
112,47,4,2,2,0
112,48,10,7,3,459
112,58,1,1,0,0
112,59,40,19,21,1896
112,63,1,1,0,0
112,118,3,2,1,0
113,32,17,8,9,625.6
113,45,314,160,154,12026.2
113,46,496,245,251,19740.8
113,47,6,3,3,160.2
113,51,14,6,8,667.8
113,61,1,1,0,0
113,65,2,0,2,0
113,118,5,1,4,382
113,127,35,20,15,819
114,46,17,9,8,610.3
114,47,19,8,11,908.2
114,48,4,2,2,0
114,49,6,3,3,255
114,118,1,1,0,0
114,127,25,16,9,680
115,48,3,2,1,0
115,49,19,11,8,746.7
115,52,5,3,2,140
115,53,11,6,5,663.3
115,54,1,0,1,0
115,67,1,0,1,0
116,50,6,2,4,352.2
116,51,4,2,2,0
116,52,40,19,21,1804
116,53,9,5,4,583.2
116,54,2,1,1,0
116,68,2,1,1,0
116,119,9,2,7,315
117,51,18,9,9,925.2
117,52,23,13,10,1219
117,79,2,2,0,0
118,29,2,1,1,0
118,51,12,6,6,505.2
118,54,1,1,0,0
118,56,8,4,4,431.2
118,73,6,1,5,243
118,74,4,2,2,0
118,75,2,1,1,0
118,123,2,1,1,0
118,124,1,1,0,0
119,27,2,2,0,0
119,28,1,0,1,0
119,56,12,5,7,651.6
119,71,6,4,2,294
119,72,5,2,3,343
119,77,2,0,2,0
119,119,3,2,1,0
119,123,1,0,1,0
120,58,2,1,1,0
120,71,1,1,0,0
120,118,1,1,0,0
120,119,7,4,3,471.1
120,125,1,1,0,0
121,58,1,0,1,0
121,72,2,1,1,0
121,84,3,0,3,0
121,85,3,2,1,0
122,72,7,3,4,422.1
122,84,18,8,10,972
122,86,3,2,1,0
123,72,16,6,10,942.4
123,73,8,3,5,244
123,84,36,21,15,1854
123,85,9,6,3,226.8
123,86,16,6,10,952
123,104,2,2,0,0
123,108,4,2,2,0
124,86,19,12,7,830.3
124,87,1,0,1,0
124,107,3,2,1,0
124,108,5,4,1,330
124,110,4,1,3,0
124,111,2,1,1,0
125,71,22,11,11,935
125,72,4,2,2,0
125,73,24,13,11,1281.6
125,109,1,0,1,0
125,113,27,15,12,982.8
125,116,3,2,1,0
125,117,12,6,6,703.2
125,127,1,1,0,0
126,53,2,1,1,0
126,72,14,7,7,525
126,89,2,1,1,0
126,103,1,0,1,0
126,114,28,16,12,1369.2
126,115,48,26,22,1910.4
126,127,1,1,0,0
127,73,4,2,2,0
127,77,7,5,2,324.8
127,78,5,2,3,215
127,88,1,0,1,0
127,103,3,2,1,0
127,104,1,0,1,0
127,114,11,7,4,513.7
127,115,79,36,43,3578.7