x,y,p,m,f,ta
0,93,1,1,0,0
4,96,1,1,0,0
4,97,5,3,2,232
5,98,6,3,3,180
11,115,2,1,1,0
11,116,1,0,1,0
12,118,1,1,0,0
12,119,1,1,0,0
35,121,1,1,0,0
37,124,2,2,0,0
40,126,2,2,0,0
41,127,7,5,2,455
122,116,7,3,4,385
123,116,19,11,8,925.3
123,117,11,5,6,490.6
125,117,4,2,2,0
125,118,1,1,0,0
126,117,8,3,5,459.2
127,117,2,1,1,0