x,y,p,m,f,ta
0,0,16,8,8,686.4
0,2,37,19,18,1235.8
0,3,42,21,21,1516.2
0,4,18,9,9,754.2
0,5,860,455,405,27520
0,6,69,33,36,2773.8
0,7,25,15,10,992.5
0,8,645,322,323,24832.5
0,9,1514,756,758,50719
0,10,1524,770,754,57759.6
0,11,269,138,131,10114.4
0,12,17,8,9,661.3
0,13,13,5,8,601.9
0,14,21,15,6,852.6
0,15,8,5,3,326.4
0,16,11,3,8,528
0,17,43,14,29,1474.9
0,18,100,47,53,4020
0,19,438,239,199,16118.4
0,20,13,6,7,491.4
0,29,6,3,3,303
0,30,9,3,6,343.8
0,31,33,17,16,1547.7
0,32,1,1,0,0
0,39,3,1,2,0
0,46,8,5,3,308
0,47,2,1,1,0
0,48,22,12,10,1082.4
0,49,52,22,30,2158
0,50,7,3,4,193.9
0,54,13,9,4,588.9
0,60,1,1,0,0
0,72,20,9,11,1116
0,73,46,24,22,2392
0,90,834,416,418,35695.2
0,91,2767,1201,1566,130049
0,92,1769,853,916,78543.6
0,93,40,22,18,1548
0,94,25,12,13,1117.5
0,95,50,27,23,1695
0,96,363,191,172,12378.3
0,97,11,5,6,578.6
0,98,74,37,37,2656.6
0,99,137,73,64,4671.7
0,100,84,38,46,3460.8
0,101,28,13,15,963.2
0,102,18,11,7,561.6
0,103,4,1,3,0
0,104,36,20,16,1623.6
0,105,106,59,47,4006.8
0,106,18,12,6,781.2
0,107,4,2,2,0
1,0,2,1,1,0
1,2,1044,534,510,32155.2
1,3,230,126,104,8303
1,4,1,1,0,0
1,5,35,18,17,1169
1,6,11,7,4,568.7
1,7,55,31,24,2095.5
1,8,150,73,77,6615
1,9,1774,844,930,66347.6
1,10,1037,513,524,38783.8
1,11,374,191,183,13838
1,12,52,29,23,2324.4
1,13,38,22,16,1261.6
1,14,43,27,16,1707.1
1,15,3,1,2,0
1,16,3,2,1,0
1,18,1120,571,549,36960
1,19,656,337,319,21910.4
1,20,8,7,1,366.4
1,25,3,2,1,0
1,31,5,3,2,265
1,32,14,6,8,410.2
1,33,6,4,2,189
1,60,1,1,0,0
1,71,5,1,4,102
1,72,53,26,27,2215.4
1,73,2,1,1,0
1,90,2294,1102,1192,106441.6
1,91,2189,1093,1096,85152.1
1,92,1409,707,702,58473.5
1,93,554,274,280,22270.8
1,94,93,49,44,3403.8
1,95,232,116,116,7702.4
1,96,134,76,58,4288
1,97,44,20,24,1834.8
1,98,245,121,124,9187.5
1,99,150,75,75,4710
1,100,16,10,6,459.2
1,101,13,7,6,699.4
1,102,14,7,7,618.8
1,104,20,12,8,696
1,105,50,28,22,1465
1,106,18,10,8,716.4
1,107,6,3,3,271.8
2,2,4,1,3,0
2,3,127,60,67,5232.4
2,4,57,35,22,2017.8
2,5,15,10,5,624
2,6,8,3,5,268.8
2,7,4,1,3,0
2,8,12,8,4,588
2,9,101,58,43,4130.9
2,10,80,42,38,3152
2,11,39,18,21,1969.5
2,12,34,16,18,969
2,13,22,11,11,1089
2,15,17,7,10,647.7
2,16,219,104,115,8168.7
2,17,694,287,407,36365.6
2,18,850,459,391,32130
2,22,8,3,5,432
2,23,18,6,12,757.8
2,24,28,11,17,1064
2,25,17,10,7,623.9
2,26,65,39,26,2704
2,27,81,49,32,2648.7
2,33,2,0,2,0
2,34,12,9,3,307.2
2,35,7,4,3,415.1
2,56,3,1,2,0
2,71,25,13,12,1022.5
2,72,5,3,2,336
2,84,8,4,4,292.8
2,85,1,1,0,0
2,86,15,9,6,544.5
2,87,171,85,86,6771.6
2,88,96,46,50,3792
2,89,188,76,112,10302.4
2,90,2620,1313,1307,113184
2,91,2153,1030,1123,90426
2,92,703,340,363,30299.3
2,93,387,196,191,16099.2
2,94,156,78,78,6162
2,95,33,20,13,1290.3
2,96,25,12,13,990
2,97,42,22,20,1465.8
2,98,74,36,38,3344.8
2,99,14,7,7,676.2
2,100,36,20,16,1623.6
2,106,1,1,0,0
3,2,24,12,12,1144.8
3,3,24,13,11,897.6
3,4,70,41,29,3297
3,5,26,16,10,1037.4
3,6,15,9,6,580.5
3,7,24,16,8,945.6
3,8,1,0,1,0
3,9,9,6,3,552.6
3,10,30,17,13,1020
3,11,8,6,2,432
3,12,18,10,8,601.2
3,13,7,4,3,196
3,16,1445,726,719,53176
3,17,2228,1102,1126,101374
3,18,2236,1122,1114,84968
3,19,388,188,200,15403.6
3,20,228,122,106,8550
3,21,11,9,2,434.5
3,22,62,35,27,2752.8
3,23,14,10,4,485.8
3,24,27,16,11,1009.8
3,25,33,17,16,1376.1
3,26,111,57,54,4184.7
3,27,788,390,398,23955.2
3,28,72,37,35,2858.4
3,29,1,1,0,0
3,32,669,340,329,20538.3
3,33,1661,847,814,63118
3,34,294,144,150,12789
3,35,201,108,93,8361.6
3,36,55,26,29,1980
3,46,3,1,2,0
3,55,11,6,5,536.8
3,56,27,16,11,915.3
3,57,15,8,7,439.5
3,78,2,1,1,0
3,80,3,3,0,0
3,81,2,2,0,0
3,83,17,8,9,785.4
3,84,19,12,7,706.8
3,85,13,7,6,436.8
3,86,71,36,35,2875.5
3,87,858,430,428,34920.6
3,88,542,272,270,19566.2
3,89,265,123,142,12587.5
3,90,1782,860,922,74665.8
3,91,636,307,329,25948.8
3,92,955,486,469,37436
3,93,158,77,81,6288.4
3,94,73,39,34,3124.4
3,95,11,6,5,424.6
3,96,16,10,6,644.8
3,97,26,16,10,1092
3,98,32,13,19,1449.6
3,99,37,19,18,1783.4
3,100,14,8,6,638.4
3,101,6,2,4,244.8
4,0,8,5,3,328
4,1,10,4,6,338
4,2,28,15,13,1428
4,3,45,22,23,2011.5
4,4,42,22,20,1402.8
4,5,10,6,4,332
4,9,7,3,4,338.1
4,10,16,9,7,737.6
4,11,26,12,14,1060.8
4,12,14,8,6,495.6
4,13,12,4,8,573.6
4,14,3,2,1,0
4,16,1466,725,741,44713
4,17,1370,672,698,52745
4,18,779,381,398,28044
4,19,2049,1015,1034,64133.7
4,22,2,1,1,0
4,23,4,3,1,0
4,25,3,2,1,0
4,27,5,4,1,256
4,28,143,87,56,5448.3
4,29,35,22,13,1414
4,30,77,44,33,3272.5
4,31,1350,673,677,45630
4,32,1044,520,524,42282
4,33,686,333,353,31556
4,34,53,29,24,2024.6
4,35,98,41,57,4527.6
4,36,46,26,20,1665.2
4,37,4,2,2,0
4,38,3,1,2,0
4,39,1,1,0,0
4,54,31,17,14,1047.8
4,55,242,121,121,10309.2
4,56,159,80,79,6185.1
4,57,17,8,9,725.9
4,67,2,1,1,0
4,77,16,8,8,787.2
4,78,20,10,10,932
4,79,17,8,9,652.8
4,80,9,4,5,268.2
4,81,33,14,19,1524.6
4,82,131,64,67,4323
4,83,45,21,24,1570.5
4,84,40,18,22,1516
4,85,7,4,3,203
4,86,38,19,19,1641.6
4,87,777,383,394,30769.2
4,88,1419,656,763,63287.4
4,89,488,224,264,20935.2
4,90,92,47,45,3238.4
4,91,80,40,40,3184
4,92,44,22,22,1861.2
4,93,38,24,14,1155.2
4,94,45,25,20,1575
4,95,7,4,3,286.3
4,96,26,15,11,1242.8
4,97,9,6,3,380.7
4,98,49,23,26,1832.6
4,101,4,2,2,0
5,0,177,81,96,5610.9
5,1,9,5,4,500.4
5,2,13,5,8,378.3
5,3,655,338,317,25152
5,4,110,59,51,4114
5,5,23,16,7,772.8
5,6,11,6,5,437.8
5,7,11,4,7,486.2
5,8,5,3,2,336
5,9,34,22,12,1285.2
5,10,14,7,7,582.4
5,11,133,81,52,5226.9
5,12,846,419,427,28848.6
5,13,26,15,11,1349.4
5,15,40,22,18,1544
5,16,1271,630,641,42070.1
5,17,316,168,148,12166
5,18,6,3,3,243
5,19,2,1,1,0
5,20,26,9,17,915.2
5,21,11,6,5,403.7
5,22,56,29,27,1937.6
5,27,21,9,12,919.8
5,28,500,261,239,16000
5,29,1132,603,529,36450.4
5,30,747,377,370,24352.2
5,31,1765,893,872,65658
5,32,552,264,288,23239.2
5,33,253,135,118,9386.3
5,34,222,126,96,8880
5,35,68,38,30,2856
5,36,80,48,32,2880
5,37,266,123,143,11358.2
5,38,200,94,106,6340
5,39,28,11,17,840
5,40,7,5,2,382.2
5,41,1,1,0,0
5,45,5,3,2,123
5,46,11,7,4,456.5
5,47,1,1,0,0
5,53,7,5,2,389.9
5,54,33,18,15,1164.9
5,55,12,7,5,450
5,56,6,2,4,243
5,57,83,44,39,3652
5,58,27,14,13,1055.7
5,62,8,6,2,260.8
5,63,7,5,2,259.7
5,66,4,1,3,0
5,73,3,2,1,0
5,75,8,4,4,400
5,76,7,3,4,380.1
5,77,20,12,8,904
5,78,13,7,6,490.1
5,79,21,12,9,850.5
5,80,95,45,50,3154
5,81,42,20,22,1932
5,82,22,14,8,1130.8
5,83,147,78,69,4733.4
5,84,212,91,121,7483.6
5,85,25,13,12,907.5
5,86,51,24,27,2136.9
5,87,1605,798,807,61953
5,88,288,144,144,12643.2
5,89,23,10,13,972.9
5,90,838,407,431,32430.6
5,91,1158,538,620,47709.6
5,92,60,37,23,2568
5,93,435,221,214,17139
5,94,152,83,69,6110.4
5,95,37,24,13,1339.4
5,96,23,12,11,834.9
5,97,11,6,5,474.1
5,98,54,28,26,2057.4
5,99,52,27,25,2017.6
5,100,6,3,3,270
6,0,156,72,84,6099.6
6,1,46,25,21,1807.8
6,2,52,26,26,2132
6,3,274,148,126,11398.4
6,4,39,21,18,1770.6
6,5,16,7,9,816
6,7,38,23,15,1782.2
6,10,5,1,4,231
6,11,26,16,10,1019.2
6,12,17,10,7,1052.3
6,13,6,3,3,391.2
6,14,16,9,7,632
6,15,23,11,12,786.6
6,16,1277,629,648,39842.4
6,17,394,203,191,13987
6,18,7,4,3,147
6,20,38,18,20,1535.2
6,21,88,47,41,3845.6
6,25,7,4,3,217.7
6,26,2,1,1,0
6,27,20,10,10,892
6,28,575,272,303,17997.5
6,29,780,399,381,28002
6,30,102,55,47,3794.4
6,31,47,24,23,1781.3
6,32,15,7,8,703.5
6,33,36,18,18,1756.8
6,34,61,28,33,2220.4
6,35,25,17,8,1170
6,36,36,17,19,1710
6,37,487,240,247,19967
6,38,361,177,184,11913
6,39,47,21,26,1851.8
6,40,20,10,10,692
6,41,23,10,13,936.1
6,42,37,20,17,1650.2
6,43,15,9,6,708
6,44,260,130,130,10348
6,45,104,54,50,4409.6
6,46,79,44,35,3318
6,47,43,24,19,1999.5
6,49,1,1,0,0
6,50,27,14,13,1082.7
6,51,19,10,9,860.7
6,52,27,15,12,1131.3
6,53,9,7,2,420.3
6,58,28,14,14,1481.2
6,59,23,12,11,1184.5
6,60,6,4,2,355.2
6,61,36,14,22,1807.2
6,62,16,8,8,500.8
6,63,36,19,17,1677.6
6,64,4,2,2,0
6,70,1,1,0,0
6,76,2,0,2,0
6,77,19,11,8,784.7
6,78,18,8,10,675
6,79,72,42,30,2613.6
6,80,26,14,12,1071.2
6,81,19,10,9,710.6
6,82,18,9,9,774
6,83,8,5,3,271.2
6,84,9,4,5,295.2
6,85,64,37,27,2649.6
6,86,292,157,135,10512
6,87,191,96,95,6494
6,88,104,59,45,3723.2
6,89,581,307,274,21555.1
6,90,314,169,145,13439.2
6,91,237,124,113,8840.1
6,92,247,112,135,12374.7
6,93,221,99,122,8817.9
6,94,63,31,32,2620.8
6,95,6,3,3,291
6,96,29,15,14,1322.4
6,97,27,12,15,1112.4
6,98,9,2,7,440.1
6,99,72,38,34,2541.6
7,0,255,134,121,9766.5
7,1,14,7,7,792.4
7,2,6,2,4,196.8
7,3,2,2,0,0
7,4,16,8,8,611.2
7,5,10,4,6,323
7,7,17,8,9,651.1
7,8,37,24,13,1302.4
7,10,7,4,3,275.8
7,11,88,45,43,3194.4
7,12,10,5,5,395
7,13,12,7,5,567.6
7,14,30,12,18,1056
7,15,18,9,9,914.4
7,16,25,10,15,1020
7,17,266,132,134,8884.4
7,18,13,7,6,702
7,21,22,12,10,880
7,22,12,8,4,460.8
7,26,20,11,9,1032
7,28,6,3,3,232.2
7,29,30,19,11,906
7,30,20,11,9,520
7,31,91,46,45,3676.4
7,32,9,6,3,426.6
7,33,26,16,10,1068.6
7,34,7,4,3,230.3
7,35,2,1,1,0
7,36,35,18,17,1498
7,37,207,95,112,9708.3
7,38,202,108,94,7635.6
7,39,43,22,21,1616.8
7,40,20,8,12,1094
7,41,68,29,39,2624.8
7,42,39,18,21,1579.5
7,43,20,10,10,656
7,44,20,9,11,768
7,45,153,88,65,5737.5
7,61,2,1,1,0
7,62,5,2,3,193
7,63,10,4,6,430
7,69,8,4,4,287.2
7,71,8,5,3,452
7,72,8,5,3,504.8
7,73,15,7,8,625.5
7,74,6,2,4,406.8
7,75,5,3,2,235
7,77,2,2,0,0
7,78,24,12,12,988.8
7,79,71,40,31,2932.3
7,80,177,88,89,7416.3
7,81,614,249,365,34629.6
7,82,30,17,13,1098
7,83,49,27,22,1504.3
7,84,57,29,28,2690.4
7,85,39,22,17,1524.9
7,86,11,6,5,416.9
7,87,82,42,40,3329.2
7,88,27,14,13,1007.1
7,89,12,7,5,462
7,90,128,72,56,5030.4
7,91,143,74,69,5348.2
7,92,127,75,52,5245.1
7,93,33,17,16,1254
7,94,40,21,19,1792
7,95,22,12,10,1304.6
7,96,33,15,18,1659.9
7,97,23,12,11,1030.4
7,98,37,22,15,1394.9
7,99,40,21,19,1572
8,0,5,2,3,205
8,2,38,25,13,1444
8,3,6,2,4,315
8,5,14,6,8,477.4
8,6,13,8,5,652.6
8,8,16,8,8,606.4
8,9,35,17,18,1564.5
8,10,14,6,8,883.4
8,11,7,4,3,398.3
8,12,29,16,13,1261.5
8,13,4,2,2,0
8,14,2,1,1,0
8,15,30,18,12,1005
8,16,1,0,1,0
8,17,291,156,135,10330.5
8,18,37,23,14,1820.4
8,19,48,24,24,1857.6
8,20,145,79,66,5626
8,21,271,133,138,9810.2
8,22,490,244,246,17934
8,23,16,8,8,632
8,24,14,11,3,561.4
8,25,17,11,6,724.2
8,26,6,3,3,184.2
8,30,3,1,2,0
8,31,13,8,5,618.8
8,32,35,17,18,1410.5
8,33,102,54,48,4171.8
8,34,37,20,17,1261.7
8,35,57,30,27,2331.3
8,36,26,16,10,943.8
8,37,239,121,118,9010.3
8,38,77,45,32,2926
8,39,13,6,7,683.8
8,40,13,7,6,617.5
8,41,34,17,17,1543.6
8,42,12,7,5,501.6
8,43,79,44,35,3041.5
8,44,87,38,49,3619.2
8,45,48,25,23,1612.8
8,46,36,16,20,1220.4
8,48,2,1,1,0
8,68,10,5,5,268
8,69,1,1,0,0
8,70,20,9,11,742
8,71,10,5,5,534
8,72,11,6,5,486.2
8,73,3,0,3,0
8,74,21,12,9,894.6
8,75,20,11,9,872
8,76,7,4,3,445.2
8,77,55,28,27,2409
8,78,30,19,11,1032
8,79,33,19,14,1442.1
8,80,764,388,376,29948.8
8,81,839,417,422,36328.7
8,82,160,77,83,7360
8,83,57,26,31,2205.9
8,84,34,10,24,975.8
8,85,17,8,9,669.8
8,86,7,5,2,319.9
8,87,25,14,11,1075
8,88,31,19,12,1348.5
8,89,21,13,8,846.3
8,90,24,13,11,890.4
8,91,117,59,58,4890.6
8,92,211,99,112,9009.7
8,93,58,34,24,2221.4
8,94,22,11,11,1012
8,95,42,20,22,1953
8,96,58,29,29,2099.6
8,97,3,1,2,0
8,98,2,1,1,0
8,99,193,102,91,6465.5
9,0,106,55,51,4303.6
9,1,229,112,117,9961.5
9,2,52,29,23,1835.6
9,3,32,15,17,1270.4
9,5,1,1,0,0
9,6,34,15,19,1196.8
9,9,2,1,1,0
9,10,1,1,0,0
9,11,38,24,14,1520
9,12,2,1,1,0
9,13,26,11,15,1019.2
9,14,2,1,1,0
9,15,73,44,29,2263
9,16,22,13,9,1038.4
9,17,13,7,6,555.1
9,18,17,13,4,567.8
9,19,17,11,6,588.2
9,20,13,7,6,522.6
9,21,46,21,25,1605.4
9,22,209,111,98,7649.4
9,23,39,23,16,1583.4
9,32,21,11,10,669.9
9,35,54,30,24,2127.6
9,36,253,132,121,8602
9,37,486,237,249,23376.6
9,38,663,292,371,33481.5
9,39,89,42,47,3479.9
9,40,9,5,4,282.6
9,41,2,1,1,0
9,42,16,8,8,779.2
9,43,13,7,6,624
9,44,10,6,4,434
9,45,37,21,16,1335.7
9,46,356,169,187,14560.4
9,47,21,12,9,825.3
9,48,38,16,22,1558
9,50,18,10,8,842.4
9,52,7,2,5,370.3
9,53,28,16,12,1050
9,54,31,15,16,1311.3
9,55,1,0,1,0
9,56,4,2,2,0
9,57,6,3,3,252
9,58,12,7,5,441.6
9,67,4,1,3,0
9,68,3,1,2,0
9,70,22,10,12,979
9,71,42,23,19,2125.2
9,72,40,14,26,1308
9,73,10,7,3,479
9,74,15,8,7,658.5
9,75,15,9,6,415.5
9,76,17,10,7,681.7
9,77,7,4,3,167.3
9,78,71,38,33,2627
9,79,21,10,11,882
9,80,356,180,176,12602.4
9,81,109,55,54,4392.7
9,82,30,15,15,1380
9,83,8,5,3,276.8
9,84,21,9,12,892.5
9,85,15,6,9,481.5
9,86,53,26,27,2008.7
9,87,13,6,7,487.5
9,88,96,56,40,2841.6
9,89,24,12,12,832.8
9,90,27,18,9,963.9
9,91,19,10,9,904.4
9,92,71,35,36,2776.1
9,93,53,28,25,1870.9
9,94,26,12,14,933.4
9,95,365,184,181,14490.5
9,96,204,102,102,6976.8
9,97,5,3,2,101
9,98,9,3,6,448.2
9,99,24,12,12,1173.6
9,100,57,38,19,2342.7
10,0,58,28,30,2169.2
10,1,195,113,82,7858.5
10,2,40,21,19,1764
10,3,3,2,1,0
10,4,14,8,6,656.6
10,5,31,17,14,1162.5
10,6,7,3,4,301.7
10,8,14,9,5,634.2
10,9,2,1,1,0
10,12,2,1,1,0
10,13,30,15,15,1467
10,14,13,4,9,621.4
10,15,19,11,8,723.9
10,16,1,1,0,0
10,17,32,15,17,1164.8
10,19,13,8,5,724.1
10,20,9,6,3,348.3
10,21,5,3,2,279
10,22,31,14,17,1271
10,23,23,9,14,740.6
10,29,9,4,5,441.9
10,31,16,8,8,672
10,32,3,2,1,0
10,33,28,17,11,1106
10,34,18,11,7,802.8
10,35,18,7,11,792
10,36,86,40,46,4067.8
10,37,591,262,329,21394.2
10,38,198,103,95,8969.4
10,39,39,20,19,1185.6
10,40,32,16,16,1244.8
10,41,98,52,46,3449.6
10,42,94,46,48,4089
10,43,89,50,39,3230.7
10,44,59,30,29,2572.4
10,45,9,7,2,203.4
10,46,4,2,2,0
10,47,11,7,4,279.4
10,48,8,3,5,202.4
10,49,4,3,1,0
10,50,5,2,3,79
10,53,3,1,2,0
10,57,63,37,26,2331
10,58,28,16,12,1374.8
10,61,11,8,3,367.4
10,62,31,18,13,1190.4
10,63,64,34,30,2668.8
10,64,10,6,4,542
10,66,2,1,1,0
10,67,9,5,4,322.2
10,68,13,8,5,582.4
10,69,22,11,11,1067
10,70,27,11,16,1015.2
10,71,83,41,42,3635.4
10,72,11,4,7,499.4
10,73,6,4,2,246
10,74,1,0,1,0
10,75,7,3,4,189
10,77,4,1,3,0
10,78,10,5,5,521
10,79,6,3,3,310.2
10,80,30,15,15,1371
10,81,18,11,7,680.4
10,82,67,35,32,2773.8
10,83,21,9,12,892.5
10,84,21,14,7,764.4
10,85,45,23,22,1426.5
10,86,5,2,3,228
10,87,604,315,289,23374.8
10,88,60,32,28,2112
10,89,7,3,4,256.9
10,90,22,11,11,1161.6
10,91,15,6,9,858
10,92,23,15,8,993.6
10,93,58,31,27,2488.2
10,94,34,17,17,1421.2
10,95,43,22,21,2111.3
10,96,110,57,53,4059
10,97,106,58,48,3635.8
10,98,45,23,22,1899
10,99,8,2,6,252
10,100,2,1,1,0
10,101,4,2,2,0
11,0,3,1,2,0
11,1,76,38,38,3032.4
11,2,10,6,4,595
11,3,109,57,52,4098.4
11,4,329,164,165,12798.1
11,5,78,45,33,2886
11,6,7,6,1,200.9
11,7,21,13,8,714
11,8,14,6,8,785.4
11,9,2,1,1,0
11,13,8,4,4,372.8
11,14,3,2,1,0
11,15,18,11,7,700.2
11,16,16,7,9,691.2
11,17,27,14,13,893.7
11,18,10,5,5,388
11,19,2,1,1,0
11,20,35,19,16,1256.5
11,21,12,8,4,537.6
11,23,15,6,9,787.5
11,25,2,1,1,0
11,26,8,3,5,339.2
11,27,17,9,8,654.5
11,28,26,14,12,1128.4
11,29,40,23,17,1636
11,30,13,8,5,442
11,31,13,8,5,530.4
11,32,8,4,4,280
11,34,7,6,1,275.8
11,35,137,73,64,5904.7
11,36,540,279,261,21654
11,37,188,100,88,9024
11,38,501,239,262,21943.8
11,39,60,33,27,2172
11,40,21,11,10,770.7
11,41,8,4,4,216.8
11,45,3,2,1,0
11,49,16,9,7,796.8
11,52,13,4,9,439.4
11,53,1,1,0,0
11,56,3,1,2,0
11,62,39,22,17,1708.2
11,63,54,25,29,2057.4
11,64,52,28,24,2246.4
11,65,73,37,36,3460.2
11,66,6,2,4,193.2
11,68,13,7,6,630.5
11,69,341,172,169,14560.7
11,70,97,45,52,3501.7
11,71,1,1,0,0
11,80,12,6,6,418.8
11,81,166,85,81,6855.8
11,82,54,26,28,2224.8
11,83,25,15,10,735
11,84,16,9,7,526.4
11,85,24,11,13,1116
11,86,18,10,8,847.8
11,87,200,97,103,7700
11,88,149,79,70,6466.6
11,89,19,13,6,714.4
11,90,46,21,25,1449
11,91,4,3,1,0
11,92,2,1,1,0
11,93,41,23,18,1599
11,94,30,18,12,1401
11,95,28,18,10,1243.2
11,96,31,14,17,1019.9
11,97,38,20,18,1546.6
11,98,110,59,51,5060
11,99,62,33,29,2721.8
11,100,11,6,5,572
11,101,14,8,6,701.4
11,127,2,1,1,0
12,0,4,3,1,0
12,1,17,11,6,967.3
12,2,4,2,2,0
12,3,2,1,1,0
12,4,429,222,207,17074.2
12,5,7,2,5,252.7
12,6,13,5,8,491.4
12,7,25,13,12,1400
12,8,16,9,7,888
12,9,5,2,3,234
12,13,94,51,43,2472.2
12,14,1948,982,966,57466
12,15,59,34,25,2053.2
12,16,14,6,8,478.8
12,17,18,8,10,657
12,18,12,6,6,661.2
12,20,8,4,4,322.4
12,21,12,8,4,324
12,23,32,15,17,1539.2
12,24,323,163,160,12177.1
12,25,47,30,17,1865.9
12,26,22,12,10,1012
12,27,6,4,2,235.8
12,29,3,1,2,0
12,30,1,0,1,0
12,31,45,26,19,1935
12,32,14,7,7,595
12,33,9,5,4,443.7
12,35,12,6,6,315.6
12,36,7,3,4,317.1
12,37,78,40,38,2613
12,38,206,107,99,6180
12,44,13,7,6,386.1
12,45,9,6,3,345.6
12,52,2,1,1,0
12,64,30,15,15,1476
12,65,27,15,12,990.9
12,66,2,0,2,0
12,67,49,29,20,1994.3
12,68,16,8,8,740.8
12,69,84,43,41,3276
12,70,51,32,19,2101.2
12,71,2,1,1,0
12,80,2,1,1,0
12,81,122,63,59,4867.8
12,82,307,160,147,11021.3
12,83,11,4,7,488.4
12,84,35,21,14,1557.5
12,85,21,9,12,743.4
12,86,34,20,14,1669.4
12,87,25,15,10,1035
12,88,15,6,9,480
12,89,22,12,10,1016.4
12,90,18,9,9,851.4
12,91,12,2,10,470.4
12,92,11,5,6,553.3
12,93,31,18,13,1081.9
12,94,19,9,10,780.9
12,95,30,17,13,1233
12,96,22,10,12,877.8
12,97,28,14,14,1069.6
12,98,24,13,11,1190.4
12,99,9,4,5,342
13,0,44,18,26,2635.6
13,1,38,19,19,1630.2
13,2,1,1,0,0
13,3,108,56,52,3402
13,4,1545,770,775,55156.5
13,5,309,158,151,11896.5
13,6,28,12,16,1072.4
13,7,33,28,5,1366.2
13,8,22,12,10,957
13,9,19,10,9,666.9
13,10,10,5,5,518
13,11,25,13,12,995
13,12,27,15,12,1312.2
13,13,108,54,54,4179.6
13,14,41,19,22,1435
13,15,26,13,13,1058.2
13,16,36,20,16,1407.6
13,17,27,14,13,1250.1
13,18,20,10,10,872
13,20,18,12,6,748.8
13,21,16,9,7,732.8
13,22,13,7,6,705.9
13,23,48,24,24,1972.8
13,24,109,61,48,4054.8
13,25,11,5,6,577.5
13,26,10,7,3,265
13,27,10,5,5,485
13,28,16,10,6,553.6
13,29,23,13,10,1179.9
13,30,31,17,14,1019.9
13,31,35,15,20,1326.5
13,32,32,15,17,1584
13,33,6,3,3,232.8
13,37,4,2,2,0
13,38,53,26,27,2098.8
13,39,38,20,18,1322.4
13,40,42,18,24,1776.6
13,41,16,5,11,492.8
13,54,2,1,1,0
13,55,8,4,4,290.4
13,56,14,8,6,764.4
13,57,3,1,2,0
13,67,70,40,30,3136
13,70,28,15,13,1125.6
13,71,3,2,1,0
13,72,4,2,2,0
13,73,8,5,3,258.4
13,74,17,12,5,744.6
13,75,7,4,3,191.8
13,76,14,7,7,698.6
13,77,12,6,6,538.8
13,78,28,16,12,1332.8
13,79,22,10,12,1027.4
13,80,34,18,16,1292
13,81,13,8,5,479.7
13,82,86,38,48,3680.8
13,83,121,60,61,4549.6
13,84,217,110,107,9743.3
13,85,32,18,14,1241.6
13,86,65,33,32,3003
13,87,13,6,7,399.1
13,88,7,4,3,261.8
13,89,43,22,21,1612.5
13,90,24,13,11,1154.4
13,91,18,10,8,844.2
13,92,27,13,14,882.9
13,93,54,32,22,2338.2
13,94,3,1,2,0
13,97,8,4,4,242.4
13,98,2,1,1,0
14,0,9,6,3,447.3
14,1,139,71,68,5268.1
14,2,13,5,8,747.5
14,3,10,4,6,434
14,5,23,14,9,1046.5
14,6,157,82,75,5510.7
14,7,162,82,80,6820.2
14,8,8,5,3,407.2
14,9,2,1,1,0
14,10,3,2,1,0
14,12,222,111,111,9235.2
14,13,494,240,254,15709.2
14,14,10,6,4,356
14,15,53,31,22,2369.1
14,16,13,6,7,860.6
14,17,1,1,0,0
14,18,40,24,16,1564
14,19,94,49,45,3055
14,20,14,6,8,606.2
14,21,1,1,0,0
14,22,9,4,5,421.2
14,23,6,3,3,225
14,24,17,7,10,902.7
14,25,11,5,6,460.9
14,26,16,10,6,750.4
14,27,16,9,7,636.8
14,28,45,24,21,1899
14,37,4,2,2,0
14,38,10,5,5,481
14,40,25,15,10,1075
14,41,55,28,27,2035
14,42,37,13,24,1465.2
14,55,5,4,1,79
14,56,1,0,1,0
14,67,13,5,8,365.3
14,68,22,10,12,891
14,69,3,2,1,0
14,70,4,3,1,0
14,71,13,6,7,439.4
14,72,3,2,1,0
14,73,5,3,2,307
14,74,29,14,15,1215.1
14,75,4,2,2,0
14,77,4,2,2,0
14,78,5,4,1,147
14,79,10,5,5,437
14,80,8,5,3,187.2
14,81,7,6,1,212.1
14,82,142,58,84,6631.4
14,83,156,77,79,7472.4
14,84,13,6,7,734.5
14,85,45,21,24,1620
14,86,16,6,10,684.8
14,87,48,25,23,1795.2
14,88,27,13,14,1269
14,89,80,41,39,3224
14,90,21,10,11,982.8
14,91,16,9,7,603.2
14,92,56,30,26,2178.4
14,93,113,53,60,5096.3
14,94,19,12,7,763.8
14,95,52,21,31,1695.2
14,96,39,22,17,1645.8
14,97,14,6,8,722.4
14,98,14,6,8,631.4
14,123,2,1,1,0
15,0,7,3,4,266
15,1,34,18,16,1655.8
15,2,49,29,20,2160.9
15,3,33,16,17,1141.8
15,4,20,11,9,1000
15,5,22,10,12,787.6
15,6,37,20,17,1184
15,7,360,179,181,14220
15,8,55,30,25,2073.5
15,9,12,5,7,435.6
15,10,8,5,3,266.4
15,11,26,14,12,1076.4
15,12,84,48,36,3620.4
15,13,17,6,11,639.2
15,14,14,7,7,456.4
15,15,6,3,3,220.8
15,16,51,29,22,2085.9
15,17,24,9,15,727.2
15,18,46,24,22,1807.8
15,19,9,3,6,410.4
15,21,2,1,1,0
15,22,2,1,1,0
15,23,8,4,4,384
15,24,147,73,74,5350.8
15,25,214,111,103,7169
15,26,113,54,59,4520
15,27,41,21,20,1767.1
15,28,4,1,3,0
15,40,53,27,26,2448.6
15,41,23,12,11,1124.7
15,42,29,16,13,1235.4
15,43,6,5,1,264
15,44,8,3,5,339.2
15,57,7,3,4,191.8
15,58,1,0,1,0
15,68,13,7,6,705.9
15,69,7,4,3,478.1
15,70,18,10,8,1044
15,71,9,4,5,455.4
15,72,19,8,11,752.4
15,73,10,5,5,517
15,74,10,3,7,459
15,75,15,7,8,604.5
15,76,18,10,8,592.2
15,77,5,3,2,289
15,78,48,26,22,1900.8
15,79,44,27,17,1724.8
15,80,15,10,5,598.5
15,81,37,19,18,1750.1
15,82,21,7,14,749.7
15,83,5,3,2,335
15,84,19,8,11,995.6
15,88,210,110,100,7749
15,89,185,89,96,7733
15,90,48,21,27,1939.2
15,91,28,18,10,1153.6
15,92,99,48,51,4118.4
15,93,505,251,254,21614
15,94,29,17,12,1209.3
15,95,23,12,11,959.1
15,96,53,20,33,1881.5
15,97,36,20,16,1346.4
15,98,45,23,22,1944
15,99,14,10,4,663.6
15,100,10,5,5,401
15,101,2,1,1,0
15,123,5,4,1,271
15,124,5,3,2,75
15,127,10,5,5,362
16,3,48,25,23,1440
16,4,6,3,3,268.8
16,5,2,1,1,0
16,6,28,13,15,1302
16,7,99,57,42,3554.1
16,8,15,9,6,637.5
16,9,17,8,9,766.7
16,10,149,79,70,6019.6
16,11,15,5,10,424.5
16,12,24,11,13,664.8
16,13,16,9,7,798.4
16,14,17,10,7,793.9
16,15,22,10,12,847
16,16,21,12,9,837.9
16,17,133,61,72,6104.7
16,18,38,19,19,1865.8
16,19,4,2,2,0
16,20,7,3,4,352.8
16,22,12,7,5,504
16,23,34,15,19,1315.8
16,24,194,93,101,7507.8
16,25,220,104,116,8910
16,26,147,78,69,6482.7
16,27,40,20,20,1764
16,28,4,2,2,0
16,57,5,3,2,304
16,69,8,3,5,388.8
16,70,13,6,7,457.6
16,71,1,1,0,0
16,72,25,13,12,810
16,73,27,14,13,1096.2
16,74,56,26,30,2329.6
16,75,68,41,27,2917.2
16,76,143,77,66,5948.8
16,77,416,195,221,18262.4
16,78,19,6,13,581.4
16,79,54,24,30,2300.4
16,80,77,43,34,3388
16,81,45,21,24,1696.5
16,82,5,2,3,194
16,83,21,10,11,989.1
16,84,34,18,16,1244.4
16,85,8,4,4,408
16,86,22,9,13,862.4
16,87,30,14,16,1236
16,88,269,137,132,9657.1
16,89,140,74,66,5236
16,90,35,17,18,1372
16,91,121,54,67,4961
16,92,177,78,99,8336.7
16,93,41,24,17,1660.5
16,94,36,22,14,1486.8
16,95,40,22,18,1788
16,96,23,12,11,880.9
16,97,44,21,23,1606
16,98,21,11,10,760.2
16,99,62,31,31,2883
16,100,5,3,2,282
16,101,7,6,1,263.2
16,121,1,1,0,0
16,125,26,16,10,1151.8
16,126,26,10,16,1102.4
16,127,17,11,6,855.1
17,7,31,16,15,1373.3
17,8,51,29,22,2055.3
17,9,20,12,8,946
17,10,59,31,28,1799.5
17,11,50,25,25,1765
17,13,41,22,19,1467.8
17,14,70,33,37,2765
17,15,8,3,5,311.2
17,16,22,10,12,1122
17,17,58,34,24,2175
17,18,283,145,138,13329.3
17,19,59,33,26,2088.6
17,20,32,18,14,1414.4
17,21,27,14,13,1069.2
17,22,4,2,2,0
17,23,92,49,43,4213.6
17,24,63,34,29,2305.8
17,25,26,11,15,1045.2
17,26,2,1,1,0
17,56,16,11,5,569.6
17,58,1,1,0,0
17,71,2,1,1,0
17,72,8,4,4,391.2
17,73,14,6,8,702.8
17,74,20,11,9,946
17,75,85,41,44,3060
17,76,99,41,58,3474.9
17,77,50,26,24,1635
17,78,37,16,21,1709.4
17,79,42,19,23,2406.6
17,80,41,22,19,1676.9
17,81,69,36,33,2925.6
17,82,42,19,23,2167.2
17,83,117,56,61,4984.2
17,84,16,10,6,662.4
17,86,6,3,3,229.8
17,87,26,15,11,1133.6
17,88,55,26,29,2057
17,89,21,9,12,756
17,90,180,94,86,6408
17,91,770,378,392,30646
17,92,1022,482,540,48136.2
17,93,550,267,283,21450
17,94,19,10,9,993.7
17,95,31,16,15,1147
17,96,34,17,17,1428
17,97,54,30,24,2489.4
17,98,71,37,34,2236.5
17,99,9,7,2,383.4
17,126,23,12,11,1106.3
17,127,32,14,18,1340.8
18,8,2,1,1,0
18,9,87,43,44,3836.7
18,10,35,18,17,1519
18,11,25,13,12,890
18,12,31,18,13,1202.8
18,13,3,3,0,0
18,14,99,59,40,4266.9
18,15,24,10,14,1041.6
18,16,6,3,3,142.8
18,17,3,2,1,0
18,18,122,57,65,4367.6
18,20,32,13,19,1264
18,21,33,18,15,1214.4
18,22,2,1,1,0
18,23,3,1,2,0
18,24,38,21,17,1349
18,56,2,1,1,0
18,71,3,2,1,0
18,73,20,11,9,1138
18,74,84,45,39,3746.4
18,75,75,37,38,3442.5
18,76,24,14,10,1166.4
18,77,17,9,8,656.2
18,78,6,5,1,321
18,79,68,36,32,3060
18,80,32,19,13,1222.4
18,81,16,10,6,572.8
18,82,54,29,25,2343.6
18,83,137,69,68,5260.8
18,84,8,5,3,356
18,85,8,6,2,270.4
18,86,12,7,5,541.2
18,87,8,5,3,364.8
18,89,27,13,14,1161
18,90,38,18,20,1782.2
18,91,12,8,4,520.8
18,92,39,19,20,1700.4
18,93,117,62,55,4235.4
18,94,32,18,14,1193.6
18,95,70,41,29,2681
18,96,30,16,14,1188
18,97,147,70,77,6115.2
18,98,63,32,31,2249.1
18,99,45,24,21,1845
18,100,32,18,14,1363.2
18,117,2,1,1,0
18,119,18,9,9,766.8
18,120,70,40,30,2940
18,125,21,10,11,672
18,127,67,36,31,2666.6
19,10,888,448,440,33477.6
19,11,152,79,73,5411.2
19,12,41,19,22,1594.9
19,13,435,196,239,21097.5
19,14,792,340,452,43797.6
19,15,12,3,9,514.8
19,16,7,2,5,375.2
19,17,1,1,0,0
19,18,15,9,6,613.5
19,19,9,5,4,502.2
19,20,17,8,9,632.4
19,21,37,20,17,1801.9
19,22,35,19,16,1473.5
19,23,17,8,9,549.1
19,56,2,1,1,0
19,69,6,3,3,136.2
19,72,10,5,5,414
19,73,26,16,10,1162.2
19,74,4,2,2,0
19,77,5,2,3,237
19,78,4,2,2,0
19,79,25,11,14,1177.5
19,80,9,5,4,378
19,82,26,12,14,748.8
19,83,45,23,22,1944
19,85,8,2,6,404.8
19,86,2,1,1,0
19,87,4,2,2,0
19,89,28,11,17,826
19,90,51,28,23,2070.6
19,91,38,19,19,1907.6
19,92,65,36,29,3003
19,93,61,32,29,2324.1
19,94,39,21,18,1591.2
19,95,15,7,8,487.5
19,96,8,5,3,496
19,97,69,41,28,3077.4
19,98,90,42,48,4311
19,99,18,10,8,725.4
19,100,26,13,13,912.6
19,117,5,2,3,273
19,118,11,7,4,390.5
19,119,13,8,5,562.9
19,120,14,6,8,673.4
19,121,13,9,4,587.6
19,122,8,4,4,314.4
19,123,6,3,3,393
19,124,7,6,1,296.8
19,125,62,32,30,1791.8
19,126,647,308,339,22062.7
19,127,88,42,46,3168
20,10,154,77,77,6206.2
20,11,75,32,43,3300
20,12,127,59,68,5143.5
20,13,966,452,514,44146.2
20,14,457,216,241,20565
20,15,868,404,464,35674.8
20,16,39,20,19,1318.2
20,17,18,9,9,491.4
20,18,7,4,3,322
20,19,78,44,34,3400.8
20,20,10,6,4,406
20,21,9,4,5,297
20,22,35,16,19,1774.5
20,23,67,34,33,2834.1
20,46,6,2,4,91.2
20,47,20,10,10,920
20,50,3,2,1,0
20,51,9,5,4,347.4
20,73,2,1,1,0
20,79,2,1,1,0
20,84,1,1,0,0
20,86,1,0,1,0
20,87,1,0,1,0
20,88,12,3,9,278.4
20,89,12,5,7,572.4
20,90,15,8,7,823.5
20,92,12,7,5,555.6
20,93,21,10,11,921.9
20,94,18,11,7,756
20,95,3,1,2,0
20,96,5,3,2,232
20,98,3,1,2,0
20,99,3,3,0,0
20,114,4,1,3,0
20,115,4,3,1,0
20,116,10,7,3,292
20,117,7,4,3,219.8
20,118,15,6,9,568.5
20,119,34,19,15,1421.2
20,120,51,24,27,2106.3
20,121,55,31,24,2183.5
20,122,21,11,10,907.2
20,123,6,4,2,220.2
20,124,17,11,6,863.6
20,125,57,30,27,2000.7
20,126,394,197,197,19266.6
20,127,642,325,317,27670.2
21,10,5,2,3,275
21,11,13,6,7,517.4
21,12,211,110,101,7553.8
21,13,216,109,107,9136.8
21,14,29,14,15,1139.7
21,15,107,56,51,4665.2
21,16,29,13,16,1052.7
21,17,32,16,16,1289.6
21,18,20,12,8,720
21,19,29,15,14,1122.3
21,20,15,9,6,658.5
21,21,6,4,2,235.8
21,22,30,14,16,975
21,23,11,7,4,465.3
21,25,14,8,6,700
21,26,23,15,8,841.8
21,27,10,3,7,563
21,29,4,3,1,0
21,31,6,3,3,184.8
21,32,22,12,10,871.2
21,44,16,8,8,483.2
21,45,3,3,0,0
21,46,28,13,15,1248.8
21,47,9,4,5,437.4
21,49,42,21,21,1999.2
21,50,78,41,37,3588
21,53,2,1,1,0
21,79,1,1,0,0
21,80,3,2,1,0
21,81,1,1,0,0
21,87,4,1,3,0
21,88,3,2,1,0
21,89,38,24,14,1755.6
21,93,1,1,0,0
21,96,2,1,1,0
21,97,4,2,2,0
21,112,9,6,3,243.9
21,113,31,18,13,1286.5
21,114,9,4,5,415.8
21,116,2,1,1,0
21,121,16,9,7,520
21,122,12,7,5,459.6
21,123,4,3,1,0
21,124,7,4,3,273.7
21,125,16,9,7,561.6
21,126,36,16,20,1738.8
21,127,94,47,47,3694.2
22,0,8,4,4,204.8
22,10,2,2,0,0
22,12,25,15,10,890
22,13,6,4,2,385.2
22,14,30,17,13,1071
22,15,36,17,19,1166.4
22,16,9,4,5,392.4
22,17,9,6,3,522
22,18,21,13,8,926.1
22,19,41,27,14,1623.6
22,20,511,263,248,18600.4
22,21,14,5,9,582.4
22,24,42,21,21,2062.2
22,25,95,48,47,4294
22,26,43,22,21,1423.3
22,27,16,10,6,766.4
22,28,16,10,6,652.8
22,29,65,36,29,2522
22,30,22,10,12,809.6
22,31,16,8,8,875.2
22,44,13,7,6,647.4
22,45,43,20,23,1904.9
22,46,78,38,40,3166.8
22,47,1,1,0,0
22,48,12,5,7,423.6
22,49,55,21,34,2337.5
22,50,37,19,18,1620.6
22,51,3,2,1,0
22,52,8,5,3,456.8
22,66,2,1,1,0
22,68,2,1,1,0
22,70,3,1,2,0
22,71,6,4,2,228
22,82,6,2,4,175.8
22,89,14,7,7,627.2
22,97,10,4,6,438
22,111,7,5,2,240.8
22,112,6,3,3,181.2
23,0,1,1,0,0
23,6,3,2,1,0
23,12,99,52,47,3395.7
23,13,20,9,11,970
23,14,77,36,41,2764.3
23,15,29,15,14,1566
23,16,11,6,5,526.9
23,17,28,11,17,1134
23,18,11,6,5,364.1
23,19,58,32,26,2296.8
23,20,75,38,37,3075
23,21,32,13,19,1283.2
23,22,2,2,0,0
23,23,37,18,19,1258
23,24,37,21,16,1346.8
23,26,280,145,135,11116
23,27,5,3,2,210
23,28,2,1,1,0
23,30,2,1,1,0
23,44,46,23,23,2051.6
23,45,10,5,5,414
23,46,13,6,7,755.3
23,47,17,9,8,807.5
23,48,33,19,14,1544.4
23,49,97,53,44,3695.7
23,50,77,39,38,3280.2
23,51,20,10,10,730
23,69,5,3,2,170
23,70,3,1,2,0
23,83,3,3,0,0
23,86,5,3,2,147
23,88,5,2,3,140
23,89,21,14,7,1060.5
23,98,5,3,2,243
23,110,16,9,7,641.6
23,111,3,3,0,0
24,4,2,1,1,0
24,12,29,16,13,1104.9
24,13,25,13,12,765
24,14,2,1,1,0
24,17,19,8,11,750.5
24,18,33,18,15,1722.6
24,19,199,104,95,6169
24,20,29,18,11,1339.8
24,21,16,8,8,524.8
24,23,34,20,14,1621.8
24,24,22,14,8,926.2
24,26,57,31,26,2285.7
24,27,37,21,16,1221
24,28,10,3,7,494
24,42,26,14,12,891.8
24,43,7,3,4,249.9
24,44,142,77,65,5651.6
24,45,59,31,28,3026.7
24,46,65,30,35,2593.5
24,47,33,16,17,1788.6
24,48,22,11,11,902
24,49,15,7,8,681
24,61,1,1,0,0
24,81,7,3,4,420
24,82,39,21,18,1758.9
24,83,2,1,1,0
24,86,24,15,9,1188
24,87,4,2,2,0
24,88,17,11,6,710.6
24,98,20,11,9,892
24,109,47,25,22,1551
24,110,26,12,14,1201.2
24,111,7,3,4,336
25,11,16,9,7,588.8
25,18,57,30,27,2177.4
25,19,54,27,27,2278.8
25,20,21,12,9,856.8
25,21,29,15,14,1247
25,22,40,20,20,1728
25,23,40,24,16,2172
25,24,52,26,26,2340
25,25,25,12,13,1142.5
25,26,48,25,23,2006.4
25,27,58,32,26,2865.2
25,28,10,5,5,469
25,40,1,1,0,0
25,41,56,36,20,2352
25,42,60,35,25,2886
25,43,182,89,93,8317.4
25,44,549,262,287,27450
25,45,174,84,90,7412.4
25,82,29,18,11,1249.9
25,83,34,19,15,1200.2
25,84,7,5,2,315.7
25,86,7,4,3,354.9
25,88,2,1,1,0
25,98,22,11,11,983.4
25,105,7,4,3,240.1
25,106,41,22,19,1406.3
25,108,12,6,6,472.8
25,109,7,4,3,424.2
25,110,19,9,10,478.8
26,8,5,2,3,206
26,10,7,2,5,226.8
26,11,4,2,2,0
26,12,9,5,4,568.8
26,19,56,29,27,2133.6
26,20,7,2,5,410.9
26,22,40,22,18,1592
26,23,7,4,3,303.8
26,24,3,0,3,0
26,25,14,7,7,642.6
26,26,18,9,9,748.8
26,27,23,13,10,1039.6
26,28,4,2,2,0
26,41,14,7,7,760.2
26,42,27,11,16,950.4
26,43,87,41,46,3845.4
26,44,20,9,11,730
26,45,3,1,2,0
26,46,19,9,10,828.4
26,49,8,5,3,266.4
26,87,1,1,0,0
26,98,25,14,11,1085
26,99,26,15,11,936
26,100,76,42,34,2044.4
26,101,2,1,1,0
26,102,6,2,4,351
26,103,10,5,5,445
26,104,17,9,8,843.2
26,105,28,18,10,1008
26,106,18,10,8,682.2
26,107,16,9,7,724.8
26,108,8,3,5,300.8
26,109,28,15,13,1218
27,8,4,1,3,0
27,9,2,1,1,0
27,10,7,3,4,345.1
27,13,6,4,2,376.8
27,19,7,2,5,359.1
27,20,3,1,2,0
27,22,4,2,2,0
27,23,9,4,5,483.3
27,24,30,17,13,1395
27,25,59,29,30,2625.5
27,26,28,14,14,929.6
27,27,4,3,1,0
27,28,29,15,14,1426.8
27,38,6,3,3,252
27,39,8,3,5,552.8
27,40,7,5,2,273
27,41,8,4,4,372
27,42,23,11,12,1018.9
27,43,25,10,15,800
27,44,6,3,3,376.2
27,47,11,8,3,421.3
27,48,54,26,28,2457
27,49,13,5,8,483.6
27,85,3,1,2,0
27,86,5,5,0,152
27,96,4,3,1,0
27,97,4,1,3,0
27,98,8,4,4,326.4
27,99,609,315,294,24238.2
27,100,337,165,172,9638.2
27,101,40,24,16,1488
27,102,13,5,8,631.8
27,103,41,19,22,1635.9
27,104,61,34,27,2354.6
27,105,22,13,9,902
27,106,4,1,3,0
27,108,14,6,8,379.4
27,109,10,5,5,466
27,111,1,1,0,0
28,14,4,2,2,0
28,17,14,7,7,732.2
28,18,33,17,16,1501.5
28,19,9,3,6,425.7
28,20,25,14,11,1170
28,21,7,5,2,193.2
28,22,13,8,5,604.5
28,23,28,13,15,1254.4
28,24,4,2,2,0
28,25,77,37,40,2725.8
28,26,27,12,15,912.6
28,34,6,2,4,259.8
28,37,24,14,10,760.8
28,38,32,17,15,1500.8
28,39,38,20,18,1413.6
28,40,11,6,5,687.5
28,42,43,22,21,1560.9
28,43,16,11,5,580.8
28,44,4,2,2,0
28,45,24,11,13,1303.2
28,46,27,12,15,1414.8
28,47,42,23,19,1541.4
28,48,28,12,16,1442
28,84,10,5,5,498
28,85,5,3,2,313
28,96,53,30,23,2035.2
28,97,167,93,74,5627.9
28,98,692,307,385,27749.2
28,99,387,195,192,13932
28,100,4,2,2,0
28,101,313,152,161,14116.3
28,102,68,31,37,2536.4
28,103,35,20,15,1774.5
28,104,4,2,2,0
28,124,7,5,2,378
29,7,6,1,5,274.8
29,16,2,1,1,0
29,17,11,5,6,295.9
29,18,15,9,6,499.5
29,19,3,2,1,0
29,20,38,20,18,1938
29,21,30,19,11,1212
29,22,161,87,74,6407.8
29,23,109,46,63,4185.6
29,24,44,21,23,1993.2
29,25,196,93,103,7487.2
29,26,33,18,15,1392.6
29,27,45,20,25,1579.5
29,28,2,1,1,0
29,32,7,3,4,405.3
29,33,13,8,5,634.4
29,34,49,24,25,1803.2
29,35,29,14,15,1212.2
29,36,13,8,5,608.4
29,37,13,6,7,575.9
29,38,5,1,4,118
29,42,4,3,1,0
29,43,15,9,6,747
29,44,5,2,3,254
29,45,2,1,1,0
29,47,11,6,5,414.7
29,48,40,19,21,1896
29,49,44,25,19,1870
29,50,40,20,20,1600
29,51,7,3,4,182
29,52,5,3,2,327
29,53,27,14,13,1379.7
29,54,21,9,12,909.3
29,82,3,1,2,0
29,83,19,9,10,701.1
29,84,19,9,10,541.5
29,94,6,2,4,346.8
29,95,318,152,166,9730.8
29,96,1232,591,641,47308.8
29,97,821,369,452,34482
29,98,1055,494,561,51906
29,99,1357,628,729,62964.8
29,100,971,488,483,39422.6
29,101,1191,565,626,45853.5
29,102,5,3,2,379
29,103,4,2,2,0
29,122,2,1,1,0
30,15,1,1,0,0
30,16,22,12,10,935
30,17,16,10,6,587.2
30,18,25,11,14,1057.5
30,19,25,14,11,1220
30,20,36,17,19,1472.4
30,21,13,6,7,513.5
30,22,17,9,8,758.2
30,23,33,17,16,1438.8
30,24,38,21,17,1637.8
30,25,7,2,5,203
30,26,31,13,18,1243.1
30,27,24,14,10,876
30,29,15,4,11,790.5
30,30,27,12,15,1282.5
30,31,24,13,11,1048.8
30,32,99,51,48,3811.5
30,33,89,46,43,3862.6
30,34,32,16,16,1260.8
30,35,42,21,21,1927.8
30,36,16,11,5,558.4
30,37,4,2,2,0
30,38,2,1,1,0
30,45,9,4,5,258.3
30,47,29,13,16,1597.9
30,48,63,35,28,2425.5
30,49,98,52,46,4478.6
30,50,121,57,64,4210.8
30,51,77,39,38,3234
30,52,204,112,92,9343.2
30,53,134,70,64,5654.8
30,54,34,20,14,1533.4
30,55,1,0,1,0
30,82,2,1,1,0
30,91,70,35,35,3066
30,92,4,3,1,0
30,93,8,5,3,316.8
30,94,61,26,35,2751.1
30,95,258,132,126,9623.4
30,96,1692,795,897,63280.8
30,97,866,423,443,36718.4
30,98,612,294,318,29743.2
30,99,636,311,325,24931.2
30,100,799,377,422,28764
30,101,3,1,2,0
31,0,7,4,3,457.8
31,1,3,1,2,0
31,6,2,1,1,0
31,16,4,2,2,0
31,20,18,8,10,777.6
31,21,15,9,6,478.5
31,22,20,12,8,1020
31,23,57,29,28,2337
31,24,42,23,19,1906.8
31,25,15,9,6,705
31,26,13,9,4,703.3
31,27,22,10,12,796.4
31,28,461,192,269,22681.2
31,29,87,44,43,3245.1
31,30,31,16,15,1165.6
31,31,29,16,13,1412.3
31,32,36,18,18,1292.4
31,33,27,12,15,1131.3
31,34,18,6,12,779.4
31,35,30,14,16,1356
31,36,28,16,12,1400
31,37,7,5,2,412.3
31,38,2,1,1,0
31,42,3,2,1,0
31,44,23,11,12,839.5
31,45,59,28,31,2601.9
31,46,111,52,59,3885
31,47,185,75,110,10101
31,48,92,48,44,4140
31,49,43,21,22,1745.8
31,50,24,14,10,909.6
31,51,53,28,25,2008.7
31,52,80,40,40,3680
31,53,45,26,19,2016
31,54,4,2,2,0
31,89,3,1,2,0
31,90,29,15,14,1273.1
31,91,36,16,20,1544.4
31,92,49,28,21,1935.5
31,93,45,21,24,1732.5
31,94,31,19,12,1140.8
31,95,1,0,1,0
31,99,41,21,20,1586.7
31,100,375,182,193,14287.5
31,101,28,15,13,1036
31,102,6,3,3,267
31,105,29,17,12,1220.9
31,106,23,13,10,1113.2
31,107,2,1,1,0
31,125,2,1,1,0
32,6,2,1,1,0
32,16,9,5,4,324.9
32,21,1,1,0,0
32,23,10,5,5,422
32,24,10,5,5,501
32,25,12,3,9,472.8
32,26,629,318,311,26229.3
32,27,583,281,302,25127.3
32,28,548,261,287,26030
32,29,95,41,54,4094.5
32,30,3,3,0,0
32,32,27,14,13,1198.8
32,33,15,6,9,535.5
32,34,17,9,8,511.7
32,41,4,2,2,0
32,42,23,11,12,1030.4
32,43,25,14,11,1135
32,44,39,18,21,1407.9
32,45,26,14,12,1206.4
32,46,33,19,14,1508.1
32,47,34,13,21,1404.2
32,48,15,7,8,654
32,49,5,2,3,203
32,90,36,18,18,1407.6
32,91,65,32,33,2444
32,92,189,98,91,8108.1
32,93,58,30,28,2511.4
32,94,2,1,1,0
32,99,6,3,3,157.2
32,100,4,2,2,0
32,101,152,79,73,5745.6
32,102,247,138,109,8669.7
32,103,5,2,3,294
32,104,15,8,7,729
32,105,81,43,38,2762.1
32,106,54,26,28,2224.8
32,107,3,1,2,0
32,108,38,20,18,1478.2
32,120,4,3,1,0
32,121,7,4,3,359.8
32,124,3,3,0,0
32,125,3,2,1,0
33,4,8,5,3,195.2
33,5,6,2,4,133.2
33,23,2,1,1,0
33,26,28,16,12,1164.8
33,27,95,49,46,3914
33,28,111,54,57,4750.8
33,29,18,5,13,883.8
33,30,16,7,9,676.8
33,33,2,2,0,0
33,34,19,8,11,805.6
33,41,28,15,13,1582
33,42,139,75,64,5851.9
33,43,39,19,20,1739.4
33,44,12,7,5,523.2
33,45,10,6,4,407
33,47,2,1,1,0
33,89,2,2,0,0
33,90,11,6,5,434.5
33,91,227,114,113,9284.3
33,92,117,62,55,4785.3
33,93,26,12,14,990.6
33,102,90,49,41,3105
33,103,55,25,30,2161.5
33,104,45,19,26,1800
33,105,3,2,1,0
33,107,11,6,5,467.5
33,118,1,1,0,0
33,124,1,1,0,0
34,1,2,1,1,0
34,11,4,2,2,0
34,25,8,4,4,334.4
34,26,84,42,42,3847.2
34,27,19,9,10,976.6
34,28,10,4,6,542
34,29,37,22,15,1413.4
34,32,2,0,2,0
34,33,3,3,0,0
34,37,13,6,7,426.4
34,38,27,16,11,1541.7
34,39,12,6,6,363.6
34,40,4,2,2,0
34,41,19,10,9,767.6
34,42,28,14,14,1453.2
34,43,6,4,2,210
34,89,22,11,11,992.2
34,90,50,28,22,2105
34,91,21,13,8,655.2
34,92,54,24,30,1846.8
34,93,56,33,23,2441.6
34,94,6,2,4,196.2
34,97,1,0,1,0
34,102,52,27,25,2204.8
34,103,31,16,15,1354.7
34,104,34,21,13,1390.6
34,105,52,26,26,2277.6
34,106,3,1,2,0
34,107,13,6,7,696.8
34,108,32,18,14,1337.6
34,109,7,5,2,287.7
35,2,5,2,3,132
35,11,19,10,9,1003.2
35,12,8,3,5,267.2
35,25,19,13,6,989.9
35,26,21,9,12,951.3
35,27,8,5,3,350.4
35,32,21,9,12,863.1
35,33,2,1,1,0
35,34,5,4,1,190
35,35,19,9,10,834.1
35,36,43,25,18,1861.9
35,37,12,7,5,454.8
35,38,13,8,5,621.4
35,39,18,10,8,1049.4
35,88,21,11,10,879.9
35,89,8,3,5,419.2
35,90,30,17,13,1110
35,91,5,4,1,202
35,92,25,14,11,1115
35,93,54,25,29,2597.4
35,98,5,3,2,275
35,99,17,11,6,734.4
35,102,29,13,16,1102
35,103,71,35,36,2818.7
35,104,74,39,35,2701
35,105,71,34,37,2619.9
35,106,4,2,2,0
35,107,60,29,31,2544
35,108,6,2,4,255
35,117,5,3,2,110
36,2,1,1,0,0
36,12,9,6,3,567.9
36,13,24,8,16,969.6
36,23,4,1,3,0
36,24,16,8,8,697.6
36,25,32,17,15,1529.6
36,26,30,16,14,936
36,27,15,6,9,828
36,28,19,11,8,784.7
36,29,18,7,11,853.2
36,30,15,7,8,504
36,31,11,6,5,441.1
36,32,3,3,0,0
36,33,29,17,12,1429.7
36,34,24,11,13,924
36,35,6,4,2,349.2
36,36,2,1,1,0
36,39,3,2,1,0
36,41,1,1,0,0
36,42,4,3,1,0
36,84,18,7,11,639
36,85,11,6,5,353.1
36,86,13,5,8,440.7
36,87,42,21,21,1650.6
36,88,15,10,5,732
36,89,118,59,59,4141.8
36,90,50,26,24,2005
36,91,8,5,3,304
36,99,7,2,5,268.1
36,102,5,3,2,217
36,103,18,10,8,487.8
36,105,4,2,2,0
36,106,36,16,20,1515.6
36,107,6,4,2,174
36,108,19,8,11,756.2
36,109,26,13,13,1125.8
36,110,11,7,4,477.4
36,113,4,1,3,0
36,115,1,0,1,0
37,2,2,1,1,0
37,7,8,6,2,350.4
37,12,2,1,1,0
37,23,14,8,6,709.8
37,24,30,14,16,1206
37,25,23,10,13,1058
37,26,20,10,10,1004
37,27,19,11,8,896.8
37,28,12,5,7,381.6
37,29,3,3,0,0
37,30,193,95,98,6812.9
37,31,42,19,23,1848
37,32,35,15,20,1515.5
37,34,4,1,3,0
37,42,2,1,1,0
37,81,8,6,2,266.4
37,82,3,2,1,0
37,83,2,1,1,0
37,85,1,0,1,0
37,86,4,3,1,0
37,87,9,5,4,294.3
37,88,3,2,1,0
37,89,89,42,47,3444.3
37,90,56,28,28,2273.6
37,91,50,26,24,2415
37,92,60,30,30,2220
37,93,17,11,6,714
37,94,4,2,2,0
37,103,36,20,16,1360.8
37,104,7,3,4,350.7
37,105,8,4,4,404
37,107,12,8,4,199.2
37,108,3,1,2,0
37,110,27,12,15,961.2
37,111,39,22,17,1396.2
37,112,21,8,13,816.9
37,113,8,3,5,172
37,115,4,2,2,0
38,11,3,1,2,0
38,12,17,8,9,1122
38,22,3,3,0,0
38,23,7,5,2,212.8
38,24,264,141,123,9820.8
38,25,43,24,19,1436.2
38,26,43,26,17,1634
38,27,15,5,10,534
38,29,3,3,0,0
38,30,30,14,16,1344
38,31,4,2,2,0
38,32,16,9,7,822.4
38,33,1,1,0,0
38,34,1,1,0,0
38,78,13,7,6,660.4
38,79,9,3,6,291.6
38,80,12,7,5,699.6
38,81,10,8,2,564
38,82,21,5,16,842.1
38,83,5,3,2,348
38,84,2,1,1,0
38,88,12,7,5,637.2
38,89,24,10,14,1036.8
38,90,8,6,2,324
38,91,3,2,1,0
38,92,8,4,4,410.4
38,93,7,5,2,282.8
38,94,2,0,2,0
38,102,2,1,1,0
38,103,40,20,20,1668
38,104,89,26,63,4895
38,105,58,31,27,2859.4
38,106,2,1,1,0
38,107,8,4,4,416.8
38,108,18,7,11,599.4
38,111,4,1,3,0
38,112,2,1,1,0
38,114,4,2,2,0
38,116,4,2,2,0
38,117,7,3,4,328.3
38,118,4,3,1,0
39,12,3,2,1,0
39,20,3,2,1,0
39,21,3,2,1,0
39,22,6,2,4,139.8
39,24,60,31,29,2472
39,25,63,32,31,3105.9
39,26,35,18,17,1582
39,27,19,9,10,653.6
39,28,24,13,11,926.4
39,29,2,1,1,0
39,74,6,4,2,376.2
39,75,13,8,5,704.6
39,76,7,4,3,336.7
39,77,3,1,2,0
39,78,59,31,28,2855.6
39,79,74,44,30,3159.8
39,80,7,6,1,357
39,81,26,14,12,1370.2
39,82,16,10,6,820.8
39,83,11,7,4,531.3
39,98,3,2,1,0
39,99,4,2,2,0
39,102,3,1,2,0
39,104,31,13,18,1221.4
39,108,1,0,1,0
39,109,2,2,0,0
39,110,21,11,10,751.8
39,112,3,2,1,0
39,113,8,5,3,404.8
39,114,20,10,10,778
39,115,5,3,2,357
39,116,2,1,1,0
40,20,13,7,6,590.2
40,21,46,26,20,1564
40,22,4,1,3,0
40,24,83,41,42,3336.6
40,25,22,12,10,864.6
40,26,41,22,19,1927
40,27,33,17,16,1237.5
40,28,1,1,0,0
40,29,4,2,2,0
40,30,4,2,2,0
40,72,4,3,1,0
40,73,6,2,4,145.2
40,74,12,5,7,742.8
40,75,29,16,13,1441.3
40,76,6,2,4,324
40,77,1,1,0,0
40,78,19,10,9,900.6
40,79,21,11,10,1083.6
40,80,15,9,6,609
40,81,3,1,2,0
40,82,4,1,3,0
40,99,32,19,13,1465.6
40,101,5,2,3,222
40,102,14,7,7,565.6
40,104,4,3,1,0
40,105,27,16,11,1331.1
40,106,2,1,1,0
40,108,5,3,2,247
40,109,9,6,3,405
40,110,1,0,1,0
40,112,1,1,0,0
40,113,2,1,1,0
40,114,3,2,1,0
41,5,1,1,0,0
41,19,1,1,0,0
41,20,26,12,14,936
41,21,18,10,8,977.4
41,22,9,5,4,665.1
41,23,20,11,9,874
41,24,27,14,13,1293.3
41,25,55,32,23,2172.5
41,26,26,12,14,972.4
41,27,28,12,16,1369.2
41,28,6,4,2,222
41,29,1,1,0,0
41,70,7,3,4,447.3
41,71,29,17,12,1368.8
41,72,21,13,8,837.9
41,73,6,4,2,334.8
41,74,45,22,23,2164.5
41,75,24,15,9,602.4
41,76,7,4,3,272.3
41,77,12,5,7,548.4
41,78,7,3,4,326.2
41,79,7,3,4,235.9
41,80,196,105,91,8526
41,81,44,22,22,1548.8
41,83,1,1,0,0
41,98,10,4,6,333
41,99,6,2,4,348
41,101,28,14,14,1064
41,102,45,24,21,1471.5
41,103,32,18,14,1712
41,104,101,51,50,4393.5
41,105,46,23,23,1968.8
41,107,1,0,1,0
41,108,1,0,1,0
41,110,1,1,0,0
41,111,3,2,1,0
41,112,2,2,0,0
42,18,4,2,2,0
42,19,31,18,13,1553.1
42,20,140,71,69,4858
42,21,26,13,13,1047.8
42,22,14,9,5,760.2
42,23,24,12,12,1000.8
42,24,19,10,9,748.6
42,25,3,2,1,0
42,26,16,10,6,809.6
42,27,30,15,15,924
42,70,25,12,13,1115
42,71,54,29,25,2548.8
42,72,18,9,9,887.4
42,73,87,39,48,4236.9
42,74,181,92,89,7421
42,75,46,20,26,2635.8
42,76,24,11,13,931.2
42,77,11,6,5,416.9
42,78,2,2,0,0
42,79,52,25,27,2178.8
42,80,116,62,54,5614.4
42,81,80,38,42,4352
42,82,22,12,10,963.6
42,83,11,6,5,544.5
42,84,1,0,1,0
42,99,8,3,5,228
42,100,6,4,2,262.2
42,101,15,8,7,691.5
42,102,11,5,6,309.1
42,103,19,11,8,754.3
42,104,69,38,31,2898
42,105,28,12,16,1279.6
42,106,15,7,8,796.5
42,107,2,1,1,0
42,109,3,2,1,0
42,110,55,29,26,2596
42,111,42,22,20,2175.6
42,112,20,10,10,824
42,113,14,6,8,561.4
42,114,8,5,3,419.2
42,115,5,1,4,196
43,17,12,7,5,406.8
43,18,2,1,1,0
43,19,46,23,23,1890.6
43,20,112,49,63,5387.2
43,21,80,42,38,2368
43,22,30,15,15,1110
43,23,27,15,12,1098.9
43,24,8,3,5,356
43,26,7,4,3,389.9
43,27,9,5,4,387.9
43,38,3,1,2,0
43,60,1,1,0,0
43,69,9,5,4,518.4
43,70,17,10,7,778.6
43,71,8,3,5,496.8
43,72,59,27,32,2430.8
43,73,191,78,113,11307.2
43,74,537,243,294,25185.3
43,75,184,97,87,7709.6
43,77,8,4,4,363.2
43,78,8,4,4,430.4
43,79,40,22,18,1528
43,80,48,26,22,1848
43,81,53,26,27,2374.4
43,82,8,4,4,492.8
43,99,7,3,4,219.1
43,100,5,3,2,184
43,101,14,7,7,774.2
43,103,6,3,3,235.8
43,104,18,10,8,808.2
43,105,34,18,16,1509.6
43,106,1,0,1,0
43,107,5,2,3,226
43,111,4,2,2,0
43,112,14,9,5,666.4
43,113,15,9,6,412.5
43,114,7,4,3,359.1
44,19,3,1,2,0
44,20,31,17,14,1407.4
44,21,51,24,27,2228.7
44,22,7,3,4,475.3
44,24,4,3,1,0
44,25,57,31,26,2154.6
44,26,12,5,7,423.6
44,38,4,1,3,0
44,41,2,1,1,0
44,58,1,1,0,0
44,59,34,18,16,1686.4
44,60,4,3,1,0
44,66,4,2,2,0
44,67,7,4,3,287.7
44,68,6,4,2,262.8
44,69,29,14,15,1276
44,70,9,4,5,293.4
44,71,22,12,10,767.8
44,72,72,32,40,2772
44,77,10,6,4,396
44,78,13,5,8,539.5
44,79,8,5,3,414.4
44,80,2,1,1,0
44,81,56,30,26,2234.4
44,82,46,24,22,2056.2
44,83,2,1,1,0
44,100,2,1,1,0
44,105,29,17,12,977.3
44,106,15,5,10,760.5
44,107,8,5,3,371.2
44,112,2,1,1,0
45,21,5,3,2,341
45,22,19,12,7,967.1
45,23,35,18,17,1806
45,24,12,7,5,531.6
45,25,6,4,2,196.2
45,37,9,4,5,242.1
45,38,2,1,1,0
45,59,20,10,10,972
45,60,7,3,4,223.3
45,61,2,2,0,0
45,62,1,1,0,0
45,65,31,16,15,1209
45,66,13,6,7,276.9
45,67,8,5,3,556.8
45,69,2,1,1,0
45,70,4,2,2,0
45,75,9,7,2,291.6
45,76,2,1,1,0
45,77,15,8,7,598.5
45,78,27,13,14,1107
45,79,9,6,3,423.9
45,80,8,4,4,368
45,81,46,28,18,1863
45,82,36,20,16,1648.8
45,83,11,7,4,533.5
45,104,3,2,1,0
45,105,34,18,16,1451.8
45,106,18,9,9,880.2
45,113,6,3,3,252
46,19,10,4,6,451
46,21,4,3,1,0
46,22,3,1,2,0
46,23,14,6,8,565.6
46,24,2,2,0,0
46,25,2,1,1,0
46,37,1,1,0,0
46,38,10,6,4,547
46,57,3,2,1,0
46,58,18,6,12,453.6
46,59,37,21,16,1613.2
46,60,47,25,22,2063.3
46,61,27,13,14,1077.3
46,62,7,3,4,198.1
46,63,5,3,2,234
46,64,3,0,3,0
46,65,24,13,11,873.6
46,66,32,16,16,1216
46,68,2,1,1,0
46,75,6,2,4,280.8
46,76,11,4,7,331.1
46,77,24,12,12,1118.4
46,78,27,14,13,1347.3
46,79,8,3,5,499.2
46,80,48,25,23,2035.2
46,81,10,6,4,468
46,82,9,5,4,468.9
46,83,18,8,10,612
46,103,6,2,4,229.8
46,104,23,11,12,901.6
46,105,8,5,3,500.8
46,106,5,3,2,117
46,113,5,3,2,261
46,114,2,1,1,0
47,16,1,0,1,0
47,19,9,3,6,178.2
47,20,179,91,88,5226.8
47,21,28,14,14,1467.2
47,22,45,22,23,1719
47,23,16,6,10,617.6
47,37,12,7,5,496.8
47,38,34,20,14,1615
47,39,8,5,3,427.2
47,40,7,5,2,301.7
47,41,4,2,2,0
47,49,3,1,2,0
47,53,2,2,0,0
47,54,4,3,1,0
47,55,6,4,2,382.2
47,56,21,10,11,858.9
47,57,14,10,4,443.8
47,58,5,3,2,242
47,59,7,4,3,368.9
47,60,45,24,21,2115
47,61,4,2,2,0
47,63,70,57,13,2338
47,64,21,11,10,938.7
47,65,20,10,10,858
47,66,17,11,6,584.8
47,67,5,2,3,308
47,68,6,4,2,354
47,69,2,1,1,0
47,71,15,5,10,562.5
47,74,10,7,3,219
47,75,13,7,6,703.3
47,76,11,7,4,426.8
47,77,39,21,18,1977.3
47,78,29,13,16,1261.5
47,79,64,38,26,2988.8
47,80,14,5,9,595
47,103,10,4,6,607
47,104,9,5,4,376.2
47,111,1,1,0,0
47,116,4,3,1,0
48,9,3,2,1,0
48,13,2,1,1,0
48,19,558,271,287,22208.4
48,20,657,306,351,26082.9
48,21,822,389,433,37318.8
48,22,899,442,457,37218.6
48,26,5,3,2,299
48,32,4,3,1,0
48,37,46,23,23,1955
48,38,36,22,14,1605.6
48,39,6,4,2,285
48,49,5,3,2,307
48,50,13,6,7,739.7
48,51,4,1,3,0
48,52,13,6,7,800.8
48,53,46,24,22,1720.4
48,54,10,5,5,485
48,55,11,4,7,382.8
48,56,1,1,0,0
48,57,1,0,1,0
48,58,4,2,2,0
48,59,1,1,0,0
48,60,5,2,3,315
48,61,6,3,3,177
48,63,8,5,3,154.4
48,64,20,11,9,996
48,65,7,3,4,303.1
48,66,2,1,1,0
48,67,8,3,5,330.4
48,68,18,6,12,831.6
48,69,12,7,5,694.8
48,70,1,1,0,0
48,71,3,1,2,0
48,72,1,1,0,0
48,73,16,10,6,670.4
48,74,5,3,2,280
48,75,19,13,6,989.9
48,76,16,10,6,636.8
48,77,23,13,10,724.5
48,78,55,27,28,2326.5
48,79,12,9,3,567.6
48,101,4,2,2,0
48,102,6,4,2,235.8
48,103,7,3,4,188.3
48,104,4,2,2,0
48,115,1,1,0,0
48,116,5,3,2,193
49,6,5,3,2,254
49,7,3,2,1,0
49,13,5,2,3,282
49,18,3,2,1,0
49,19,1140,567,573,47196
49,20,990,493,497,44352
49,21,1523,711,812,74017.8
49,25,4,3,1,0
49,26,14,8,6,502.6
49,28,6,4,2,352.2
49,29,3,1,2,0
49,30,13,7,6,698.1
49,31,6,2,4,256.8
49,32,28,14,14,1276.8
49,33,3,2,1,0
49,34,15,10,5,652.5
49,35,6,4,2,310.2
49,36,24,13,11,840
49,37,61,27,34,2275.3
49,38,29,15,14,1110.7
49,41,2,1,1,0
49,42,5,3,2,269
49,48,2,0,2,0
49,49,23,15,8,1101.7
49,50,26,12,14,1203.8
49,51,7,4,3,434
49,52,11,4,7,451
49,53,6,3,3,369
49,54,24,13,11,760.8
49,57,27,14,13,1287.9
49,58,19,9,10,951.9
49,59,8,3,5,222.4
49,61,29,14,15,1255.7
49,63,3,2,1,0
49,64,31,14,17,1252.4
49,65,25,13,12,1442.5
49,66,11,5,6,514.8
49,67,5,3,2,178
49,68,11,6,5,424.6
49,69,8,5,3,348
49,73,8,4,4,452.8
49,74,16,7,9,609.6
49,75,6,4,2,208.8
49,76,33,19,14,1623.6
49,77,17,7,10,741.2
49,78,2,1,1,0
49,101,6,4,2,309
49,102,3,2,1,0
49,115,2,1,1,0
49,116,2,1,1,0
49,127,1,1,0,0
50,2,9,3,6,456.3
50,6,3,0,3,0
50,8,11,7,4,613.8
50,10,9,5,4,374.4
50,12,3,2,1,0
50,13,18,10,8,750.6
50,14,11,7,4,504.9
50,16,6,4,2,229.2
50,17,21,10,11,1102.5
50,18,384,192,192,15206.4
50,19,1114,521,593,50130
50,20,703,341,362,29736.9
50,21,680,326,354,28900
50,22,58,29,29,2192.4
50,23,13,7,6,587.6
50,26,14,7,7,740.6
50,28,5,3,2,284
50,29,16,10,6,534.4
50,30,37,21,16,1631.7
50,31,9,4,5,505.8
50,32,24,10,14,1116
50,33,28,10,18,1215.2
50,34,45,25,20,1714.5
50,35,36,19,17,1382.4
50,36,18,11,7,757.8
50,37,22,11,11,1073.6
50,38,8,4,4,508
50,39,8,3,5,315.2
50,41,1,1,0,0
50,42,28,13,15,1299.2
50,43,12,9,3,438
50,44,11,6,5,291.5
50,45,15,9,6,802.5
50,46,11,5,6,554.4
50,47,9,4,5,339.3
50,48,1,1,0,0
50,49,2,1,1,0
50,50,5,2,3,296
50,51,9,2,7,581.4
50,52,15,7,8,817.5
50,53,29,14,15,1316.6
50,56,4,2,2,0
50,57,28,18,10,1383.2
50,58,51,24,27,2254.2
50,59,25,14,11,1017.5
50,60,38,17,21,1641.6
50,61,87,43,44,3828
50,62,19,10,9,811.3
50,63,33,13,20,1501.5
50,64,43,23,20,1535.1
50,65,83,40,43,3535.8
50,66,44,22,22,2147.2
50,67,35,18,17,1718.5
50,68,7,4,3,181.3
50,73,9,5,4,333.9
50,74,23,14,9,1092.5
50,76,31,16,15,1798
50,77,3,1,2,0
50,100,6,5,1,97.8
50,101,2,2,0,0
50,113,4,1,3,0
50,116,7,3,4,436.8
51,0,9,4,5,432
51,1,20,10,10,820
51,2,4,2,2,0
51,3,3,2,1,0
51,4,2,1,1,0
51,8,2,0,2,0
51,10,1,0,1,0
51,11,6,3,3,202.8
51,12,17,7,10,788.8
51,13,7,4,3,424.9
51,15,12,7,5,481.2
51,17,315,149,166,12096
51,18,1061,497,564,44349.8
51,19,874,417,457,35309.6
51,20,3,1,2,0
51,21,18,6,12,1508.4
51,22,2,2,0,0
51,23,3,3,0,0
51,24,21,11,10,1043.7
51,25,21,11,10,846.3
51,26,40,25,15,1852
51,27,8,4,4,488.8
51,28,12,6,6,435.6
51,29,31,17,14,1329.9
51,30,23,13,10,1281.1
51,31,2,1,1,0
51,33,5,2,3,156
51,34,224,113,111,8243.2
51,35,8,3,5,398.4
51,36,16,9,7,588.8
51,37,21,13,8,1136.1
51,38,9,4,5,389.7
51,39,39,24,15,1345.5
51,40,7,4,3,455.7
51,41,9,5,4,323.1
51,42,11,7,4,688.6
51,43,14,7,7,621.6
51,44,7,3,4,247.8
51,45,31,18,13,1209
51,46,27,12,15,1190.7
51,47,6,3,3,355.8
51,48,13,7,6,721.5
51,49,11,6,5,574.2
51,50,14,8,6,617.4
51,51,113,55,58,4610.4
51,52,21,12,9,789.6
51,53,18,9,9,874.8
51,54,1,1,0,0
51,56,9,5,4,421.2
51,57,17,7,10,681.7
51,58,53,27,26,2602.3
51,59,8,5,3,387.2
51,60,34,17,17,1621.8
51,61,8,3,5,355.2
51,62,38,17,21,1326.2
51,63,2,1,1,0
51,64,38,20,18,1717.6
51,65,25,13,12,945
51,66,2,2,0,0
51,67,107,53,54,4087.4
51,68,20,13,7,898
51,74,10,8,2,393
51,76,37,18,19,2027.6
51,97,2,1,1,0
51,100,14,8,6,554.4
51,117,1,0,1,0
51,124,10,6,4,459
51,125,7,3,4,242.9
51,126,2,1,1,0
51,127,5,2,3,135
52,0,4,3,1,0
52,8,5,3,2,313
52,10,9,5,4,496.8
52,11,18,10,8,772.2
52,12,9,5,4,447.3
52,13,20,7,13,636
52,14,27,15,12,1053
52,15,73,40,33,2752.1
52,16,18,7,11,945
52,19,1,1,0,0
52,20,14,8,6,683.2
52,21,51,31,20,1876.8
52,22,42,21,21,1638
52,23,5,2,3,252
52,25,6,3,3,367.8
52,26,399,200,199,16518.6
52,27,138,64,74,7327.8
52,28,18,10,8,786.6
52,29,8,5,3,415.2
52,30,29,15,14,1055.6
52,32,17,8,9,372.3
52,34,6,3,3,220.2
52,36,6,3,3,259.2
52,37,9,5,4,452.7
52,38,4,2,2,0
52,40,4,2,2,0
52,41,8,4,4,251.2
52,42,8,4,4,358.4
52,43,1,0,1,0
52,44,23,12,11,1235.1
52,45,45,24,21,2376
52,46,4,2,2,0
52,47,10,6,4,388
52,48,24,13,11,967.2
52,49,13,6,7,682.5
52,50,30,17,13,1083
52,51,5,4,1,333
52,52,5,1,4,329
52,53,15,6,9,676.5
52,57,24,14,10,1207.2
52,58,26,17,9,1110.2
52,59,10,8,2,366
52,60,100,48,52,4240
52,61,64,30,34,3328
52,62,18,9,9,709.2
52,64,13,6,7,733.2
52,65,45,23,22,1669.5
52,66,442,210,232,20995
52,67,616,273,343,34742.4
52,68,338,172,166,14601.6
52,69,40,16,24,1468
52,72,9,4,5,411.3
52,73,17,9,8,644.3
52,75,7,4,3,357
52,76,39,21,18,1739.4
52,77,1,1,0,0
52,97,7,4,3,389.2
52,99,4,3,1,0
52,100,1,1,0,0
52,119,1,1,0,0
52,122,4,2,2,0
52,123,2,1,1,0
52,124,15,6,9,637.5
52,125,4,3,1,0
52,126,6,2,4,295.2
52,127,4,2,2,0
53,0,24,13,11,952.8
53,1,7,4,3,419.3
53,2,8,6,2,240
53,3,14,6,8,582.4
53,5,1,0,1,0
53,7,2,1,1,0
53,8,3,2,1,0
53,9,6,3,3,361.8
53,13,60,27,33,2754
53,14,44,22,22,1676.4
53,15,2,1,1,0
53,16,15,7,8,591
53,17,21,11,10,1127.7
53,18,6,3,3,367.2
53,19,25,14,11,675
53,20,5,3,2,345
53,22,5,3,2,321
53,24,2,1,1,0
53,26,31,15,16,1057.1
53,27,232,117,115,9001.6
53,28,31,14,17,1360.9
53,29,12,8,4,621.6
53,32,9,5,4,311.4
53,33,13,6,7,681.2
53,34,7,2,5,317.1
53,37,37,21,16,1790.8
53,38,38,20,18,1523.8
53,39,14,6,8,628.6
53,40,4,3,1,0
53,41,2,1,1,0
53,42,15,7,8,795
53,43,77,37,40,3426.5
53,44,160,80,80,6192
53,45,2,2,0,0
53,46,34,19,15,1574.2
53,47,15,9,6,529.5
53,48,22,13,9,1106.6
53,49,66,31,35,3102
53,50,116,53,63,4860.4
53,51,22,9,13,1194.6
53,52,4,1,3,0
53,53,25,15,10,1055
53,54,1,0,1,0
53,55,5,3,2,313
53,56,4,3,1,0
53,58,7,3,4,319.9
53,60,6,2,4,235.8
53,61,16,12,4,643.2
53,62,12,6,6,472.8
53,63,60,33,27,2880
53,65,24,13,11,871.2
53,66,24,8,16,1267.2
53,67,184,93,91,8114.4
53,68,64,30,34,2944
53,69,53,27,26,2512.2
53,70,147,68,79,6997.2
53,71,140,69,71,5880
53,72,74,37,37,3293
53,73,6,3,3,333
53,74,22,11,11,919.6
53,75,26,15,11,995.8
53,77,3,1,2,0
53,89,1,1,0,0
53,97,1,1,0,0
53,100,1,0,1,0
53,102,1,1,0,0
53,120,4,2,2,0
53,122,52,25,27,2756
53,123,8,5,3,522.4
53,124,22,12,10,1023
53,125,6,5,1,238.2
54,0,34,17,17,1210.4
54,1,30,13,17,1011
54,2,6,3,3,253.2
54,6,2,1,1,0
54,7,5,3,2,110
54,11,5,3,2,281
54,12,24,12,12,640.8
54,13,104,50,54,3983.2
54,14,33,18,15,1392.6
54,18,5,3,2,360
54,19,1,1,0,0
54,20,4,1,3,0
54,22,7,3,4,506.1
54,23,5,3,2,332
54,24,18,10,8,820.8
54,25,27,9,18,1036.8
54,26,22,11,11,1047.2
54,27,66,36,30,2673
54,28,23,10,13,710.7
54,29,11,7,4,408.1
54,30,15,8,7,681
54,31,9,4,5,340.2
54,32,22,10,12,838.2
54,33,4,3,1,0
54,34,6,3,3,396
54,35,12,4,8,430.8
54,36,23,9,14,855.6
54,37,4,3,1,0
54,42,32,16,16,2009.6
54,43,10,4,6,495
54,44,13,7,6,913.9
54,46,34,18,16,1227.4
54,47,11,6,5,565.4
54,48,379,165,214,16865.5
54,49,361,167,194,16678.2
54,50,269,127,142,12643
54,51,44,23,21,2156
54,54,22,9,13,952.6
54,55,17,9,8,671.5
54,56,18,11,7,882
54,57,27,12,15,1120.5
54,58,19,8,11,1117.2
54,59,25,11,14,1207.5
54,60,7,4,3,223.3
54,61,22,11,11,1122
54,62,69,35,34,3291.3
54,63,102,45,57,4314.6
54,64,30,16,14,1515
54,65,41,22,19,1697.4
54,66,82,44,38,4018
54,67,168,85,83,5745.6
54,68,19,12,7,655.5
54,69,69,36,33,2566.8
54,70,85,42,43,3272.5
54,71,167,79,88,7197.7
54,72,108,53,55,4860
54,73,41,16,25,2074.6
54,74,3,1,2,0
54,92,4,2,2,0
54,118,2,1,1,0
55,0,25,15,10,1015
55,1,116,58,58,4860.4
55,2,65,28,37,2424.5
55,3,7,1,6,436.8
55,4,14,8,6,526.4
55,5,27,17,10,926.1
55,6,20,10,10,910
55,7,10,7,3,516
55,8,4,3,1,0
55,9,3,1,2,0
55,10,13,9,4,573.3
55,11,85,47,38,3876
55,12,40,19,21,1884
55,13,17,6,11,576.3
55,18,14,8,6,414.4
55,19,18,12,6,806.4
55,20,9,3,6,470.7
55,21,12,7,5,652.8
55,22,18,9,9,910.8
55,23,12,4,8,465.6
55,24,7,4,3,331.8
55,25,19,10,9,1001.3
55,26,47,26,21,1936.4
55,27,7,4,3,361.2
55,29,34,19,15,1455.2
55,30,15,8,7,565.5
55,31,8,3,5,282.4
55,33,13,5,8,517.4
55,34,4,2,2,0
55,42,24,12,12,1202.4
55,43,26,12,14,1206.4
55,44,32,18,14,1372.8
55,45,28,13,15,1220.8
55,46,23,13,10,952.2
55,47,5,3,2,174
55,48,29,13,16,1345.6
55,49,152,57,95,10731.2
55,50,6,2,4,222
55,51,25,13,12,1387.5
55,52,50,28,22,1815
55,53,111,56,55,5094.9
55,54,205,95,110,8487
55,55,73,36,37,3365.3
55,56,8,4,4,478.4
55,57,13,6,7,752.7
55,58,16,10,6,696
55,59,40,21,19,1476
55,60,89,41,48,3924.9
55,61,62,31,31,2430.4
55,62,27,10,17,1090.8
55,63,31,20,11,1236.9
55,64,25,15,10,1025
55,65,5,2,3,299
55,66,2,1,1,0
55,67,4,2,2,0
55,68,5,3,2,127
55,69,36,15,21,1386
55,70,33,16,17,1422.3
55,71,8,3,5,488.8
55,72,109,50,59,5460.9
55,73,7,4,3,249.2
55,92,2,1,1,0
55,95,9,4,5,452.7
55,96,7,4,3,356.3
56,0,43,26,17,1457.7
56,1,21,12,9,783.3
56,2,23,12,11,1363.9
56,3,36,17,19,1454.4
56,4,12,7,5,583.2
56,5,16,9,7,569.6
56,7,6,3,3,253.8
56,8,4,1,3,0
56,9,1,1,0,0
56,10,22,12,10,814
56,11,13,7,6,496.6
56,23,10,5,5,263
56,25,3,1,2,0
56,26,1,0,1,0
56,27,10,7,3,345
56,28,91,45,46,3876.6
56,29,69,35,34,3132.6
56,30,118,58,60,4991.4
56,31,38,21,17,1561.8
56,43,3,2,1,0
56,45,9,6,3,519.3
56,46,19,8,11,799.9
56,47,97,49,48,4500.8
56,48,64,31,33,2816
56,49,192,100,92,8620.8
56,50,2,2,0,0
56,52,3,3,0,0
56,53,8,3,5,518.4
56,54,82,45,37,3460.4
56,55,13,6,7,772.2
56,56,12,6,6,471.6
56,57,16,9,7,523.2
56,58,14,6,8,673.4
56,59,25,11,14,767.5
56,60,34,18,16,1713.6
56,61,4,3,1,0
56,63,8,6,2,328
56,64,42,21,21,1986.6
56,65,63,32,31,2961
56,69,3,2,1,0
56,70,7,2,5,303.8
56,71,23,12,11,926.9
56,72,151,78,73,6870.5
56,73,46,23,23,2047
56,90,1,1,0,0
56,92,15,7,8,777
56,94,4,3,1,0
56,95,5,4,1,285
57,4,16,9,7,713.6
57,5,17,10,7,717.4
57,6,14,8,6,582.4
57,7,5,2,3,225
57,8,14,9,5,518
57,9,4,3,1,0
57,10,18,11,7,840.6
57,12,4,2,2,0
57,17,7,4,3,387.8
57,20,4,2,2,0
57,24,3,2,1,0
57,27,18,8,10,682.2
57,28,25,13,12,1177.5
57,29,31,17,14,1649.2
57,30,26,13,13,920.4
57,46,24,14,10,1149.6
57,47,22,14,8,1093.4
57,48,3,1,2,0
57,53,1,0,1,0
57,54,28,14,14,1425.2
57,55,7,3,4,468.3
57,56,5,3,2,191
57,58,4,2,2,0
57,60,13,9,4,469.3
57,65,15,9,6,868.5
57,69,4,2,2,0
57,70,11,7,4,668.8
57,71,12,4,8,390
57,72,9,4,5,423.9
57,73,70,35,35,3521
57,74,37,14,23,1694.6
57,75,25,12,13,1000
57,76,20,10,10,742
57,89,2,1,1,0
57,116,3,1,2,0
57,123,15,7,8,946.5
58,6,3,2,1,0
58,7,11,6,5,544.5
58,8,1,0,1,0
58,14,7,4,3,266.7
58,15,3,2,1,0
58,19,2,1,1,0
58,27,2,2,0,0
58,29,18,8,10,633.6
58,30,3,1,2,0
58,54,40,24,16,1784
58,65,3,2,1,0
58,70,3,2,1,0
58,71,16,9,7,795.2
58,72,2,1,1,0
58,74,11,7,4,456.5
58,121,5,4,1,100
58,122,1,1,0,0
58,123,23,11,12,972.9
58,124,28,18,10,1176
58,125,3,1,2,0
58,126,16,6,10,638.4
58,127,1,1,0,0
59,8,1,0,1,0
59,13,1,0,1,0
59,16,6,3,3,211.2
59,30,9,5,4,456.3
59,73,1,1,0,0
59,74,32,19,13,1769.6
59,120,13,7,6,672.1
59,121,8,5,3,487.2
59,122,2,1,1,0
59,124,14,4,10,768.6
59,125,46,21,25,2254
59,126,29,15,14,1264.4
60,10,7,4,3,235.2
60,17,1,0,1,0
60,32,4,1,3,0
60,73,13,7,6,772.2
60,74,28,15,13,1430.8
60,120,5,3,2,217
60,124,2,1,1,0
60,125,64,31,33,3200
60,126,11,7,4,520.3
61,6,4,2,2,0
61,10,46,28,18,1876.8
61,11,13,7,6,695.5
61,12,14,4,10,497
61,13,2,1,1,0
61,16,3,1,2,0
61,31,1,0,1,0
61,32,4,2,2,0
61,33,2,1,1,0
61,43,3,2,1,0
61,44,1,1,0,0
61,46,2,1,1,0
61,62,10,8,2,453
61,73,38,20,18,1770.8
61,123,3,1,2,0
61,125,1,0,1,0
61,126,5,2,3,104
62,6,14,9,5,693
62,12,2,1,1,0
62,13,14,9,5,680.4
62,14,2,2,0,0
62,15,4,2,2,0
62,16,8,5,3,240.8
62,23,2,1,1,0
62,24,2,1,1,0
62,30,2,1,1,0
62,31,1,1,0,0
62,42,3,2,1,0
62,43,9,5,4,469.8
62,44,11,6,5,742.5
62,73,49,25,24,2474.5
62,126,4,2,2,0
63,2,3,1,2,0
63,5,4,2,2,0
63,13,5,3,2,284
63,14,3,2,1,0
63,31,19,11,8,877.8
63,35,2,1,1,0
63,36,2,1,1,0
63,39,1,1,0,0
63,42,1,0,1,0
63,58,1,1,0,0
63,61,1,0,1,0
63,71,3,2,1,0
63,72,20,12,8,1180
63,73,80,43,37,4056
63,75,7,3,4,172.9
64,2,7,4,3,375.2
64,3,13,8,5,405.6
64,5,16,7,9,923.2
64,11,2,2,0,0
64,13,6,3,3,190.2
64,14,2,1,1,0
64,16,2,2,0,0
64,17,4,2,2,0
64,21,4,3,1,0
64,29,1,1,0,0
64,31,7,4,3,401.1
64,32,28,12,16,952
64,33,4,2,2,0
64,43,2,1,1,0
64,46,3,2,1,0
64,48,1,0,1,0
64,61,13,6,7,494
64,62,2,0,2,0
64,70,7,5,2,424.9
64,71,9,5,4,155.7
64,72,14,10,4,749
64,73,7,2,5,464.8
64,96,11,5,6,773.3
65,1,3,1,2,0
65,5,8,4,4,359.2
65,6,3,1,2,0
65,7,1,0,1,0
65,8,5,4,1,171
65,10,7,3,4,310.8
65,14,3,1,2,0
65,15,6,5,1,135
65,18,2,1,1,0
65,20,2,1,1,0
65,22,1,1,0,0
65,31,60,27,33,2574
65,33,8,3,5,508
65,34,10,4,6,575
65,39,1,1,0,0
65,46,10,5,5,537
65,47,5,3,2,306
65,56,1,1,0,0
65,62,18,7,11,714.6
65,63,4,2,2,0
65,66,4,2,2,0
65,69,11,5,6,580.8
65,70,26,14,12,1071.2
65,71,10,5,5,547
65,96,1,1,0,0
65,97,10,8,2,488
66,7,4,2,2,0
66,8,28,17,11,1640.8
66,9,150,79,71,6870
66,10,16,8,8,984
66,11,17,8,9,686.8
66,12,13,8,5,625.3
66,15,12,6,6,453.6
66,19,6,4,2,376.8
66,20,5,2,3,209
66,31,16,9,7,776
66,33,1,0,1,0
66,34,1,0,1,0
66,35,12,5,7,645.6
66,36,7,4,3,378.7
66,37,6,3,3,408
66,63,3,1,2,0
66,65,4,2,2,0
66,66,5,3,2,265
66,67,1,0,1,0
66,68,9,6,3,502.2
66,69,22,11,11,1124.2
66,70,5,2,3,228
66,73,2,1,1,0
66,96,15,7,8,943.5
66,97,7,5,2,266.7
66,118,7,3,4,191.1
67,5,1,1,0,0
67,6,7,4,3,321.3
67,7,6,3,3,271.8
67,8,15,10,5,576
67,9,94,40,54,4596.6
67,10,35,18,17,1337
67,11,13,7,6,322.4
67,12,3,2,1,0
67,13,3,2,1,0
67,14,4,2,2,0
67,15,13,6,7,548.6
67,16,15,7,8,693
67,17,1,0,1,0
67,18,7,2,5,247.8
67,19,6,3,3,316.8
67,31,8,4,4,374.4
67,44,2,1,1,0
67,45,2,1,1,0
67,56,1,1,0,0
67,65,1,0,1,0
67,66,4,3,1,0
67,67,8,5,3,502.4
67,68,4,3,1,0
67,69,11,4,7,580.8
67,70,26,16,10,1042.6
67,73,6,3,3,235.2
67,118,12,7,5,567.6
68,1,2,1,1,0
68,2,10,5,5,246
68,3,1,0,1,0
68,4,6,3,3,222
68,5,4,3,1,0
68,6,12,5,7,666
68,7,12,6,6,612
68,9,6,4,2,150
68,11,4,3,1,0
68,14,4,2,2,0
68,16,1,1,0,0
68,30,11,5,6,253
68,31,15,8,7,562.5
68,32,18,9,9,628.2
68,33,10,4,6,362
68,37,6,4,2,337.8
68,38,5,3,2,275
68,49,2,1,1,0
68,51,1,1,0,0
68,63,3,2,1,0
68,67,7,3,4,210
68,69,5,2,3,282
68,70,11,6,5,446.6
68,71,8,4,4,360.8
68,73,5,3,2,248
68,77,2,1,1,0
68,93,6,3,3,255
68,97,2,2,0,0
68,118,20,11,9,924
69,0,6,4,2,178.2
69,2,55,29,26,2150.5
69,3,32,17,15,1539.2
69,4,25,12,13,1155
69,5,10,6,4,431
69,20,16,7,9,761.6
69,26,1,0,1,0
69,38,26,14,12,1055.6
69,39,8,6,2,330.4
69,51,3,2,1,0
69,63,7,5,2,333.2
69,75,5,3,2,326
69,77,7,4,3,161
69,79,5,2,3,114
69,80,12,4,8,501.6
69,81,7,5,2,214.9
69,93,3,1,2,0
70,1,12,5,7,495.6
70,2,13,6,7,526.5
70,3,4,2,2,0
70,11,7,3,4,214.9
70,37,8,4,4,372
70,38,15,8,7,787.5
70,39,5,3,2,299
70,41,2,1,1,0
70,42,2,1,1,0
70,62,5,3,2,182
70,63,8,3,5,340.8
70,64,2,1,1,0
70,68,1,1,0,0
70,75,2,2,0,0
70,76,2,1,1,0
70,77,2,1,1,0
70,78,2,1,1,0
71,4,4,2,2,0
71,10,13,5,8,491.4
71,11,2,1,1,0
71,18,6,2,4,280.8
71,36,1,1,0,0
71,37,3,2,1,0
71,49,2,1,1,0
71,50,3,1,2,0
71,51,4,2,2,0
71,52,4,2,2,0
71,62,2,2,0,0
71,67,7,3,4,406
71,72,1,1,0,0
71,75,2,1,1,0
71,76,28,13,15,1201.2
72,6,4,2,2,0
72,10,17,9,8,868.7
72,11,7,3,4,301.7
72,12,5,3,2,112
72,18,4,2,2,0
72,22,13,7,6,591.5
72,43,2,1,1,0
72,44,42,21,21,2184
72,45,32,16,16,1737.6
72,49,3,1,2,0
72,54,3,2,1,0
72,75,16,9,7,718.4
72,76,4,2,2,0
72,77,5,3,2,300
73,1,3,1,2,0
73,11,9,5,4,546.3
73,12,4,3,1,0
73,20,2,1,1,0
73,26,6,3,3,282
73,42,1,1,0,0
73,43,12,6,6,441.6
73,44,82,38,44,4231.2
73,45,27,10,17,1738.8
73,74,2,1,1,0
73,76,17,10,7,736.1
73,79,2,1,1,0
74,7,1,1,0,0
74,10,2,1,1,0
74,11,8,5,3,342.4
74,14,3,2,1,0
74,15,6,3,3,367.8
74,20,3,2,1,0
74,25,6,3,3,204
74,26,4,2,2,0
74,33,1,1,0,0
74,35,2,1,1,0
74,39,1,1,0,0
74,40,7,3,4,298.9
74,41,4,2,2,0
74,42,3,2,1,0
74,44,7,2,5,457.1
74,45,2,1,1,0
74,72,5,2,3,365
74,74,11,4,7,416.9
74,75,5,2,3,353
74,76,2,1,1,0
75,9,4,1,3,0
75,23,1,0,1,0
75,25,10,6,4,288
75,26,14,8,6,700
75,27,7,5,2,265.3
75,41,3,2,1,0
75,44,2,1,1,0
75,46,2,1,1,0
75,65,1,1,0,0
75,67,2,1,1,0
75,68,2,1,1,0
75,69,1,0,1,0
75,70,9,7,2,578.7
75,71,2,1,1,0
75,72,3,2,1,0
75,73,3,3,0,0
75,127,5,3,2,254
76,8,2,1,1,0
76,25,3,2,1,0
76,31,1,1,0,0
76,32,1,1,0,0
76,36,3,1,2,0
76,44,2,1,1,0
76,45,1,0,1,0
76,47,2,1,1,0
76,67,3,1,2,0
76,68,1,1,0,0
76,69,2,1,1,0
76,72,1,1,0,0
76,74,2,2,0,0
76,126,1,0,1,0
77,24,4,1,3,0
77,31,9,6,3,558.9
77,65,3,2,1,0
77,74,2,1,1,0
78,14,2,1,1,0
78,22,2,2,0,0
78,24,9,4,5,468.9
78,27,1,1,0,0
78,43,7,3,4,317.1
78,47,3,2,1,0
78,117,6,3,3,151.8
78,118,11,5,6,411.4
78,119,2,1,1,0
78,127,1,1,0,0
79,42,1,1,0,0
79,56,1,0,1,0
79,66,2,1,1,0
79,116,3,2,1,0
79,125,4,3,1,0
80,41,5,3,2,297
80,46,2,1,1,0
80,55,1,0,1,0
80,56,2,1,1,0
80,124,5,3,2,195
80,125,1,1,0,0
81,41,2,1,1,0
81,47,1,0,1,0
81,48,9,4,5,441.9
81,49,1,1,0,0
81,123,7,5,2,235.9
81,124,21,11,10,884.1
82,40,8,6,2,376
82,48,5,3,2,369
82,52,3,2,1,0
82,60,2,1,1,0
82,123,5,3,2,116
82,127,2,1,1,0
83,42,2,0,2,0
83,120,5,3,2,270
83,121,11,5,6,588.5
83,125,1,0,1,0
83,126,6,3,3,367.2
83,127,9,6,3,504
84,54,11,5,6,416.9
84,117,5,1,4,139
84,119,5,1,4,141
84,120,2,2,0,0
84,125,2,1,1,0
84,126,8,4,4,479.2
84,127,5,2,3,229
85,116,1,0,1,0
85,117,1,1,0,0
85,118,12,7,5,344.4
85,127,3,1,2,0
86,115,19,14,5,868.3
86,116,20,8,12,1044
88,116,1,1,0,0
88,117,6,3,3,313.8
90,117,2,1,1,0