x,y,p,m,f,ta
0,17,7,3,4,261.1
0,33,3,1,2,0
0,34,18,9,9,608.4
0,36,12,6,6,454.8
0,37,4,2,2,0
0,42,10,6,4,351
0,45,3,1,2,0
0,47,5,3,2,147
0,48,2,2,0,0
0,49,7,4,3,394.8
0,52,6,4,2,325.2
0,66,2,1,1,0
0,72,5,4,1,270
0,80,2,1,1,0
0,81,16,9,7,881.6
0,82,24,13,11,1015.2
0,92,2,1,1,0
0,93,10,6,4,387
0,94,17,10,7,567.8
0,95,3,1,2,0
1,12,3,3,0,0
1,17,2,1,1,0
1,34,1,0,1,0
1,36,2,1,1,0
1,37,22,11,11,974.6
1,38,5,3,2,81
1,42,23,14,9,848.7
1,45,12,5,7,571.2
1,49,9,7,2,367.2
1,53,9,3,6,549.9
1,66,3,2,1,0
1,73,1,1,0,0
1,80,6,4,2,322.8
1,96,1,0,1,0
2,18,8,3,5,224.8
2,19,22,9,13,814
2,35,10,6,4,546
2,37,12,5,7,345.6
2,42,42,21,21,1944.6
2,43,3,2,1,0
2,46,23,12,11,993.6
2,49,4,3,1,0
2,50,10,7,3,416
2,51,3,1,2,0
2,53,3,2,1,0
2,54,8,4,4,527.2
2,60,6,3,3,367.2
2,67,25,11,14,1070
2,80,26,13,13,1118
2,81,3,1,2,0
2,85,1,1,0,0
2,98,35,14,21,1354.5
2,99,42,20,22,2171.4
3,15,24,13,11,1008
3,16,41,20,21,1984.4
3,17,22,13,9,963.6
3,18,20,7,13,1266
3,19,90,48,42,3789
3,20,5,2,3,232
3,43,6,2,4,259.2
3,51,5,4,1,318
3,52,1,1,0,0
3,53,10,5,5,437
3,54,2,1,1,0
3,55,2,1,1,0
3,61,5,2,3,189
3,67,2,1,1,0
3,68,23,9,14,1101.7
3,69,15,8,7,634.5
3,75,2,0,2,0
3,78,1,1,0,0
3,79,4,2,2,0
3,80,46,26,20,2148.2
3,81,58,27,31,2969.6
3,83,1,0,1,0
3,98,16,7,9,684.8
3,99,51,23,28,1785
4,1,10,6,4,388
4,2,1,1,0,0
4,10,22,13,9,789.8
4,11,42,21,21,1470
4,14,108,62,46,4579.2
4,15,42,21,21,1755.6
4,19,19,12,7,782.8
4,20,37,20,17,1809.3
4,21,4,3,1,0
4,52,21,10,11,816.9
4,62,4,2,2,0
4,68,44,23,21,2618
4,69,11,9,2,540.1
4,80,31,16,15,1224.5
5,2,20,11,9,888
5,3,9,5,4,299.7
5,4,31,16,15,1689.5
5,5,52,30,22,1658.8
5,6,1040,500,540,52624
5,7,1093,573,520,50059.4
5,8,627,348,279,24641.1
5,9,607,318,289,26101
5,10,1426,724,702,53475
5,11,268,135,133,8602.8
5,12,33,15,18,1452
5,13,3,2,1,0
5,14,28,18,10,896
5,15,3,1,2,0
5,20,30,14,16,1392
5,21,19,11,8,959.5
5,22,5,3,2,193
5,44,10,6,4,449
5,53,20,8,12,818
5,54,7,4,3,282.8
5,62,16,11,5,555.2
5,63,1,1,0,0
5,69,27,15,12,1460.7
5,70,17,10,7,984.3
5,72,8,4,4,242.4
5,73,4,2,2,0
5,74,4,1,3,0
5,76,1,1,0,0
5,77,4,3,1,0
6,0,34,18,16,1475.6
6,1,10,7,3,570
6,2,11,6,5,452.1
6,3,10,5,5,557
6,4,254,139,115,9956.8
6,5,1440,719,721,61776
6,6,804,394,410,39637.2
6,7,715,355,360,30959.5
6,8,204,98,106,8425.2
6,9,191,95,96,8575.9
6,10,142,72,70,5623.2
6,11,12,6,6,643.2
6,19,30,17,13,1131
6,20,17,9,8,884
6,21,32,15,17,1110.4
6,22,160,81,79,5616
6,44,1,0,1,0
6,53,8,3,5,459.2
6,54,6,5,1,280.8
6,55,17,11,6,482.8
6,68,5,4,1,236
6,70,1,1,0,0
6,76,4,2,2,0
6,77,35,20,15,1620.5
7,0,30,16,14,762
7,2,2,2,0,0
7,3,4,2,2,0
7,5,802,381,421,33363.2
7,6,301,155,146,9120.3
7,9,15,6,9,466.5
7,10,6,3,3,334.8
7,11,18,10,8,507.6
7,12,36,21,15,1080
7,19,1,1,0,0
7,21,57,32,25,1573.2
7,22,15,9,6,561
7,23,9,5,4,348.3
7,24,2,1,1,0
7,55,5,3,2,324
7,88,9,3,6,261
8,0,2,1,1,0
8,1,13,5,8,561.6
8,2,9,4,5,509.4
8,3,15,5,10,460.5
8,4,13,7,6,438.1
8,5,73,40,33,2905.4
8,6,4,2,2,0
8,7,11,6,5,577.5
8,8,11,6,5,378.4
8,9,34,20,14,1312.4
8,12,20,15,5,668
8,13,18,13,5,968.4
8,15,7,5,2,200.9
8,16,2,1,1,0
8,22,24,15,9,720
8,23,7,5,2,144.2
8,24,22,12,10,1001
8,45,8,5,3,403.2
8,55,1,1,0,0
8,74,2,1,1,0
8,75,4,1,3,0
8,76,25,15,10,1292.5
8,79,15,9,6,580.5
8,80,41,19,22,1496.5
8,81,20,9,11,902
8,82,4,1,3,0
8,97,4,1,3,0
9,0,3,3,0,0
9,4,5,2,3,202
9,5,92,51,41,3431.6
9,6,21,11,10,1062.6
9,7,32,17,15,1388.8
9,8,50,27,23,2435
9,9,6,4,2,354
9,13,52,27,25,2340
9,15,54,27,27,1706.4
9,16,14,8,6,722.4
9,23,4,3,1,0
9,25,5,4,1,209
9,26,11,5,6,297
9,76,9,4,5,428.4
9,79,3,0,3,0
9,93,5,3,2,193
9,96,2,1,1,0
9,100,10,5,5,652
9,114,30,15,15,1482
10,4,19,13,6,777.1
10,5,30,18,12,1389
10,6,23,17,6,678.5
10,7,18,8,10,712.8
10,8,34,20,14,1258
10,13,16,9,7,542.4
10,14,54,31,23,2392.2
10,15,30,15,15,1482
10,16,32,15,17,1072
10,23,2,1,1,0
10,24,2,1,1,0
10,25,2,1,1,0
10,26,2,1,1,0
10,27,8,3,5,427.2
10,91,2,1,1,0
10,94,3,2,1,0
10,99,27,14,13,1179.9
10,114,73,38,35,3233.9
11,1,4,2,2,0
11,2,10,7,3,287
11,3,3,2,1,0
11,4,10,5,5,419
11,13,6,4,2,252
11,14,40,20,20,1656
11,16,12,8,4,517.2
11,23,15,10,5,370.5
11,24,2,1,1,0
11,25,3,1,2,0
11,26,8,4,4,404.8
11,27,9,6,3,448.2
11,28,9,4,5,250.2
11,29,6,5,1,228
11,45,5,3,2,184
11,78,5,3,2,277
11,79,4,2,2,0
11,93,6,5,1,169.8
11,94,12,6,6,224.4
11,95,1,1,0,0
11,96,4,1,3,0
11,103,5,2,3,154
11,104,2,1,1,0
11,105,21,9,12,737.1
11,106,6,4,2,177
11,108,20,12,8,594
11,109,4,3,1,0
12,3,5,3,2,170
12,4,6,3,3,214.8
12,5,18,10,8,901.8
12,14,10,5,5,529
12,16,2,1,1,0
12,23,1,0,1,0
12,28,7,2,5,258.3
12,29,8,3,5,302.4
12,46,4,3,1,0
12,79,2,1,1,0
12,80,4,3,1,0
12,81,3,1,2,0
12,93,39,23,16,1396.2
12,94,100,50,50,3680
12,96,10,5,5,420
12,102,4,2,2,0
12,103,32,16,16,1251.2
12,104,28,13,15,1212.4
12,105,3,1,2,0
12,108,1,1,0,0
13,4,13,8,5,484.9
13,5,11,6,5,443.3
13,7,27,11,16,801.9
13,13,6,1,5,196.2
13,14,3,1,2,0
13,16,4,2,2,0
13,23,10,6,4,479
13,29,13,7,6,487.5
13,30,17,10,7,651.1
13,47,9,6,3,354.6
13,81,2,1,1,0
13,94,4,2,2,0
13,95,3,1,2,0
13,96,1,0,1,0
13,102,21,11,10,892.5
13,103,11,7,4,326.7
13,106,3,2,1,0
13,108,2,1,1,0
13,109,1,0,1,0
14,7,10,4,6,472
14,12,3,1,2,0
14,13,37,17,20,1702
14,16,2,1,1,0
14,24,7,3,4,280
14,31,10,2,8,286
14,32,1,1,0,0
14,47,8,4,4,456
14,48,49,28,21,2038.4
14,49,3,2,1,0
14,61,3,2,1,0
14,62,5,3,2,378
14,95,14,4,10,613.2
14,102,7,4,3,217
14,103,8,5,3,228
14,108,9,3,6,317.7
14,116,2,2,0,0
15,7,1,0,1,0
15,13,33,17,16,1191.3
15,16,20,10,10,1020
15,17,1,1,0,0
15,18,53,31,22,2035.2
15,19,11,4,7,564.3
15,32,6,3,3,415.2
15,47,5,3,2,356
15,48,9,5,4,385.2
15,49,8,5,3,450.4
15,62,1,1,0,0
15,95,2,1,1,0
15,96,4,3,1,0
15,102,3,2,1,0
15,103,1,1,0,0
15,108,8,4,4,388
15,112,27,17,10,845.1
15,116,23,14,9,1524.9
16,11,13,6,7,357.5
16,12,53,25,28,2035.2
16,13,5,2,3,221
16,14,11,6,5,607.2
16,15,7,4,3,219.1
16,19,2,1,1,0
16,20,1,1,0,0
16,21,9,5,4,327.6
16,25,22,13,9,895.4
16,32,10,5,5,392
16,48,2,2,0,0
16,49,2,1,1,0
16,62,2,1,1,0
16,95,1,0,1,0
16,101,6,3,3,246
16,102,9,4,5,439.2
16,105,4,3,1,0
16,106,3,1,2,0
16,111,1,1,0,0
16,112,21,13,8,791.7
16,117,1,1,0,0
17,10,1,0,1,0
17,11,4,2,2,0
17,12,9,6,3,455.4
17,13,5,3,2,307
17,22,4,3,1,0
17,23,20,10,10,908
17,24,1,1,0,0
17,25,6,3,3,334.8
17,26,3,2,1,0
17,27,6,3,3,193.2
17,31,23,11,12,1331.7
17,32,34,16,18,1489.2
17,58,5,3,2,344
17,61,9,5,4,502.2
17,63,9,4,5,311.4
17,97,3,1,2,0
17,101,4,3,1,0
17,102,26,15,11,967.2
17,103,20,10,10,736
17,106,4,2,2,0
17,116,32,17,15,1481.6
17,117,20,11,9,974
17,118,1,0,1,0
18,8,4,3,1,0
18,9,26,12,14,998.4
18,11,6,2,4,259.2
18,26,2,1,1,0
18,27,15,5,10,319.5
18,28,4,2,2,0
18,32,17,11,6,746.3
18,33,10,7,3,572
18,34,10,6,4,486
18,45,1,0,1,0
18,46,2,1,1,0
18,57,1,1,0,0
18,58,6,3,3,262.2
18,61,1,1,0,0
18,63,21,10,11,1197
18,101,25,14,11,1022.5
18,102,102,51,51,3947.4
18,103,5,3,2,155
18,105,2,2,0,0
18,111,7,3,4,455
18,112,2,1,1,0
18,113,20,10,10,760
18,115,11,7,4,330
18,116,51,27,24,1779.9
18,117,16,8,8,660.8
18,118,3,2,1,0
19,7,4,2,2,0
19,9,5,2,3,160
19,28,7,4,3,224.7
19,35,2,2,0,0
19,45,2,1,1,0
19,58,6,2,4,310.8
19,60,8,3,5,260
19,63,2,2,0,0
19,94,2,1,1,0
19,100,1,1,0,0
19,101,45,20,25,1791
19,105,22,11,11,1100
19,106,1,1,0,0
19,111,2,1,1,0
19,112,23,8,15,809.6
19,113,88,44,44,3423.2
19,116,3,1,2,0
19,127,10,3,7,469
20,7,1,1,0,0
20,27,3,2,1,0
20,28,4,2,2,0
20,29,7,2,5,252
20,58,47,23,24,1663.8
20,60,8,3,5,439.2
20,100,2,1,1,0
20,101,23,12,11,1108.6
20,103,2,1,1,0
20,104,36,20,16,2199.6
20,105,14,9,5,673.4
20,109,1,0,1,0
20,111,2,1,1,0
20,117,3,2,1,0
20,126,3,1,2,0
20,127,5,3,2,316
21,29,11,6,5,763.4
21,53,3,1,2,0
21,57,17,9,8,846.6
21,58,15,7,8,457.5
21,60,11,5,6,508.2
21,104,6,4,2,327
21,107,8,3,5,344.8
21,112,6,4,2,160.8
21,113,3,1,2,0
21,116,1,0,1,0
21,117,4,2,2,0
22,3,5,3,2,243
22,30,5,2,3,250
22,31,5,3,2,369
22,33,7,3,4,261.8
22,34,10,4,6,586
22,35,10,5,5,384
22,36,40,18,22,2092
22,54,6,3,3,393
22,57,48,26,22,1982.4
22,58,5,3,2,273
22,59,6,2,4,244.2
22,106,1,0,1,0
22,107,48,21,27,2140.8
22,112,62,33,29,2585.4
22,113,49,21,28,2337.3
22,114,40,20,20,1772
22,116,1,0,1,0
22,117,2,1,1,0
23,28,2,1,1,0
23,30,6,2,4,178.8
23,31,6,4,2,226.2
23,37,1,1,0,0
23,48,2,1,1,0
23,55,6,2,4,313.8
23,56,14,6,8,543.2
23,57,95,46,49,3762
23,58,26,16,10,941.2
23,59,11,8,3,401.5
23,99,11,3,8,433.4
23,107,19,10,9,923.4
23,110,15,9,6,658.5
23,111,189,88,101,7692.3
23,112,20,9,11,898
23,113,24,12,12,1096.8
23,114,24,11,13,1104
24,26,9,6,3,397.8
24,28,1,1,0,0
24,30,3,2,1,0
24,38,3,1,2,0
24,39,7,6,1,405.3
24,50,1,1,0,0
24,53,1,1,0,0
24,54,1,1,0,0
24,56,2,1,1,0
24,57,153,81,72,6456.6
24,58,10,3,7,276
24,96,5,3,2,198
24,97,4,2,2,0
24,105,4,3,1,0
24,106,79,45,34,3286.4
24,107,199,96,103,8059.5
24,108,56,31,25,2301.6
24,110,39,21,18,1493.7
24,111,12,7,5,495.6
24,114,3,2,1,0
24,117,13,8,5,546
24,125,3,3,0,0
25,29,6,3,3,258
25,49,539,283,256,24416.7
25,57,15,9,6,519
25,97,2,2,0,0
25,105,1,1,0,0
25,106,30,16,14,1194
25,107,154,71,83,5574.8
25,108,10,3,7,449
25,110,37,19,18,1380.1
25,114,5,2,3,372
25,125,19,9,10,885.4
26,47,12,7,5,517.2
26,49,596,292,304,25508.8
26,50,124,63,61,4935.2
26,56,11,4,7,408.1
26,57,7,4,3,224.7
26,104,2,1,1,0
26,107,5,3,2,273
26,108,6,3,3,190.8
26,110,4,3,1,0
26,114,29,12,17,1638.5
26,125,12,5,7,606
26,126,73,35,38,2598.8
27,47,31,18,13,1091.2
27,48,9,5,4,599.4
27,49,16,7,9,915.2
27,50,7,4,3,401.8
27,57,13,7,6,621.4
27,107,10,3,7,371
27,108,1,1,0,0
27,110,6,2,4,291
27,114,3,3,0,0
27,123,2,1,1,0
27,125,49,22,27,1915.9
27,126,94,51,43,3525
27,127,45,22,23,1998
28,44,1,1,0,0
28,45,4,1,3,0
28,50,4,3,1,0
28,51,3,2,1,0
28,57,17,9,8,719.1
28,82,2,1,1,0
28,108,3,2,1,0
28,109,5,3,2,167
28,110,11,5,6,411.4
28,120,1,0,1,0
28,122,1,1,0,0
28,123,3,2,1,0
28,124,10,6,4,658
28,125,122,53,69,5233.8
28,126,86,42,44,3371.2
28,127,2,1,1,0
29,44,1,1,0,0
29,50,3,2,1,0
29,51,10,3,7,395
29,57,8,3,5,376.8
29,82,3,3,0,0
29,108,8,5,3,324.8
29,109,11,7,4,587.4
29,110,15,8,7,958.5
29,118,2,2,0,0
29,119,4,2,2,0
29,122,20,10,10,916
29,123,5,2,3,296
29,125,25,14,11,810
29,126,20,11,9,1026
30,10,2,1,1,0
30,44,4,2,2,0
30,45,3,2,1,0
30,53,3,2,1,0
30,55,4,2,2,0
30,57,29,16,13,1078.8
30,105,6,3,3,286.8
30,108,5,2,3,288
30,114,1,1,0,0
30,119,7,5,2,287.7
30,120,2,1,1,0
30,121,6,3,3,189
30,122,101,43,58,4171.3
30,125,16,8,8,598.4
30,126,21,14,7,1113
31,12,4,2,2,0
31,13,5,4,1,349
31,43,2,1,1,0
31,45,7,5,2,361.2
31,53,11,5,6,456.5
31,55,15,6,9,666
31,56,26,12,14,920.4
31,57,14,9,5,575.4
31,103,2,1,1,0
31,108,1,1,0,0
31,114,2,1,1,0
31,118,67,36,31,3075.3
31,119,252,129,123,10735.2
31,120,134,70,64,6284.6
31,121,444,219,225,21400.8
31,122,466,235,231,19432.2
31,125,6,2,4,154.2
31,126,13,7,6,492.7
32,10,13,7,6,604.5
32,21,2,1,1,0
32,30,5,2,3,263
32,43,5,1,4,135
32,45,22,11,11,798.6
32,53,2,1,1,0
32,55,2,1,1,0
32,57,21,10,11,1188.6
32,108,27,15,12,1090.8
32,118,152,84,68,6444.8
32,119,85,47,38,3238.5
32,120,181,92,89,7366.7
32,121,7,3,4,448
32,122,19,10,9,746.7
32,125,2,2,0,0
32,126,13,8,5,604.5
33,11,1,1,0,0
33,12,32,18,14,1302.4
33,13,30,16,14,1398
33,14,58,32,26,2633.2
33,15,5,3,2,192
33,16,1,1,0,0
33,17,1,1,0,0
33,18,2,1,1,0
33,29,2,2,0,0
33,30,71,39,32,1952.5
33,31,11,6,5,589.6
33,32,161,82,79,7116.2
33,33,88,47,41,4021.6
33,34,25,10,15,875
33,35,7,4,3,429.8
33,36,20,9,11,696
33,37,8,4,4,296
33,38,16,12,4,784
33,39,10,6,4,371
33,40,10,7,3,458
33,41,7,3,4,445.2
33,42,8,6,2,364
33,44,35,14,21,1529.5
33,45,298,157,141,11443.2
33,46,54,30,24,2127.6
33,48,4,3,1,0
33,54,3,1,2,0
33,56,11,5,6,529.1
33,57,11,6,5,438.9
33,106,2,1,1,0
33,108,18,11,7,775.8
33,109,5,3,2,215
33,112,1,0,1,0
33,117,130,57,73,5382
33,118,157,84,73,6170.1
33,119,13,5,8,617.5
33,120,45,25,20,1710
33,121,2,2,0,0
33,126,5,2,3,228
34,13,3,1,2,0
34,14,56,28,28,2833.6
34,15,8,4,4,491.2
34,28,3,1,2,0
34,29,5,3,2,331
34,30,4,2,2,0
34,31,6,4,2,453
34,32,213,110,103,8583.9
34,33,221,100,121,11116.3
34,34,14,9,5,516.6
34,35,18,8,10,687.6
34,37,5,3,2,328
34,38,9,5,4,360
34,39,32,15,17,1548.8
34,40,20,11,9,918
34,44,16,8,8,622.4
34,45,6,5,1,121.8
34,47,2,1,1,0
34,48,1,1,0,0
34,55,4,2,2,0
34,56,8,4,4,346.4
34,57,5,3,2,212
34,105,2,1,1,0
34,106,7,4,3,382.2
34,108,4,2,2,0
34,117,157,80,77,6860.9
34,118,2,1,1,0
34,121,6,3,3,187.8
35,11,2,1,1,0
35,12,4,2,2,0
35,13,5,4,1,243
35,14,4,2,2,0
35,15,2,1,1,0
35,20,1,1,0,0
35,24,4,2,2,0
35,25,4,3,1,0
35,26,7,5,2,247.8
35,27,51,27,24,2162.4
35,28,9,5,4,448.2
35,29,8,5,3,279.2
35,31,19,11,8,562.4
35,32,10,4,6,403
35,33,196,96,100,9741.2
35,34,44,19,25,1984.4
35,35,14,7,7,665
35,37,4,1,3,0
35,39,26,13,13,1058.2
35,40,361,186,175,12923.8
35,41,127,61,66,5791.2
35,42,28,14,14,921.2
35,48,5,3,2,278
35,55,11,5,6,463.1
35,57,3,1,2,0
35,105,13,7,6,517.4
35,106,7,3,4,228.9
35,115,60,31,29,2442
35,121,3,1,2,0
36,6,2,1,1,0
36,11,3,2,1,0
36,12,2,1,1,0
36,14,4,2,2,0
36,15,59,33,26,2725.8
36,16,3,2,1,0
36,17,1,0,1,0
36,26,17,11,6,856.8
36,27,10,5,5,478
36,33,51,27,24,1841.1
36,34,2,1,1,0
36,40,20,11,9,448
36,41,21,8,13,1037.4
36,42,11,7,4,465.3
36,48,4,2,2,0
36,49,6,2,4,232.2
36,105,3,1,2,0
37,5,2,2,0,0
37,17,4,2,2,0
37,25,10,4,6,368
37,26,1,1,0,0
37,33,32,19,13,1123.2
37,41,6,2,4,189
37,50,4,2,2,0
37,72,3,3,0,0
37,75,3,2,1,0
37,76,2,1,1,0
37,106,4,2,2,0
37,121,1,1,0,0
38,10,6,5,1,262.8
38,11,4,2,2,0
38,25,11,7,4,530.2
38,32,5,3,2,73
38,33,2,1,1,0
38,41,2,0,2,0
38,50,20,12,8,774
38,54,12,6,6,562.8
38,71,1,1,0,0
38,74,5,3,2,178
38,106,1,1,0,0
39,9,4,2,2,0
39,25,4,4,0,0
39,32,14,7,7,446.6
39,41,12,5,7,466.8
39,50,2,1,1,0
39,57,9,5,4,410.4
39,72,1,1,0,0
39,105,1,0,1,0
39,106,2,1,1,0
40,1,6,4,2,304.8
40,10,5,5,0,120
40,31,2,1,1,0
40,32,4,2,2,0
40,41,4,2,2,0
40,42,7,4,3,368.9
40,50,4,2,2,0
40,58,30,16,14,1410
40,72,1,0,1,0
40,106,1,1,0,0
41,10,19,10,9,752.4
41,31,7,4,3,399.7
41,32,3,2,1,0
41,42,17,10,7,717.4
41,51,20,12,8,1024
41,52,23,13,10,784.3
41,53,125,68,57,5762.5
41,54,1,0,1,0
41,58,68,38,30,2774.4
41,60,5,3,2,245
41,61,33,17,16,1432.2
41,71,11,6,5,498.3
41,114,23,13,10,1009.7
41,115,304,145,159,12950.4
42,2,1,0,1,0
42,10,5,2,3,344
42,11,8,7,1,336
42,31,6,2,4,262.8
42,51,82,41,41,2886.4
42,52,176,88,88,7620.8
42,53,1,0,1,0
42,54,36,15,21,1382.4
42,58,16,9,7,740.8
42,59,35,19,16,1515.5
42,61,25,12,13,785
42,114,201,108,93,7416.9
42,115,462,237,225,16308.6
43,10,8,3,5,139.2
43,30,7,4,3,445.9
43,51,55,29,26,1738
43,52,14,8,6,562.8
43,54,6,3,3,322.8
43,58,95,58,37,3334.5
43,59,32,15,17,1100.8
43,63,7,3,4,387.1
43,67,13,8,5,336.7
43,69,2,0,2,0
43,114,89,49,40,3435.4
43,115,18,9,9,786.6
44,29,6,3,3,202.2
44,30,4,2,2,0
44,50,10,6,4,459
44,51,81,41,40,3118.5
44,54,1,1,0,0
44,55,37,21,16,1628
44,58,129,70,59,4489.2
44,59,10,7,3,317
44,66,1,0,1,0
44,67,6,3,3,282
45,11,5,3,2,276
45,29,10,5,5,357
45,39,2,1,1,0
45,50,6,4,2,280.8
45,51,42,22,20,1822.8
45,55,315,165,150,12033
45,56,411,192,219,16686.6
45,59,59,29,30,2436.7
45,63,8,4,4,214.4
45,72,4,3,1,0
46,11,1,1,0,0
46,29,13,7,6,527.8
46,43,7,2,5,198.8
46,51,14,7,7,663.6
46,55,47,26,21,1099.8
46,56,1011,518,493,38316.9
46,59,1,0,1,0
46,60,59,35,24,2430.8
46,63,4,1,3,0
46,66,4,2,2,0
47,10,1,1,0,0
47,12,3,2,1,0
47,51,1,1,0,0
47,55,14,6,8,439.6
47,56,344,179,165,12865.6
47,60,68,33,35,2992
47,61,1043,520,523,39738.3
47,62,218,100,118,7412
47,67,2,1,1,0
48,5,2,1,1,0
48,7,2,1,1,0
48,10,4,2,2,0
48,12,6,3,3,469.8
48,57,458,245,213,18091
48,58,381,161,220,23317.2
48,59,45,20,25,2862
48,61,803,410,393,31076.1
48,62,1101,583,518,39966.3
48,63,100,49,51,3710
48,64,10,8,2,360
48,66,2,1,1,0
49,51,1,1,0,0
49,54,2,1,1,0
49,57,206,110,96,10876.8
49,58,1896,946,950,94610.4
49,59,1627,811,816,69310.2
49,60,5,2,3,200
49,61,274,145,129,10823
49,62,1279,622,657,52055.3
49,63,85,40,45,3434
49,69,3,1,2,0
50,4,8,4,4,316.8
50,9,1,1,0,0
50,54,14,8,6,477.4
50,58,55,30,25,2095.5
50,59,1794,874,920,75706.8
50,60,464,231,233,20323.2
50,61,469,236,233,18478.6
50,62,209,114,95,7795.7
50,69,2,1,1,0
51,1,8,2,6,294.4
51,4,13,6,7,318.5
51,6,7,3,4,249.2
51,7,7,3,4,448
51,8,1,1,0,0
51,59,1277,633,644,49164.5
51,60,1566,761,805,69530.4
51,61,93,50,43,4212.9
52,1,5,3,2,207
52,8,2,1,1,0
52,58,370,188,182,14319
52,59,939,474,465,37372.2
52,60,77,45,32,2818.2
53,58,280,138,142,11116
53,59,1442,748,694,62294.4
53,60,47,22,25,1997.5
53,67,13,7,6,494
53,70,6,4,2,361.8
53,72,1,1,0,0
53,77,3,2,1,0
54,57,8,4,4,220.8
54,58,217,112,105,7378
54,59,70,36,34,2744
54,60,25,15,10,925
54,65,9,5,4,412.2
54,67,1,1,0,0
54,68,21,8,13,735
54,69,1,1,0,0
54,71,2,2,0,0
54,72,8,4,4,383.2
54,74,7,4,3,308
54,75,7,5,2,163.8
55,58,168,95,73,6619.2
55,60,29,15,14,1209.3
55,61,15,8,7,577.5
55,64,14,8,6,589.4
55,65,6,3,3,190.8
55,67,10,5,5,423
55,73,6,4,2,205.2
56,58,23,11,12,949.9
56,59,1,0,1,0
56,60,44,24,20,1751.2
56,61,25,11,14,1055
56,64,6,3,3,265.2
56,73,8,5,3,300.8
56,74,6,3,3,304.2
56,75,1,1,0,0
57,58,31,18,13,1023
57,59,34,17,17,1173
57,60,9,5,4,387
57,61,25,15,10,997.5
57,62,38,19,19,1618.8
57,63,83,43,40,3427.9
57,64,32,14,18,1248
57,65,6,3,3,280.8
57,66,6,4,2,331.8
57,75,9,5,4,423
58,57,15,6,9,423
58,58,52,26,26,1612
58,59,47,26,21,1442.9
58,60,22,11,11,759
58,61,2,1,1,0
58,62,5,4,1,123
58,63,131,67,64,4978
58,64,166,83,83,5843.2
58,65,2,1,1,0
59,3,8,5,3,203.2
59,57,1,1,0,0
59,59,58,30,28,2453.4
59,60,2,1,1,0
59,61,11,6,5,426.8
59,62,42,21,21,1591.8
59,63,33,17,16,1273.8
59,64,31,17,14,1060.2
59,65,25,10,15,827.5
60,14,2,1,1,0
60,58,4,2,2,0
60,60,3,2,1,0
60,61,3,1,2,0
60,63,40,24,16,1512
60,65,13,8,5,331.5
60,66,11,6,5,322.3
61,2,6,4,2,247.2
61,60,10,5,5,603
61,61,9,4,5,235.8
61,63,30,14,16,960
61,64,2,1,1,0
61,65,9,5,4,386.1
61,66,18,10,8,619.2
62,13,1,0,1,0
62,14,2,1,1,0
62,60,3,1,2,0
62,61,3,2,1,0
62,62,7,4,3,417.9
62,63,25,13,12,855
62,68,3,1,2,0
63,62,19,12,7,849.3
63,69,6,3,3,118.8
64,1,3,2,1,0
64,62,6,3,3,223.8
64,63,10,6,4,373
64,69,35,21,14,1718.5
65,69,8,4,4,387.2
65,70,11,4,7,300.3
65,71,12,5,7,513.6
66,60,8,5,3,172
66,62,7,3,4,196.7
66,68,185,85,100,6290
66,69,364,188,176,13686.4
66,70,10,6,4,418
67,61,5,2,3,209
67,62,8,3,5,288
67,68,100,49,51,4540
67,70,8,4,4,259.2
68,50,6,4,2,274.2
68,61,1,1,0,0
68,62,8,3,5,364
68,65,2,0,2,0
68,66,24,15,9,957.6
68,68,26,11,15,720.2
68,69,18,9,9,759.6
68,108,3,2,1,0
69,42,2,2,0,0
69,61,13,6,7,371.8
69,66,3,1,2,0
69,108,6,3,3,214.2
69,109,8,5,3,428.8
69,110,4,2,2,0
70,59,10,7,3,313
70,61,1,1,0,0
70,65,6,2,4,181.8
70,66,9,5,4,449.1
70,68,2,1,1,0
70,69,2,1,1,0
70,111,22,13,9,897.6
70,112,1,0,1,0
71,59,6,2,4,346.8
71,63,10,5,5,428
71,64,1,1,0,0
71,66,25,11,14,617.5
71,67,3,2,1,0
71,112,2,1,1,0
71,113,13,4,9,422.5
71,119,2,1,1,0
72,58,2,1,1,0
72,59,3,1,2,0
72,60,8,2,6,219.2
72,64,22,11,11,798.6
72,67,1,1,0,0
72,68,2,1,1,0
72,119,1,0,1,0
72,120,1,1,0,0
72,121,3,2,1,0
73,58,4,1,3,0
73,59,5,3,2,195
73,64,6,4,2,247.8
73,68,15,9,6,607.5
73,115,2,2,0,0
73,116,5,2,3,262
73,117,6,4,2,187.8
73,118,5,3,2,335
73,119,6,4,2,250.2
73,122,1,1,0,0
74,62,11,6,5,411.4
74,64,7,5,2,310.1
74,118,2,1,1,0
74,119,3,2,1,0
74,121,8,4,4,420
74,122,4,3,1,0
75,55,5,2,3,168
75,62,6,2,4,133.2
75,121,6,3,3,418.2
75,122,12,6,6,526.8
76,61,21,12,9,684.6
76,70,3,1,2,0
76,123,1,1,0,0
76,124,2,1,1,0
76,125,5,2,3,283
77,60,6,3,3,214.8
77,123,4,2,2,0
77,124,1,0,1,0
77,125,14,8,6,704.2
77,126,57,29,28,2456.7
78,59,14,7,7,488.6
78,71,2,1,1,0
78,123,3,1,2,0
78,125,39,19,20,1361.1
78,126,29,18,11,1171.6
78,127,23,13,10,1041.9
79,58,13,7,6,650
79,59,4,3,1,0
80,57,10,7,3,371
80,58,1,1,0,0
80,59,8,4,4,148
80,72,3,2,1,0
80,73,27,17,10,1414.8
80,74,3,2,1,0
80,123,5,2,3,275
80,124,3,1,2,0
81,59,4,1,3,0
81,75,6,3,3,328.2
81,76,4,3,1,0
81,123,2,1,1,0
82,122,4,2,2,0
83,80,3,1,2,0
84,80,14,7,7,779.8
85,79,18,9,9,808.2
85,80,12,5,7,519.6
85,122,1,1,0,0
86,79,5,4,1,223
89,77,2,1,1,0
92,73,1,1,0,0
92,75,2,1,1,0
93,73,3,1,2,0
94,73,5,2,3,355
100,119,1,1,0,0
100,121,4,2,2,0
100,122,5,3,2,155
100,123,7,3,4,529.2
101,118,2,2,0,0
101,119,1,0,1,0
101,121,2,1,1,0
101,123,14,7,7,757.4
101,124,20,12,8,898
101,125,12,8,4,532.8
101,126,12,6,6,608.4
101,127,23,14,9,910.8
102,118,1,1,0,0
102,125,1,1,0,0
102,126,10,5,5,580
102,127,29,12,17,1264.4
103,117,3,1,2,0
103,127,4,3,1,0
104,116,1,0,1,0
105,115,10,6,4,602
107,127,13,4,9,456.3
108,104,12,5,7,528
108,105,2,2,0,0
108,127,5,3,2,228
110,115,8,5,3,324
110,127,5,3,2,260
111,115,2,2,0,0
112,114,3,2,1,0
113,113,17,7,10,914.6
113,114,11,7,4,688.6
114,112,2,1,1,0
118,112,16,8,8,736
119,111,2,1,1,0
120,106,5,2,3,270
121,107,2,1,1,0