x,y,p,m,f,ta
0,48,62,32,30,2790
4,28,4,2,2,0
4,32,2,1,1,0
4,44,31,18,13,1367.1
4,48,3,1,2,0
8,28,2,1,1,0
12,20,5,2,3,83
16,16,1,0,1,0
20,24,3,2,1,0
20,36,1,0,1,0
24,20,22,14,8,638
28,16,6,4,2,376.8
32,0,3,2,1,0
32,16,2,1,1,0
32,40,14,8,6,540.4
36,16,3,2,1,0
36,40,1,1,0,0
36,44,3,1,2,0
40,40,9,7,2,363.6
44,32,4,2,2,0
48,40,2,1,1,0