x,y,p,m,f,ta
0,0,82,43,39,4356.3
0,1,1720,895,825,70349
0,2,978,482,496,41507.1
1,0,34,16,18,1744.5
7,1,85,48,37,4024.5
7,2,1,0,1,0
7,3,1,1,0,0
8,1,217,117,100,10064.099999999999
8,2,210,110,100,8018.2
8,3,389,201,188,16999.6
8,4,4,2,2,0
9,1,4,2,2,0
9,4,21,10,11,1105.5
9,5,130,55,75,5897.5
10,3,22,11,11,1113.9
10,4,8,4,4,0
10,5,120,62,58,5161.4
10,6,30,13,17,1404
11,0,7,5,2,0
11,5,44,24,20,2140.2
11,6,512,267,245,20803.399999999998
12,0,62,30,32,2765.4
12,1,69,37,32,2592.6
12,6,177,97,80,7563.9
12,7,299,166,133,11461.4
13,0,114,64,50,4200.9
13,1,135,64,71,5097.099999999999
13,2,12,6,6,528
13,5,1,1,0,0
13,6,2,2,0,0
13,7,8,4,4,526.4
14,0,530,254,276,19918.1
14,1,237,123,114,8798.7
14,2,137,74,63,5247.3
14,3,14,9,5,319.2
14,4,4,2,2,0
14,5,47,27,20,2217.1
14,6,275,135,140,11115.9
14,7,22,12,10,952.2
15,0,4238,2141,2097,166608.09999999998
15,1,1088,551,537,40203.100000000006
15,2,182,102,80,8055
15,3,107,54,53,4728.3
15,4,55,24,31,2999.1
15,5,101,43,58,4446.3
15,6,26,11,15,1018
15,8,152,81,71,6886.700000000001
15,9,401,208,193,17192.9
16,0,1458,761,697,55422.3
16,1,84,45,39,2870
16,2,89,39,50,3301.2
16,3,471,247,224,20814.4
16,4,149,76,73,5775.5
16,5,21,11,10,824.5999999999999
16,7,26,16,10,1074.7
16,9,63,33,30,2594.9999999999995
17,0,286,141,145,11754.499999999998
17,1,333,174,159,13946.900000000001
17,2,279,142,137,10506
17,3,164,83,81,6780.3
17,4,43,23,20,1311.3000000000002
17,5,22,12,10,1013
17,6,25,13,12,1175.4
17,7,91,47,44,4066.8999999999996
17,8,161,82,79,6522
17,9,43,25,18,1126.6
17,10,5,4,1,235
17,11,2,1,1,0
18,0,134,70,64,5686.900000000001
18,1,22,11,11,776.4
18,3,262,121,141,12729.3
18,4,132,71,61,5760.4
18,5,21,9,12,795
18,6,11,7,4,375.2
18,7,91,48,43,3157.3999999999996
18,9,25,16,9,944.9
18,12,88,41,47,4142.5
18,13,48,29,19,2194.9
18,14,8,3,5,520
19,0,310,160,150,12894.500000000002
19,1,95,47,48,3359.6
19,2,32,17,15,1251
19,3,32,19,13,1046
19,4,10,5,5,424.2
19,5,57,26,31,2556.6000000000004
19,6,22,11,11,995.8
19,7,60,30,30,1554.1999999999998
19,8,8,4,4,440
19,11,154,78,76,5058.5
19,12,9,5,4,532.8
19,13,22,14,8,1188
19,14,84,46,38,3601.7
19,15,6,4,2,174
19,18,8,6,2,274
20,0,54,28,26,2437.7999999999997
20,1,6,4,2,160.8
20,2,55,33,22,1828.9
20,3,14,8,6,760.8
20,4,167,81,86,7090.7
20,7,56,31,25,2489.3
20,8,223,117,106,9639.999999999998
20,9,73,44,29,2524.2
20,10,426,220,206,15832.000000000002
20,11,876,431,445,32299.8
20,12,1,1,0,0
20,13,79,39,40,2838.3
20,14,2,1,1,0
20,15,3,1,2,0
20,17,7,4,3,0
20,18,40,22,18,1310.4
21,0,59,36,23,2080.5
21,1,107,60,47,4972.6
21,2,37,17,20,1949
21,3,77,39,38,2827.2
21,4,72,38,34,2996.6000000000004
21,7,103,53,50,3861.1000000000004
21,8,261,132,129,9966.400000000001
21,9,228,122,106,8095.9
21,10,2213,1107,1106,68444.59999999999
21,11,4480,2293,2187,149919.7
21,13,81,36,45,3143.5
21,14,207,114,93,7482.7
21,15,13,7,6,322
21,19,23,12,11,1046.8
21,22,1,1,0,0
22,1,20,13,7,671.8
22,2,37,19,18,1125.7
22,3,307,140,167,12706
22,4,3,1,2,0
22,5,86,45,41,3887.2
22,6,40,22,18,1476.1000000000001
22,7,188,96,92,7123.1
22,8,495,248,247,16643.300000000003
22,9,4460,2263,2197,171881.5
22,10,29342,14776,14566,1106496.8
22,11,12625,6308,6317,460722.20000000007
22,12,74,40,34,3283.2
22,13,64,31,33,2675.6
22,14,74,40,34,2926.1000000000004
22,15,32,13,19,1212.2
22,18,6,4,2,376.2
22,19,22,11,11,460.9
22,21,2,1,1,0
23,1,29,15,14,1078.7
23,2,128,68,60,5602.5
23,3,18,9,9,935.5
23,4,129,76,53,5369.000000000001
23,5,64,31,33,2637.2999999999997
23,6,55,30,25,2341.1
23,7,227,140,87,9573.8
23,8,186,96,90,6510.8
23,10,7968,3954,4014,307572.4
23,11,5272,2655,2617,201600.20000000004
23,12,422,217,205,15487.6
23,13,164,87,77,5870.5
23,14,1,1,0,0
23,17,48,21,27,1907.5
23,18,13,7,6,802
23,19,1,1,0,0
24,0,220,119,101,8358.500000000002
24,1,89,42,47,3563.2
24,2,98,56,42,3797.5
24,3,34,16,18,1485.4
24,4,40,22,18,1086.9
24,7,77,39,38,3196.7
24,8,722,381,341,27393.199999999997
24,12,465,245,220,16989.399999999998
24,13,96,49,47,3488.7
24,17,3,3,0,0
24,18,21,9,12,657.4
24,19,21,13,8,948.0999999999999
25,0,325,171,154,12462.4
25,1,1301,636,665,57542.9
25,2,140,72,68,5645.299999999999
25,3,37,21,16,1449.1000000000001
25,4,94,55,39,4279.7
25,6,3,2,1,0
25,7,166,86,80,6372.2
25,8,6,3,3,346.2
25,9,49,27,22,1653.3000000000002
25,13,246,116,130,9214.2
25,14,5,3,2,0
25,15,10,5,5,0
25,17,4,3,1,0
25,18,101,52,49,4177.2
25,23,2,1,1,0
26,0,39,20,19,1523.4
26,1,106,52,54,5079.6
26,2,183,100,83,8197.1
26,3,153,76,77,6216.4
26,4,177,96,81,7555.700000000001
26,9,11,6,5,448.8
26,10,12,7,5,356.4
26,13,83,44,39,3625.1
26,14,20,11,9,713.5999999999999
26,15,12,8,4,512
26,16,221,118,103,9054
26,17,82,45,37,3320
26,18,55,30,25,2198.7
26,22,70,36,34,3656.1
26,23,45,28,17,1769.1999999999998
27,0,13,9,4,467
27,1,168,98,70,7529.299999999999
27,2,5,3,2,0
27,3,31,18,13,1345.8999999999999
27,4,21,13,8,607.6
27,5,24,14,10,1241
27,6,6,5,1,337.2
27,8,15,10,5,579
27,10,76,40,36,3074.5
27,11,8,5,3,520.8
27,13,28,15,13,848.8
27,15,14,6,8,810.6
27,17,632,306,326,27460
27,18,42,24,18,1642.2
27,20,17,10,7,717
27,21,100,47,53,4317
27,22,79,42,37,3991.2
27,23,33,19,14,1968.4
28,0,72,28,44,2539.3
28,1,593,316,277,23945.5
28,3,4,2,2,0
28,4,48,28,20,1733.6999999999998
28,5,160,86,74,7687
28,6,59,36,23,2259
28,7,68,32,36,2865.2999999999997
28,8,142,73,69,6858.999999999999
28,9,53,31,22,2058.2
28,11,5,1,4,0
28,12,6,2,4,165
28,13,80,46,34,3507.6
28,16,25,12,13,1202.8
28,17,15,9,6,679.8
28,18,5,2,3,343
28,19,5,3,2,0
29,0,82,41,41,3658.2
29,1,13,8,5,596.7
29,9,38,23,15,1691.5
29,10,86,44,42,3981.6
29,11,34,18,16,1555.6999999999998
29,12,60,28,32,2580.6000000000004
29,13,37,21,16,1599.7
29,17,3,2,1,0
29,18,52,30,22,2361.2
29,19,61,34,27,2774.8
29,20,221,116,105,9212.7
29,21,93,52,41,3782.3999999999996
29,22,1,1,0,0
30,1,54,29,25,2624.3
30,2,228,117,111,9745.3
30,3,32,18,14,1338
30,9,3,2,1,0
30,10,19,9,10,841.7
30,13,10,5,5,476
30,14,213,107,106,9915.8
30,15,61,34,27,3015.9
30,16,8,6,2,495.2
30,20,49,26,23,2212.8
30,21,14,9,5,679
30,22,1,1,0,0
31,0,29,17,12,733.1
31,1,46,26,20,1832
31,2,449,217,232,17336.4
31,3,83,42,41,3802.7999999999997
31,4,89,41,48,3652.8
31,5,9,4,5,442.8
31,9,26,12,14,1048.5
31,16,263,137,126,11884.2
31,17,106,56,50,4981.5
32,0,4,3,1,0
32,1,56,31,25,1886.6999999999998
32,4,2,1,1,0
32,5,41,22,19,2387.3999999999996
32,6,291,137,154,12616.7
32,7,261,137,124,11119.5
32,8,310,162,148,12744.999999999998
32,9,903,459,444,38753.6
32,11,31,17,14,1575
33,4,84,43,41,4292.4
33,5,620,333,287,27415.1
33,8,12,6,6,304.2
33,9,71,37,34,3511.2
33,10,47,25,22,1902
33,11,30,17,13,1467.1999999999998
33,20,9,6,3,0
33,23,138,71,67,6000.5
34,3,3,3,0,0
34,7,29,17,12,1206.4
34,8,61,32,29,2448.8999999999996
34,9,20,7,13,516.8
34,10,266,134,132,11689
34,11,34,16,18,1723
34,12,39,18,21,1382
34,13,141,79,62,6743.9
34,14,51,28,23,2621.6
34,15,6,4,2,0
34,19,7,4,3,408.8
34,20,104,59,45,4481.4
35,6,12,7,5,318
35,7,53,31,22,1886
35,8,579,305,274,25521.4
35,9,108,57,51,5032.3
35,10,108,61,47,4845
35,14,165,87,78,7020.200000000001
35,16,11,6,5,482.4
35,17,2,1,1,0
35,18,5,2,3,0
35,20,8,3,5,412.8
35,21,28,16,12,764.8
35,22,23,13,10,1335.5
36,8,86,41,45,3624.3
36,13,1,1,0,0
36,14,104,55,49,3890.4999999999995
36,15,82,47,35,3951.2000000000003
36,16,45,21,24,1667.4
36,17,10,4,6,354
36,20,6,4,2,0
36,21,5,2,3,360
37,1,4,3,1,0
37,7,138,68,70,6466.5
37,8,240,139,101,9868.8
37,14,836,420,416,34016.600000000006
37,15,21,9,12,930.2
37,16,25,13,12,1130
37,17,63,30,33,2594.2
37,18,8,5,3,319
37,19,573,293,280,20608.3
37,20,1963,996,967,80970.5
38,7,223,122,101,11179.6
38,13,231,125,106,8849.199999999999
38,14,2039,1011,1028,80598.79999999999
38,15,91,47,44,3194.3
38,16,74,39,35,2506.5
38,24,4,2,2,0
39,12,15,7,8,625.5
39,13,184,104,80,7448.4
39,14,7,4,3,252.7
39,15,39,23,16,1111.6
39,16,148,78,70,5338.4
39,17,47,28,19,1951.3
39,18,9,4,5,497.7
40,9,27,12,15,1058.4
40,10,25,16,9,547
40,11,28,13,15,688.8
40,12,135,70,65,5702.4
40,13,89,45,44,3385
40,17,201,106,95,7731.199999999999
40,24,1,1,0,0
40,25,1,1,0,0
40,27,7,7,0,0
41,9,37,17,20,1398.5
41,11,5,3,2,218
41,15,10,7,3,389
41,16,26,16,10,1245.9
41,17,37,18,19,1601.4
41,19,1,1,0,0
41,24,1,1,0,0
41,25,34,19,15,1966.6000000000001
41,26,11,6,5,319
42,8,11,8,3,0
42,9,5,3,2,280
42,17,1,1,0,0
42,19,25,14,11,1260
42,22,11,6,5,698.5
42,24,18,12,6,1045.4
43,7,2,1,1,0
43,17,2,1,1,0
43,19,1,1,0,0
43,21,11,5,6,527.4
43,23,3,2,1,0
43,25,86,48,38,3526.3
43,34,218,122,96,8930.1
44,16,66,35,31,2808.7
44,17,24,11,13,771.5
44,18,15,9,6,489
44,19,1,0,1,0
44,21,26,15,11,918.1
44,33,8,4,4,0
45,14,16,7,9,530
45,15,12,7,5,576.7
45,16,127,67,60,4739.7
45,17,77,41,36,3490.1000000000004
45,18,404,200,204,16415
45,19,119,60,59,5334.1
45,20,45,27,18,2189
45,21,45,25,20,1957
45,22,2,2,0,0
45,25,16,10,6,524
45,26,90,55,35,4566.1
45,30,1,1,0,0
45,31,454,232,222,19392
45,32,2,1,1,0
45,33,251,150,101,10450
46,14,31,18,13,1316.8999999999999
46,15,34,20,14,1489.8000000000002
46,16,19,10,9,689.7
46,18,54,26,28,2063.2
46,20,3,2,1,0
46,21,27,13,14,1213.3999999999999
46,25,13,8,5,256
46,33,85,44,41,3564.2
47,14,12,5,7,204
47,20,36,20,16,1107.8000000000002
47,21,60,32,28,2355.7
47,24,18,11,7,589.2
47,25,331,179,152,15280.3
47,26,291,155,136,12684
48,21,3,3,0,0
48,22,18,11,7,765.7
48,23,11,6,5,329
49,22,4,3,1,0
49,23,4,3,1,0
50,22,2,1,1,0
50,28,18,11,7,721
50,36,9,7,2,0
51,23,14,8,6,315
51,27,9,5,4,347.4
51,28,30,17,13,1377
51,36,1,1,0,0
51,37,2,2,0,0
51,38,1,1,0,0
52,17,3,2,1,0
52,18,5,1,4,204
52,21,215,113,102,7846.2
52,22,189,103,86,7931.2
52,23,24,13,11,876
52,24,15,8,7,691.5
52,27,5,4,1,0
52,28,8,4,4,225
52,33,17,9,8,796.8
52,35,1,1,0,0
52,36,5,3,2,0
52,37,1,1,0,0
52,39,4,3,1,0
53,18,31,16,15,1316.6
53,19,222,104,118,8757.2
53,20,117,59,58,4571.900000000001
53,21,29,15,14,1029.6
53,24,4,2,2,0
53,25,7,3,4,301
53,26,18,10,8,897.4
53,27,3,1,2,0
53,37,3,2,1,0
53,39,73,37,36,2805
54,0,12,7,5,529.2
54,18,190,105,85,7444.9
54,19,219,124,95,7640.200000000001
54,20,6376,3184,3192,241393.99999999997
54,23,3,2,1,0
54,24,18,13,5,921.5
54,25,3,2,1,0
54,26,9,5,4,0
54,27,16,10,6,861
54,33,41,24,17,1660.4
54,34,2,2,0,0
55,0,1,1,0,0
55,18,71,42,29,2323.3
55,19,454,227,227,16079.5
55,20,7522,3724,3798,279166.9
55,21,625,335,290,22472.4
55,22,42,25,17,1616.8
55,23,14,5,9,645.4
55,24,137,70,67,6247
55,25,6,4,2,309
55,26,32,18,14,1557.8
55,27,38,23,15,2113
55,28,19,12,7,590.7
55,33,24,14,10,942.2
55,34,15,8,7,678.2
55,35,264,135,129,9241
55,36,3700,1837,1863,150416.2
55,37,562,283,279,20232
56,0,85,42,43,3451.4
56,17,2,1,1,0
56,18,7,4,3,295
56,19,208,106,102,7649.6
56,20,2406,1216,1190,73796.90000000001
56,21,231,128,103,8312.2
56,22,535,274,261,18592.5
56,27,3,2,1,0
56,28,7,4,3,0
56,30,20,9,11,698.5
56,31,6,3,3,340
56,33,4,2,2,0
56,34,15,7,8,457.6
56,35,775,390,385,27745
56,36,4149,2091,2058,155671.7
56,37,807,420,387,25739.199999999997
56,38,12,6,6,517
56,44,36,22,14,1542.6
57,0,4,3,1,0
57,1,60,33,27,2755.6000000000004
57,2,18,6,12,559.5
57,13,4,2,2,0
57,14,2,1,1,0
57,17,63,32,31,1806.4
57,19,189,96,93,4838.4
57,20,15,11,4,583.5
57,22,17,9,8,859.6
57,31,56,33,23,2480.8
57,32,33,14,19,1207.4
57,33,13,7,6,260
57,43,1,1,0,0
57,44,26,16,10,1150.8
57,45,5,5,0,0
57,46,21,15,6,753.6
58,2,40,25,15,1472.6
58,3,48,24,24,1602.7
58,12,3,0,3,0
58,33,438,241,197,19378.9
58,34,9,6,3,375.9
58,44,27,15,12,1075.1
59,3,69,34,35,2416.2
59,9,215,117,98,9214.5
59,10,12,6,6,375.6
59,18,1,1,0,0
59,33,99,53,46,4716.8
59,34,32,17,15,1751.6
59,35,3,2,1,0
60,4,1,1,0,0
60,32,12,6,6,336
60,33,44,27,17,2032.7
60,37,6,5,1,0
61,4,39,23,16,1797.3
61,6,4,3,1,0
61,30,2,1,1,0
61,32,36,20,16,1187.2
61,33,5,3,2,318
61,39,9,6,3,0
61,40,2,1,1,0
61,44,238,119,119,10989.599999999999
61,45,546,286,260,23423.4
62,7,12,7,5,254.8
62,16,1,1,0,0
62,30,1,1,0,0
62,32,48,28,20,1803.3000000000002
62,36,18,9,9,676.6
62,38,11,7,4,713.8
62,40,26,13,13,1099.5
62,44,98,54,44,4096.4
62,45,116,62,54,5416.5
63,8,1,1,0,0
63,10,1,1,0,0
63,32,11,7,4,193.6
63,36,108,56,52,5008.2
63,37,6,3,3,249
64,8,23,15,8,1031.7
64,14,2,2,0,0
64,45,57,35,22,2901.2
65,8,2,1,1,0
65,12,8,4,4,335.2
66,27,47,21,26,2109.6000000000004
66,28,36,20,16,1552.6
66,33,24,12,12,1274.4
66,34,62,32,30,2430.2
66,35,27,13,14,1312.4
66,48,112,64,48,5572
67,9,20,12,8,962.6
67,10,1,1,0,0
67,22,25,12,13,929.2
67,23,104,57,47,3929
67,24,2492,1235,1257,101614.89999999998
67,25,10,7,3,421
67,28,8,4,4,302.4
67,29,85,45,40,3485.8999999999996
67,30,165,86,79,7161.799999999999
67,31,25,16,9,1054
67,32,3,3,0,0
67,33,24,12,12,1033.9
67,34,8,4,4,97
67,36,2,1,1,0
68,5,1,1,0,0
68,21,6,3,3,229.8
68,24,406,210,196,16368.5
68,25,58,31,27,1918.5
68,30,3,1,2,0
68,33,13,7,6,547.2
69,18,3,1,2,0
69,19,42,23,19,1593.6
69,20,3,2,1,0
69,25,23,11,12,1024.8
69,31,1,0,1,0
69,40,5,2,3,0
69,45,3,2,1,0
69,48,69,38,31,3501.8
69,49,20,15,5,880
70,18,2,1,1,0
70,30,29,16,13,626.7
70,31,58,29,29,3116.7999999999997
70,32,16,11,5,927.7
70,33,3,1,2,0
70,40,24,12,12,1016.6
70,43,5,4,1,0
70,44,3,2,1,0
70,45,16,9,7,814.4
70,46,1,1,0,0
70,47,79,46,33,3793.6
71,10,17,9,8,702
71,11,1,0,1,0
71,30,5,2,3,202
71,31,106,63,43,4814.7
71,33,2,1,1,0
71,35,17,12,5,459.2
71,46,2889,1503,1386,121651.40000000001
72,11,60,36,24,1966.6
72,14,3,0,3,0
72,36,4,4,0,0
72,37,5,4,1,0
73,11,223,125,98,8252.199999999999
73,12,1498,748,750,60434.2
73,32,1,0,1,0
73,38,1,1,0,0
74,12,680,344,336,28856.300000000003
75,11,21,12,9,447.2
75,12,15,6,9,309.6
76,6,5,2,3,0
76,7,5,3,2,0
76,8,1,1,0,0
76,11,69,33,36,2505.1
76,12,8,5,3,311
76,13,8,3,5,259.7
76,14,10,5,5,139.2
76,15,2,1,1,0
76,16,3,1,2,0
76,17,14,7,7,658.9
76,18,1,1,0,0
76,40,24,15,9,1000.8
77,19,14,8,6,491.4
77,32,1,1,0,0
77,33,19,10,9,1017.6
77,39,19,13,6,606
77,40,23,13,10,868
78,32,6,3,3,264
78,33,5,2,3,0
78,34,1,1,0,0
79,23,5,3,2,0
79,34,1,1,0,0
80,36,14,10,4,304
80,37,3,3,0,0
80,38,98,50,48,4326.8
80,46,43,21,22,1972.1
80,47,24,11,13,715.2
81,36,19,10,9,293.6
81,37,5,3,2,0
81,46,11,6,5,298.4
81,47,988,541,447,41814.8
81,48,1,1,0,0
81,49,1,1,0,0
82,36,1,1,0,0
82,39,38,22,16,1498
82,46,1,0,1,0
82,47,1,1,0,0
83,24,2,1,1,0
84,24,2,2,0,0
84,25,2,2,0,0
84,40,3,2,1,0
84,49,12,7,5,662.4
84,50,785,428,357,33136
85,25,9,6,3,462
85,26,27,14,13,1218
85,27,24,11,13,812.1
85,40,1,0,1,0
85,45,2,2,0,0
86,27,49,25,24,2057.4
86,28,13,7,6,407.7
86,42,23,14,9,1234.1
86,45,13,6,7,658.2
87,28,4,3,1,0
87,36,6,5,1,0
87,37,11,6,5,419.3
87,38,2,1,1,0
87,43,7,3,4,366
87,45,79,42,37,2577.3999999999996
87,51,213,134,79,9744.8
88,28,13,6,7,444
88,29,35,20,15,1718.5
88,37,19,10,9,679.8
88,38,18,10,8,613.8
89,29,75,41,34,3123
89,33,4,2,2,0
89,34,14,7,7,440
89,36,15,4,11,650.1
89,37,6,4,2,0
90,29,195,101,94,8534.7
90,30,27,13,14,1364.1000000000001
90,32,532,269,263,22154.9
90,33,269,140,129,10902.9
90,34,81,47,34,2946.6000000000004
90,35,129,65,64,4939.7
90,36,179,88,91,7456.1
90,37,165,94,71,6526.6
90,38,32,15,17,1293.6
91,29,12,6,6,674.3
91,30,71,41,30,2880
91,31,240,118,122,10349.5
91,32,327,178,149,12610.7
91,33,86,40,46,2754.8999999999996
91,38,24,15,9,897.2
91,39,5,4,1,0
92,37,53,27,26,1937.6000000000001
92,38,116,67,49,4848.2
93,29,1,1,0,0
93,31,28,14,14,955.8
93,32,143,85,58,5123.5
93,38,10,5,5,434
94,30,3,3,0,0
94,31,106,59,47,4890.400000000001
94,32,253,133,120,9686.800000000001
94,48,941,498,443,41781
95,30,20,12,8,751.1
95,32,121,64,57,5565.5
96,30,26,14,12,1244.3
96,32,220,103,117,9957.6
96,45,34,17,17,2015.9
97,30,1,1,0,0
97,32,15,7,8,812.8
98,30,1,1,0,0
98,32,5,2,3,294
99,32,452,225,227,19223.1
99,44,1165,614,551,47534.7
100,32,198,98,100,8029.3
100,44,1068,560,508,42777.6
101,23,41,21,20,1742.1999999999998
101,26,8,4,4,0
101,27,37,20,17,1638.4
101,30,1,1,0,0
101,32,45,30,15,1608.4
102,23,90,49,41,3938.5
102,27,2,1,1,0
102,29,177,98,79,8706.6
102,30,3,1,2,0
102,32,1155,604,551,45068
103,12,19,13,6,941.8
103,13,4,2,2,0
103,14,3,2,1,0
103,15,1,1,0,0
103,22,10,5,5,0
103,23,14,10,4,665.8
103,25,2,2,0,0
103,29,19,6,13,980.4
103,32,3931,1981,1950,157250
103,43,2,1,1,0
104,15,3,2,1,0
104,24,10,6,4,457
104,26,1,1,0,0
104,32,59,30,29,2592.1
105,16,12,5,7,445
105,25,10,7,3,374.4
105,32,86,52,34,3646.4
105,33,33,17,16,1506.6
106,16,30,14,16,988.2
106,17,72,41,31,3006.5
106,23,388,197,191,16459.2
106,24,508,277,231,16970.5
106,25,9,4,5,244.3
106,33,38,20,18,1720.4
106,35,16,8,8,804
106,36,3,1,2,0
107,17,11,5,6,303.3
107,18,62,31,31,2353.5
107,20,19,10,9,1152.7
107,21,3,1,2,0
107,22,61,25,36,2139.5
107,23,1041,509,532,42511.5
107,24,2732,1367,1365,102478.6
107,25,3864,1926,1938,155063.4
107,27,2,1,1,0
107,37,2,2,0,0
107,44,1,1,0,0
108,18,31,16,15,1132
108,19,189,87,102,7121.700000000001
108,20,99,50,49,3023.8999999999996
108,21,46,22,24,1786.6999999999998
108,22,6,4,2,224
108,24,154,78,76,6058.2
108,25,38,19,19,1264
108,26,11,6,5,554
109,19,13,6,7,504.4
109,20,11,6,5,310.1
109,21,5,3,2,223
109,24,93,47,46,3538.6
110,24,82,44,38,3644.7999999999997
110,25,69,36,33,2553.4
110,26,11,7,4,420
110,38,9,5,4,0
110,41,2,1,1,0
111,39,217,124,93,10385.7
111,41,1863,979,884,81231.4