x,y,p,m,f,ta
40,125,4,1,3,0
40,126,67,37,30,3262.9
41,115,14,9,5,792.4
41,123,14,4,10,635.6
41,125,34,17,17,1356.6
41,126,223,116,107,10793.2
41,127,1,1,0,0
42,101,1,0,1,0
42,104,2,1,1,0
42,105,15,7,8,550.5
42,123,40,21,19,1776
42,125,133,60,73,5266.8
42,126,47,18,29,1579.2
43,101,33,18,15,1514.7
43,102,9,6,3,514.8
43,103,5,3,2,324
43,104,26,14,12,1183
43,105,62,31,31,3044.2
43,106,4,1,3,0
43,107,17,6,11,671.5
43,108,115,58,57,4830
43,109,33,17,16,1554.3
43,110,58,34,24,2847.8
43,111,48,25,23,2289.6
43,112,159,85,74,7059.6
44,100,13,13,0,470.6
44,101,24,13,11,1147.2
44,103,146,79,67,4818
44,104,113,53,60,4689.5
44,105,2,1,1,0
44,106,2,1,1,0
44,107,35,13,22,1760.5
44,108,22,11,11,932.8
44,109,8,4,4,443.2
44,110,9,3,6,521.1
44,112,20,12,8,1210
45,2,1,1,0,0
45,20,1,1,0,0
45,22,2,1,1,0
45,72,1,1,0,0
45,96,54,33,21,2467.8
45,97,246,121,125,8929.8
45,98,36,17,19,1551.6
45,100,168,85,83,5695.2
45,101,157,80,77,5824.7
45,102,8,3,5,463.2
45,103,7,5,2,247.8
45,104,88,45,43,3528.8
45,105,81,45,36,3215.7
45,106,1,0,1,0
45,107,27,10,17,882.9
45,110,8,4,4,518.4
46,6,26,16,10,1266.2
46,7,5,2,3,170
46,10,58,31,27,2818.8
46,11,55,29,26,2161.5
46,12,126,62,64,4674.6
46,13,47,24,23,1480.5
46,18,6,1,5,153
46,19,2,1,1,0
46,22,2,1,1,0
46,25,11,6,5,610.5
46,65,2,1,1,0
46,66,255,130,125,10327.5
46,67,12,8,4,261.6
46,73,47,27,20,1598
46,77,42,18,24,1650.6
46,87,79,40,39,2488.5
46,88,24,11,13,825.6
46,94,80,47,33,2888
46,95,83,39,44,3784.8
46,97,210,113,97,8862
46,98,30,14,16,1110
46,101,4,3,1,0
46,102,6,3,3,205.2
47,0,18,10,8,901.8
47,6,14,10,4,350
47,7,6,5,1,231
47,11,93,47,46,2780.7
47,12,85,41,44,3842
47,13,215,117,98,7546.5
47,14,89,47,42,3613.4
47,16,22,13,9,959.2
47,21,6,2,4,237
47,22,16,8,8,614.4
47,23,6,4,2,253.2
47,24,16,7,9,724.8
47,25,33,15,18,1663.2
47,35,56,33,23,2878.4
47,36,1,0,1,0
47,56,1,1,0,0
47,61,38,22,16,1949.4
47,65,87,41,46,3149.4
47,66,286,147,139,10953.8
47,67,20,12,8,844
47,71,6,3,3,198
47,72,63,32,31,2557.8
47,73,65,33,32,2873
47,74,30,16,14,1065
47,76,52,25,27,1487.2
47,77,123,63,60,4551
47,87,43,21,22,1505
47,88,19,11,8,1073.5
47,93,281,145,136,9750.7
47,94,353,180,173,11507.8
47,95,221,107,114,10630.1
47,96,10,6,4,388
47,97,30,17,13,1176
47,127,18,10,8,1011.6
48,0,2,1,1,0
48,2,86,46,40,2906.8
48,3,36,20,16,1810.8
48,9,30,16,14,1128
48,10,89,49,40,2767.9
48,11,72,39,33,2318.4
48,12,14,5,9,289.8
48,13,176,95,81,5262.4
48,14,86,48,38,3723.8
48,16,14,9,5,751.8
48,17,10,6,4,456
48,20,9,3,6,385.2
48,21,10,4,6,384
48,24,20,13,7,828
48,35,14,8,6,642.6
48,36,60,32,28,2238
48,37,19,11,8,1010.8
48,38,27,12,15,1401.3
48,50,22,11,11,688.6
48,55,24,12,12,1015.2
48,60,63,30,33,2746.8
48,61,14,11,3,478.8
48,65,19,10,9,619.4
48,71,31,17,14,1112.9
48,72,45,28,17,1755
48,74,106,54,52,3487.4
48,75,162,83,79,5994
48,76,149,89,60,5423.6
48,77,120,65,55,3996
48,78,30,16,14,1137
48,80,1,0,1,0
48,82,28,14,14,1257.2
48,83,12,6,6,399.6
48,84,142,75,67,5225.6
48,85,36,19,17,1357.2
48,87,3,1,2,0
48,90,196,98,98,6389.6
48,91,237,120,117,8603.1
48,92,329,180,149,11646.6
48,93,242,119,123,7623
48,94,20,12,8,520
49,3,43,20,23,1698.5
49,5,4,2,2,0
49,9,104,54,50,4097.6
49,10,348,179,169,13050
49,11,68,31,37,2516
49,12,262,126,136,9536.8
49,13,420,194,226,15498
49,14,488,264,224,17275.2
49,15,62,30,32,1909.6
49,16,1,1,0,0
49,18,54,25,29,1269
49,19,14,6,8,432.6
49,20,3,2,1,0
49,41,8,6,2,403.2
49,44,7,5,2,431.9
49,50,5,2,3,368
49,51,5,3,2,282
49,55,17,9,8,724.2
49,56,77,42,35,3187.8
49,57,133,65,68,3883.6
49,58,27,13,14,1385.1
49,59,124,66,58,4116.8
49,60,288,152,136,10656
49,61,8,3,5,508.8
49,62,44,23,21,1830.4
49,64,10,5,5,584
49,68,3,1,2,0
49,72,190,92,98,6764
49,73,332,167,165,12250.8
49,74,26,15,11,1071.2
49,75,118,61,57,4047.4
49,76,110,58,52,3520
49,77,44,23,21,1799.6
49,78,122,65,57,4404.2
49,79,107,58,49,3937.6
49,80,263,136,127,9468
49,81,77,41,36,2263.8
49,82,601,297,304,17669.4
49,83,321,168,153,11138.7
49,84,113,53,60,3762.9
49,85,282,129,153,10067.4
49,86,184,99,85,6366.4
49,87,255,121,134,9129
49,88,108,57,51,3844.8
49,89,310,155,155,10385
49,90,133,71,62,4149.6
49,91,1,1,0,0
49,92,2,1,1,0
49,116,58,30,28,2296.8
49,117,5,2,3,245
49,120,1,1,0,0
49,124,4,2,2,0
49,125,31,18,13,1587.2
49,126,44,21,23,1702.8
50,6,16,8,8,633.6
50,7,11,7,4,403.7
50,8,23,11,12,425.5
50,9,15,9,6,769.5
50,10,115,59,56,3944.5
50,11,24,13,11,849.6
50,12,53,28,25,1314.4
50,13,782,365,417,34095.2
50,14,263,135,128,9126.1
50,15,5,3,2,314
50,21,154,85,69,5390
50,22,24,12,12,1459.2
50,36,88,43,45,3388
50,43,11,5,6,695.2
50,44,34,19,15,1203.6
50,50,58,27,31,1931.4
50,51,91,52,39,4031.3
50,52,4,2,2,0
50,55,22,14,8,919.6
50,56,3,1,2,0
50,58,27,11,16,1196.1
50,59,117,56,61,4434.3
50,61,29,16,13,1328.2
50,62,154,81,73,5297.6
50,63,64,35,29,1971.2
50,64,225,113,112,6165
50,67,7,4,3,198.1
50,68,113,54,59,4734.7
50,69,71,31,40,3109.8
50,70,143,80,63,6063.2
50,71,60,29,31,2772
50,72,40,22,18,1692
50,73,475,233,242,14915
50,80,13,4,9,371.8
50,81,251,133,118,7404.5
50,82,553,252,301,22673
50,84,464,225,239,14987.2
50,85,17,7,10,657.9
50,100,65,33,32,2385.5
50,101,21,12,9,1106.7
50,114,2,1,1,0
50,115,10,5,5,281
50,116,18,9,9,847.8
50,117,2,1,1,0
50,120,2,1,1,0
50,122,65,34,31,2756
50,123,5,3,2,280
50,124,1,1,0,0
50,125,9,7,2,317.7
50,126,23,13,10,696.9
50,127,10,5,5,361
51,4,74,34,40,3063.6
51,5,20,10,10,934
51,6,61,28,33,2482.7
51,7,4,2,2,0
51,8,7,4,3,424.2
51,9,31,17,14,1097.4
51,10,10,6,4,392
51,13,209,109,100,6374.5
51,14,41,25,16,1258.7
51,15,1,1,0,0
51,24,2,1,1,0
51,36,79,44,35,3136.3
51,37,74,42,32,2967.4
51,39,2,1,1,0
51,51,14,9,5,386.4
51,56,2,1,1,0
51,57,3,3,0,0
51,59,245,137,108,9457
51,60,169,84,85,6067.1
51,61,58,29,29,2720.2
51,62,65,34,31,2281.5
51,63,30,14,16,1770
51,64,73,40,33,3708.4
51,65,427,220,207,14389.9
51,66,176,86,90,4452.8
51,67,78,32,46,2815.8
51,68,2,1,1,0
51,69,38,22,16,1235
51,70,24,13,11,852
51,71,134,64,70,4274.6
51,72,27,12,15,912.6
51,73,138,76,62,5754.6
51,78,79,48,31,3262.7
51,81,217,105,112,7030.8
51,82,466,226,240,14818.8
51,84,70,35,35,2275
51,85,1,0,1,0
51,96,22,9,13,926.2
51,97,13,9,4,442
51,98,70,33,37,3500
51,99,195,102,93,8190
51,100,19,10,9,1204.6
51,104,18,8,10,842.4
51,112,2,1,1,0
51,113,13,6,7,490.1
51,114,90,47,43,3843
51,115,288,137,151,10195.2
51,116,41,26,15,1697.4
51,117,59,28,31,2619.6
51,118,57,32,25,2490.9
51,119,8,4,4,508
51,121,30,20,10,1422
51,122,136,71,65,5834.4
51,123,197,99,98,6835.9
51,125,1,1,0,0
52,2,1,1,0,0
52,4,14,6,8,681.8
52,5,11,3,8,500.5
52,6,218,101,117,6409.2
52,7,188,103,85,7896
52,9,37,18,19,1224.7
52,10,13,6,7,414.7
52,13,44,23,21,1522.4
52,14,2,1,1,0
52,18,6,4,2,334.2
52,19,16,9,7,664
52,36,35,15,20,1575
52,37,79,40,39,3333.8
52,56,116,54,62,3886
52,57,344,182,162,10629.6
52,58,164,92,72,4542.8
52,59,6,3,3,264
52,65,3,2,1,0
52,66,253,124,129,11030.8
52,67,121,64,57,4222.9
52,68,51,26,25,2203.2
52,69,6,3,3,391.8
52,71,2,1,1,0
52,73,192,94,98,6547.2
52,75,22,10,12,904.2
52,76,74,39,35,2316.2
52,77,2,1,1,0
52,78,55,28,27,1864.5
52,79,107,54,53,3830.6
52,80,453,237,216,14858.4
52,81,35,17,18,787.5
52,95,26,13,13,865.8
52,96,216,106,110,7300.8
52,103,19,10,9,733.4
52,104,14,7,7,813.4
52,108,27,13,14,1223.1
52,109,32,15,17,1078.4
52,111,1,1,0,0
52,112,105,54,51,3654
52,113,26,16,10,1209
52,114,43,22,21,1535.1
52,115,57,35,22,1886.7
52,116,23,13,10,1255.8
52,121,18,8,10,608.4
52,122,72,40,32,2901.6
52,123,63,39,24,2186.1
52,124,374,188,186,14286.8
52,125,44,23,21,1777.6
52,126,27,13,14,1198.8
52,127,66,34,32,2943.6
53,1,2,1,1,0
53,2,6,5,1,363
53,7,2,1,1,0
53,8,6,3,3,205.8
53,9,35,19,16,1239
53,10,21,13,8,858.9
53,13,153,85,68,5079.6
53,14,8,5,3,326.4
53,15,3,2,1,0
53,16,2,1,1,0
53,17,2,1,1,0
53,18,14,9,5,445.2
53,19,27,15,12,1630.8
53,27,1,1,0,0
53,33,2,1,1,0
53,34,9,3,6,639
53,37,40,23,17,1780
53,47,11,7,4,382.8
53,48,73,35,38,2876.2
53,49,121,66,55,5348.2
53,50,9,6,3,204.3
53,51,1,1,0,0
53,56,18,8,10,415.8
53,57,184,94,90,5133.6
53,63,14,8,6,597.8
53,64,40,20,20,1648
53,65,136,71,65,4705.6
53,66,27,18,9,1109.7
53,67,198,98,100,6870.6
53,68,106,48,58,4356.6
53,69,32,16,16,1385.6
53,70,2,1,1,0
53,71,13,7,6,598
53,72,40,18,22,1696
53,73,337,180,157,12401.6
53,74,88,40,48,2543.2
53,76,262,136,126,8829.4
53,77,243,125,118,8529.3
53,78,366,177,189,11602.2
53,79,388,207,181,13541.2
53,80,196,99,97,5958.4
53,85,136,75,61,5535.2
53,94,91,51,40,3485.3
53,95,7,4,3,298.2
53,96,99,48,51,3564
53,97,19,11,8,780.9
53,98,2,1,1,0
53,103,59,32,27,2495.7
53,104,37,18,19,1446.7
53,108,2,1,1,0
53,110,92,46,46,3376.4
53,111,44,21,23,1927.2
53,112,5,2,3,346
53,114,17,9,8,603.5
53,121,10,5,5,326
53,122,55,26,29,2035
53,123,55,26,29,2519
53,124,128,54,74,7552
53,125,133,71,62,5825.4
53,126,36,19,17,1443.6
53,127,29,15,14,1203.5
54,5,8,4,4,358.4
54,7,36,18,18,1407.6
54,9,17,10,7,664.7
54,12,90,51,39,3465
54,13,97,46,51,3055.5
54,14,39,17,22,1248
54,15,426,218,208,14441.4
54,16,7,3,4,333.2
54,17,14,6,8,519.4
54,18,38,20,18,1691
54,33,34,16,18,1377
54,34,27,14,13,828.9
54,35,9,4,5,428.4
54,36,184,91,93,7065.6
54,37,241,119,122,8941.1
54,41,9,3,6,441
54,43,11,8,3,726
54,47,136,80,56,4148
54,48,80,41,39,2952
54,49,83,44,39,2033.5
54,51,13,9,4,326.3
54,56,97,45,52,3346.5
54,57,174,88,86,6977.4
54,58,8,5,3,376.8
54,59,16,9,7,649.6
54,60,29,15,14,1479
54,61,4,1,3,0
54,64,26,17,9,920.4
54,65,170,83,87,6613
54,66,31,17,14,1023
54,67,258,134,124,8307.6
54,68,22,11,11,847
54,74,9,4,5,208.8
54,75,403,196,207,13500.5
54,76,441,220,221,15126.3
54,80,6,5,1,346.8
54,85,92,53,39,4048
54,92,27,15,12,1139.4
54,93,108,53,55,3672
54,94,55,27,28,2161.5
54,95,173,88,85,5432.2
54,96,44,21,23,1980
54,98,14,8,6,674.8
54,99,129,69,60,4656.9
54,103,6,2,4,166.2
54,108,5,2,3,118
54,110,53,33,20,2400.9
54,111,7,4,3,471.8
54,112,52,25,27,1705.6
54,113,9,5,4,350.1
54,115,13,7,6,655.2
54,116,91,47,44,4431.7
54,117,25,16,9,765
54,118,10,6,4,580
54,120,37,18,19,1324.6
54,121,2,1,1,0
54,122,107,53,54,4119.5
54,124,6,4,2,307.8
54,125,18,9,9,982.8
54,126,12,6,6,675.6
55,5,20,11,9,846
55,12,71,40,31,2683.8
55,13,7,4,3,198.8
55,14,575,299,276,22367.5
55,15,200,110,90,7580
55,34,8,1,7,300
55,35,3,2,1,0
55,36,110,60,50,4554
55,37,50,28,22,1590
55,38,10,6,4,322
55,39,39,20,19,943.8
55,40,207,113,94,7596.9
55,41,46,26,20,1260.4
55,43,18,9,9,685.8
55,44,15,8,7,618
55,47,129,67,62,4269.9
55,48,11,5,6,333.3
55,57,25,15,10,1057.5
55,58,114,66,48,4423.2
55,59,162,85,77,6058.8
55,60,306,166,140,12056.4
55,61,333,170,163,13653
55,62,25,16,9,882.5
55,68,16,7,9,521.6
55,69,144,77,67,5428.8
55,70,169,84,85,5255.9
55,73,118,66,52,4708.2
55,74,210,113,97,8526
55,75,412,207,205,15614.8
55,76,27,20,7,1009.8
55,77,32,18,14,1084.8
55,78,379,192,187,12810.2
55,85,112,56,56,4502.4
55,86,177,85,92,6000.3
55,88,125,65,60,5150
55,92,98,54,44,4517.8
55,94,27,16,11,1258.2
55,95,63,32,31,3011.4
55,96,7,4,3,224
55,97,25,12,13,762.5
55,98,157,75,82,5228.1
55,99,118,64,54,5262.8
55,100,82,40,42,3042.2
55,103,10,6,4,380
55,104,13,8,5,643.5
55,107,157,80,77,4772.8
55,108,18,9,9,478.8
55,109,51,23,28,1917.6
55,110,22,11,11,855.8
55,111,54,26,28,2273.4
55,112,22,11,11,893.2
55,113,3,1,2,0
55,115,59,32,27,2531.1
55,120,21,11,10,777
55,121,6,3,3,219
55,123,33,20,13,1016.4
55,124,22,14,8,853.6
55,125,23,12,11,945.3
55,126,103,53,50,4150.9
55,127,7,4,3,282.8
56,6,50,24,26,2285
56,12,81,43,38,2737.8
56,13,10,4,6,334
56,19,3,2,1,0
56,26,3,1,2,0
56,27,6,1,5,121.8
56,36,11,7,4,487.3
56,37,35,16,19,1452.5
56,39,29,14,15,1223.8
56,40,9,5,4,413.1
56,41,16,10,6,987.2
56,43,5,3,2,276
56,44,64,35,29,2028.8
56,45,4,1,3,0
56,48,3,1,2,0
56,49,22,10,12,684.2
56,60,54,28,26,2241
56,61,2,1,1,0
56,62,4,3,1,0
56,70,107,57,50,3841.3
56,71,125,60,65,4600
56,72,154,82,72,5605.6
56,73,56,32,24,2195.2
56,74,22,13,9,635.8
56,75,686,354,332,25930.8
56,76,963,456,507,44009.1
56,77,1216,602,614,44140.8
56,78,648,338,310,22420.8
56,79,190,101,89,6194
56,80,124,66,58,4042.4
56,85,1,1,0,0
56,86,270,136,134,10368
56,87,250,132,118,7625
56,88,292,150,142,9811.2
56,91,53,24,29,1812.6
56,92,359,177,182,14036.9
56,93,242,125,117,8107
56,94,3,2,1,0
56,96,84,34,50,2200.8
56,97,11,6,5,547.8
56,98,64,33,31,2713.6
56,99,140,71,69,5012
56,100,22,10,12,803
56,103,25,15,10,925
56,104,6,4,2,189
56,106,5,2,3,341
56,107,341,163,178,17152.3
56,108,314,159,155,10330.6
56,109,6,3,3,90
56,110,68,34,34,2556.8
56,111,76,37,39,2599.2
56,112,4,2,2,0
56,113,2,2,0,0
56,114,35,21,14,1641.5
56,115,20,9,11,658
56,120,25,14,11,830
56,121,11,6,5,586.3
56,122,30,14,16,1404
56,123,1,0,1,0
56,124,3,2,1,0
56,125,35,17,18,1046.5
56,126,281,134,147,10818.5
56,127,53,29,24,2358.5
57,0,116,53,63,4025.2
57,1,62,34,28,2213.4
57,2,7,4,3,291.9
57,3,171,86,85,5147.1
57,4,62,27,35,1686.4
57,5,164,80,84,5608.8
57,6,26,12,14,1549.6
57,7,33,20,13,1122
57,8,27,15,12,947.7
57,9,46,28,18,2120.6
57,10,7,3,4,345.8
57,11,77,47,30,2856.7
57,12,254,134,120,10464.8
57,19,22,15,7,919.6
57,20,19,11,8,780.9
57,23,3,2,1,0
57,24,2,1,1,0
57,26,5,2,3,212
57,35,24,14,10,1087.2
57,36,139,68,71,5073.5
57,37,4,2,2,0
57,44,10,6,4,581
57,45,108,54,54,3531.6
57,46,488,249,239,16640.8
57,47,238,130,108,8520.4
57,48,16,8,8,705.6
57,61,6,4,2,286.8
57,62,16,9,7,1027.2
57,68,6,3,3,226.2
57,69,162,83,79,5248.8
57,70,5,2,3,228
57,71,53,22,31,1923.9
57,72,2,1,1,0
57,73,53,29,24,2252.5
57,74,234,131,103,8119.8
57,75,840,447,393,29820
57,76,905,452,453,30951
57,77,7,2,5,235.2
57,79,77,41,36,2618
57,80,19,12,7,549.1
57,85,6,4,2,319.8
57,86,168,79,89,5728.8
57,87,259,131,128,6993
57,88,211,116,95,6857.5
57,89,7,5,2,212.1
57,91,7,4,3,298.9
57,92,52,23,29,2194.4
57,93,203,110,93,5663.7
57,94,45,18,27,1701
57,96,43,21,22,1629.7
57,97,42,20,22,1650.6
57,98,7,2,5,287.7
57,99,23,11,12,906.2
57,100,6,3,3,382.2
57,102,1,0,1,0
57,103,38,20,18,1588.4
57,104,2,1,1,0
57,106,23,15,8,798.1
57,107,189,92,97,8561.7
57,108,143,78,65,5548.4
57,110,7,4,3,317.8
57,112,29,15,14,1264.4
57,113,99,49,50,4138.2
57,114,20,10,10,700
57,115,62,39,23,2740.4
57,116,5,3,2,203
57,122,6,2,4,196.2
57,123,18,10,8,804.6
57,124,70,37,33,2576
57,125,64,31,33,2227.2
57,126,44,22,22,1584
57,127,40,16,24,1712
58,0,331,168,163,11585
58,1,305,155,150,12139
58,2,73,39,34,2416.3
58,3,66,37,29,2554.2
58,4,26,13,13,811.2
58,5,6,3,3,231
58,14,19,11,8,490.2
58,15,26,13,13,1060.8
58,16,6,4,2,220.2
58,18,9,6,3,338.4
58,19,114,61,53,4104
58,20,17,9,8,479.4
58,21,1,1,0,0
58,22,18,8,10,702
58,23,11,5,6,664.4
58,24,42,21,21,1726.2
58,25,494,264,230,16598.4
58,26,58,32,26,2117
58,28,3,2,1,0
58,35,19,12,7,813.2
58,36,47,23,24,1978.7
58,37,9,4,5,255.6
58,40,11,5,6,367.4
58,41,14,7,7,702.8
58,42,55,33,22,2431
58,43,14,8,6,544.6
58,44,198,104,94,7147.8
58,45,421,211,210,15408.6
58,46,49,20,29,1607.2
58,47,55,27,28,1826
58,48,4,4,0,0
58,69,66,33,33,1993.2
58,70,68,37,31,2291.6
58,71,172,88,84,5813.6
58,72,258,126,132,8488.2
58,73,6,4,2,337.2
58,74,310,162,148,10416
58,75,310,146,164,11098
58,76,679,351,328,24851.4
58,77,229,125,104,8404.3
58,78,1137,596,541,42637.5
58,79,445,217,228,16198
58,81,138,75,63,4719.6
58,82,320,167,153,12992
58,83,566,286,280,19130.8
58,85,321,166,155,8795.4
58,86,975,493,482,27885
58,87,422,219,203,11436.2
58,88,84,45,39,3612
58,89,4,1,3,0
58,91,2,1,1,0
58,94,14,7,7,659.4
58,96,124,64,60,4302.8
58,98,6,5,1,198
58,104,12,7,5,548.4
58,105,24,15,9,1149.6
58,106,62,34,28,2783.8
58,107,27,16,11,1522.8
58,108,25,12,13,1187.5
58,109,23,12,11,1023.5
58,110,24,13,11,1010.4
58,111,18,12,6,604.8
58,112,77,38,39,3195.5
58,113,42,19,23,1344
58,114,4,2,2,0
58,122,8,6,2,563.2
58,123,8,4,4,223.2
58,124,24,12,12,1003.2
58,125,88,59,29,2939.2
58,127,2,2,0,0
59,0,90,37,53,2979
59,1,267,126,141,12602.4
59,2,11,7,4,357.5
59,3,12,4,8,351.6
59,4,12,4,8,488.4
59,10,17,12,5,727.6
59,11,16,5,11,512
59,14,161,83,78,5377.4
59,15,9,4,5,246.6
59,19,12,5,7,429.6
59,20,139,71,68,5615.6
59,21,85,41,44,2983.5
59,22,23,11,12,897
59,23,2,1,1,0
59,24,30,16,14,1044
59,25,217,97,120,9092.3
59,26,57,39,18,3140.7
59,27,4,1,3,0
59,30,22,13,9,1045
59,37,73,33,40,2810.5
59,43,70,31,39,2933
59,44,86,39,47,2906.8
59,62,25,14,11,1077.5
59,65,4,1,3,0
59,66,60,30,30,2508
59,67,60,36,24,2082
59,68,5,3,2,164
59,70,4,3,1,0
59,71,165,81,84,5874
59,72,48,25,23,2126.4
59,73,216,121,95,8272.8
59,74,384,186,198,14361.6
59,75,269,131,138,10033.7
59,76,864,420,444,26006.4
59,77,669,341,328,24284.7
59,79,646,337,309,22093.2
59,80,160,86,74,5600
59,81,917,481,436,31728.2
59,82,77,41,36,3634.4
59,83,327,169,158,10365.9
59,85,155,80,75,6060.5
59,86,416,186,230,16764.8
59,87,453,202,251,19660.2
59,88,5,3,2,128
59,90,68,36,32,2706.4
59,91,32,19,13,1363.2
59,92,70,38,32,2408
59,94,3,1,2,0
59,95,124,59,65,4513.6
59,96,89,49,40,2856.9
59,98,21,12,9,774.9
59,104,12,4,8,559.2
59,105,11,5,6,414.7
59,106,45,26,19,2241
59,107,14,7,7,506.8
59,108,48,21,27,1708.8
59,109,11,7,4,512.6
59,117,4,2,2,0
59,119,6,3,3,90
59,120,113,58,55,3706.4
59,121,9,5,4,523.8
59,123,85,36,49,2516
59,124,19,10,9,839.8
60,0,18,10,8,793.8
60,1,198,109,89,7642.8
60,3,5,2,3,123
60,9,276,137,139,9798
60,10,174,93,81,5829
60,11,73,39,34,2832.4
60,13,14,8,6,921.2
60,19,55,22,33,2106.5
60,20,52,32,20,2028
60,21,2,1,1,0
60,22,43,16,27,2003.8
60,23,111,53,58,4351.2
60,24,52,26,26,2095.6
60,25,159,78,81,5978.4
60,26,567,289,278,21999.6
60,27,3,1,2,0
60,29,13,5,8,608.4
60,30,47,26,21,2030.4
60,31,6,3,3,259.8
60,32,8,3,5,319.2
60,37,1,1,0,0
60,38,12,6,6,669.6
60,40,15,9,6,667.5
60,42,2,1,1,0
60,43,22,10,12,754.6
60,44,36,17,19,1184.4
60,63,72,39,33,2844
60,65,225,105,120,8077.5
60,66,108,58,50,4492.8
60,67,63,38,25,2356.2
60,68,286,153,133,11754.6
60,69,6,3,3,268.2
60,70,124,70,54,4774
60,71,5,3,2,305
60,72,952,477,475,35985.6
60,73,1043,522,521,39946.9
60,74,297,158,139,10365.3
60,75,61,28,33,2159.4
60,76,534,274,260,18049.2
60,77,1713,876,837,60468.9
60,78,28,12,16,994
60,79,168,86,82,5812.8
60,80,873,444,429,29420.1
60,81,437,194,243,16999.3
60,82,100,48,52,4250
60,83,1244,627,617,37071.2
60,84,315,156,159,13009.5
60,85,542,275,267,19132.6
60,86,176,95,81,6318.4
60,87,73,36,37,2657.2
60,90,7,4,3,329.7
60,91,85,40,45,3417
60,92,7,4,3,181.3
60,94,259,129,130,8184.4
60,95,42,19,23,2045.4
60,96,51,22,29,1922.7
60,97,16,10,6,496
60,98,48,25,23,1584
60,101,58,32,26,1908.2
60,102,2,1,1,0
60,105,10,5,5,540
60,107,66,31,35,2046
60,108,30,17,13,1443
60,117,2,1,1,0
60,119,9,6,3,183.6
60,120,68,36,32,2699.6
60,121,26,16,10,1162.2
60,123,27,9,18,1085.4
61,8,307,160,147,9486.3
61,9,513,281,232,19442.7
61,10,401,211,190,14115.2
61,12,4,2,2,0
61,19,7,1,6,247.8
61,20,6,5,1,225
61,23,5,3,2,91
61,25,30,15,15,987
61,26,64,32,32,3078.4
61,28,9,4,5,542.7
61,29,15,7,8,886.5
61,30,10,6,4,379
61,31,24,10,14,1111.2
61,40,12,7,5,531.6
61,41,5,2,3,354
61,62,62,34,28,2374.6
61,63,340,175,165,12308
61,64,919,462,457,33635.4
61,65,269,132,137,10060.6
61,66,114,60,54,4548.6
61,67,55,26,29,2447.5
61,70,267,146,121,9131.4
61,71,107,50,57,3980.4
61,72,126,69,57,4825.8
61,73,200,111,89,6720
61,74,495,247,248,19948.5
61,75,703,356,347,24886.2
61,76,150,76,74,6675
61,77,982,489,493,34370
61,78,1539,771,768,61867.8
61,79,101,49,52,3979.4
61,80,979,490,489,31034.3
61,81,337,164,173,9671.9
61,82,539,275,264,19296.2
61,83,482,263,219,15183
61,84,4,3,1,0
61,91,96,52,44,3878.4
61,94,510,261,249,14943
61,95,35,15,20,1536.5
61,96,104,54,50,3910.4
61,97,10,7,3,142
61,101,38,21,17,1930.4
61,102,2,1,1,0
61,103,4,2,2,0
61,104,6,2,4,267
61,105,29,12,17,1281.8
61,106,101,57,44,3908.7
61,107,75,39,36,2722.5
61,109,18,9,9,637.2
61,110,9,7,2,258.3
61,111,1,1,0,0
61,112,15,9,6,762
61,113,10,8,2,277
61,116,4,3,1,0
61,117,6,4,2,334.2
61,118,10,6,4,455
61,119,15,7,8,732
61,120,29,15,14,1371.7
61,122,10,4,6,507
61,123,36,19,17,1620
62,5,33,15,18,1461.9
62,6,5,3,2,355
62,8,246,123,123,8339.4
62,9,500,263,237,20100
62,10,832,413,419,27705.6
62,30,12,9,3,416.4
62,59,3,1,2,0
62,62,110,53,57,4433
62,63,440,226,214,17204
62,64,712,357,355,25632
62,65,411,202,209,14590.5
62,66,409,205,204,16196.4
62,67,327,175,152,12393.3
62,69,4,2,2,0
62,70,541,274,267,19962.9
62,71,51,26,25,1912.5
62,72,472,233,239,18408
62,73,886,431,455,34288.2
62,74,2063,1037,1026,76331
62,75,3035,1474,1561,118365
62,76,2125,1040,1085,86487.5
62,77,2706,1304,1402,108240
62,78,2905,1437,1468,112133
62,79,292,151,141,13694.8
62,80,687,340,347,26655.6
62,81,1612,826,786,64963.6
62,82,590,276,314,24544
62,84,61,34,27,2806
62,85,894,466,428,30038.4
62,86,11,6,5,342.1
62,87,15,10,5,610.5
62,88,66,32,34,2725.8
62,89,115,53,62,4186
62,90,161,83,78,6069.7
62,91,38,21,17,1212.2
62,92,128,65,63,3635.2
62,93,28,14,14,854
62,94,30,15,15,1176
62,95,76,38,38,2606.8
62,96,41,18,23,1377.6
62,97,24,11,13,960
62,98,5,2,3,254
62,99,27,15,12,1026
62,100,9,5,4,243
62,103,29,19,10,1067.2
62,104,148,75,73,5135.6
62,105,47,26,21,1974
62,106,7,4,3,303.1
62,108,12,5,7,602.4
62,109,30,18,12,1395
62,110,36,16,20,1753.2
62,111,23,11,12,469.2
62,112,32,15,17,1097.6
62,115,3,2,1,0
62,117,2,1,1,0
62,118,19,11,8,953.8
62,120,6,3,3,465
62,121,39,20,19,1794
63,7,165,76,89,4504.5
63,8,348,170,178,11866.8
63,10,248,135,113,9151.2
63,11,38,25,13,1113.4
63,30,16,9,7,566.4
63,36,37,18,19,1635.4
63,59,70,39,31,2807
63,60,319,175,144,12823.8
63,61,89,54,35,3533.3
63,64,77,40,37,3187.8
63,65,239,133,106,9034.2
63,66,407,212,195,14204.3
63,67,853,434,419,34120
63,68,797,423,374,28851.4
63,69,1564,760,804,53801.6
63,70,652,323,329,24776
63,71,623,312,311,24297
63,72,1598,791,807,60883.8
63,73,823,389,434,34895.2
63,74,440,222,218,16192
63,75,151,80,71,5541.7
63,77,2,0,2,0
63,78,30,17,13,1164
63,79,29,26,3,1284.7
63,80,153,70,83,6823.8
63,81,993,492,501,39521.4
63,82,779,400,379,28433.5
63,83,710,353,357,28116
63,84,780,401,379,27690
63,85,1191,595,596,39541.2
63,86,139,72,67,6185.5
63,87,190,110,80,7657
63,88,538,272,266,22596
63,89,400,197,203,14080
63,90,4,2,2,0
63,92,116,60,56,4384.8
63,93,63,37,26,2507.4
63,94,91,50,41,4149.6
63,95,66,36,30,2382.6
63,96,21,14,7,873.6
63,97,11,6,5,258.5
63,98,67,45,22,2190.9
63,99,6,5,1,216
63,100,12,6,6,522
63,101,82,43,39,3362
63,102,61,27,34,2379
63,103,45,26,19,2070
63,104,344,185,159,11936.8
63,105,11,11,0,477.4
63,110,12,4,8,489.6
63,114,6,2,4,265.2
63,117,13,6,7,722.8
63,118,3,1,2,0
63,119,19,9,10,1084.9
63,120,27,14,13,1458
64,0,26,14,12,1248
64,6,596,307,289,16628.4
64,7,303,153,150,8484
64,8,177,102,75,5133
64,9,10,4,6,390
64,10,39,21,18,1103.7
64,11,23,12,11,943
64,28,12,6,6,747.6
64,29,31,18,13,1137.7
64,30,4,3,1,0
64,34,1,1,0,0
64,36,5,2,3,333
64,40,4,2,2,0
64,42,6,2,4,331.2
64,52,57,30,27,2268.6
64,53,57,31,26,2337
64,54,1,1,0,0
64,59,4,3,1,0
64,60,17,8,9,695.3
64,61,102,55,47,3876
64,62,130,60,70,5330
64,63,124,62,62,4637.6
64,64,123,63,60,4551
64,65,41,20,21,1418.6
64,66,105,55,50,4840.5
64,67,203,114,89,8404.2
64,68,1638,810,828,57002.4
64,69,3359,1631,1728,112526.5
64,70,1042,500,542,37512
64,71,1265,648,617,47817
64,72,1309,665,644,51051
64,73,1793,879,914,72437.2
64,74,300,146,154,14520
64,76,1264,642,622,47273.6
64,77,995,510,485,38506.5
64,78,948,482,466,34507.2
64,80,10,6,4,277
64,81,249,132,117,9984.9
64,82,17,7,10,974.1
64,86,108,51,57,4471.2
64,91,247,128,119,9040.2
64,92,759,400,359,23908.5
64,93,265,137,128,8135.5
64,94,65,38,27,2554.5
64,95,34,21,13,863.6
64,96,417,204,213,11550.9
64,97,186,98,88,5412.6
64,99,43,22,21,1457.7
64,100,33,15,18,1316.7
64,101,56,29,27,1887.2
64,102,110,60,50,4048
64,103,10,5,5,716
64,104,71,33,38,2634.1
64,105,14,9,5,732.2
64,106,18,12,6,669.6
64,107,16,8,8,702.4
64,108,61,30,31,2574.2
64,109,44,23,21,1874.4
64,110,8,5,3,363.2
64,113,23,15,8,936.1
64,114,17,9,8,697
64,116,27,14,13,1134
64,117,345,193,152,12420
64,118,816,419,397,28886.4
64,119,7,4,3,212.1
64,121,9,6,3,330.3
65,0,99,54,45,4266.9
65,1,10,5,5,451
65,6,816,419,397,26112
65,7,904,476,428,31278.4
65,9,18,7,11,619.2
65,10,52,26,26,2007.2
65,11,6,4,2,186
65,28,19,10,9,841.7
65,31,4,1,3,0
65,33,12,7,5,436.8
65,34,2,1,1,0
65,36,19,11,8,1105.8
65,37,18,11,7,757.8
65,41,2,1,1,0
65,49,144,84,60,4248
65,50,36,19,17,666
65,52,18,11,7,813.6
65,53,183,89,94,6368.4
65,54,18,8,10,907.2
65,55,19,9,10,733.4
65,62,129,66,63,5237.4
65,63,25,13,12,1087.5
65,64,166,83,83,7685.8
65,65,5,3,2,232
65,66,916,438,478,28121.2
65,67,1099,539,560,33739.3
65,68,3108,1495,1613,116239.2
65,69,817,410,407,28104.8
65,70,87,41,46,3184.2
65,71,2782,1352,1430,110723.6
65,72,3288,1612,1676,130533.6
65,73,3830,1784,2046,160477
65,74,3224,1525,1699,133151.2
65,75,778,362,416,35476.8
65,77,945,479,466,37138.5
65,78,2382,1233,1149,90754.2
65,87,29,15,14,1200.6
65,88,654,334,320,27533.4
65,89,41,22,19,1492.4
65,91,23,9,14,662.4
65,92,1055,519,536,43360.5
65,93,321,153,168,13449.9
65,94,100,55,45,4060
65,95,138,58,80,5023.2
65,96,21,11,10,814.8
65,98,657,314,343,20432.7
65,99,440,227,213,15532
65,100,59,32,27,2183
65,101,140,66,74,5194
65,102,71,33,38,3180.8
65,103,52,28,24,2137.2
65,104,42,23,19,1780.8
65,105,21,13,8,728.7
65,106,40,19,21,1228
65,107,28,14,14,1024.8
65,108,1,1,0,0
65,111,23,14,9,800.4
65,114,8,2,6,292
65,116,32,16,16,1747.2
65,117,39,21,18,1809.6
65,118,209,97,112,9739.4
65,119,8,5,3,367.2
65,121,3,2,1,0
66,1,11,7,4,599.5
66,6,83,43,40,3710.1
66,7,585,300,285,21528
66,8,207,102,105,8528.4
66,9,94,54,40,3628.4
66,10,20,8,12,942
66,11,13,5,8,347.1
66,12,12,8,4,475.2
66,27,5,3,2,229
66,28,8,5,3,260.8
66,30,10,5,5,344
66,31,50,21,29,1900
66,36,9,5,4,424.8
66,37,6,3,3,235.8
66,42,1,0,1,0
66,49,124,59,65,4736.8
66,50,482,243,239,16966.4
66,51,25,13,12,1182.5
66,52,103,51,52,3656.5
66,54,83,45,38,3261.9
66,55,78,41,37,2925
66,56,135,71,64,5224.5
66,57,43,23,20,1771.6
66,59,15,10,5,790.5
66,60,12,8,4,723.6
66,62,138,71,67,5823.6
66,63,1078,550,528,43227.8
66,64,262,129,133,12052
66,65,32,22,10,1180.8
66,66,729,370,359,23765.4
66,67,1715,840,875,67914
66,68,2154,1051,1103,83790.6
66,69,583,304,279,21279.5
66,71,1647,817,830,59127.3
66,72,1431,670,761,54521.1
66,73,870,401,469,39585
66,74,2270,1121,1149,105101
66,75,678,348,330,26509.8
66,76,2535,1300,1235,97344
66,77,3507,1904,1603,131512.5
66,78,371,209,162,12502.7
66,81,17,8,9,697
66,82,688,336,352,28827.2
66,83,1880,860,1020,89112
66,84,1003,510,493,35105
66,85,463,224,239,19121.9
66,86,1315,655,660,51942.5
66,87,1229,586,643,51740.9
66,88,1990,988,1002,74426
66,89,1631,793,838,69806.8
66,90,309,159,150,11402.1
66,91,522,271,251,18270
66,93,13,5,8,626.6
66,94,223,114,109,8496.3
66,95,18,9,9,918
66,97,1048,518,530,38566.4
66,98,199,101,98,6865.5
66,99,181,97,84,6226.4
66,100,123,63,60,5276.7
66,101,5,3,2,188
66,105,53,26,27,1791.4
66,106,6,4,2,319.8
66,109,4,3,1,0
66,110,25,10,15,817.5
66,111,162,81,81,4422.6
66,112,21,14,7,802.2
66,113,2,2,0,0
66,114,26,15,11,897
66,116,52,28,24,2303.6
66,117,2,1,1,0
66,118,15,7,8,619.5
66,119,59,27,32,2436.7
66,120,4,3,1,0
67,1,64,27,37,2918.4
67,2,70,39,31,3339
67,7,353,184,169,13061
67,8,1476,805,671,58006.8
67,9,1726,820,906,75253.6
67,10,111,55,56,4018.2
67,11,49,27,22,1705.2
67,13,32,13,19,1209.6
67,26,34,19,15,1363.4
67,30,1,1,0,0
67,31,6,3,3,139.2
67,32,14,5,9,639.8
67,36,9,4,5,572.4
67,38,5,3,2,282
67,39,7,3,4,301.7
67,40,2,2,0,0
67,41,7,5,2,378.7
67,42,1,1,0,0
67,50,69,36,33,2559.9
67,51,162,81,81,5848.2
67,53,110,71,39,4466
67,54,141,77,64,5555.4
67,56,49,25,24,1803.2
67,57,77,40,37,2756.6
67,58,2,1,1,0
67,59,176,85,91,6564.8
67,60,146,72,74,5723.2
67,62,4,2,2,0
67,63,367,172,195,13395.5
67,64,1118,567,551,39465.4
67,65,416,230,186,14643.2
67,66,474,243,231,16305.6
67,67,1954,970,984,68194.6
67,68,2493,1201,1292,103708.8
67,69,2204,1070,1134,80886.8
67,70,1598,776,822,61363.2
67,71,304,168,136,12312
67,72,320,175,145,11840
67,73,634,330,304,21999.8
67,74,194,79,115,10107.4
67,76,2466,1375,1091,92721.6
67,77,5653,3151,2502,198420.3
67,78,6547,3438,3109,235692
67,79,1385,756,629,56785
67,81,2100,1085,1015,78960
67,82,2114,1027,1087,85194.2
67,83,1229,598,631,46333.3
67,84,752,383,369,28952
67,85,1524,771,753,61722
67,86,2599,1273,1326,104479.8
67,87,557,281,276,20609
67,88,62,35,27,2535.8
67,89,51,27,24,2203.2
67,91,189,102,87,7087.5
67,92,291,149,142,11581.8
67,94,249,119,130,9312.6
67,95,105,50,55,4567.5
67,96,320,155,165,11488
67,97,246,119,127,9028.2
67,98,2,1,1,0
67,99,42,18,24,1163.4
67,102,10,4,6,307
67,103,30,16,14,1134
67,104,23,11,12,832.6
67,105,20,9,11,980
67,106,45,25,20,1854
67,107,21,12,9,573.3
67,109,2,1,1,0
67,110,34,20,14,1424.6
67,111,40,19,21,1576
67,112,20,9,11,706
67,113,56,27,29,2128
67,114,36,21,15,1260
67,115,19,12,7,737.2
67,116,8,5,3,504
67,125,2,1,1,0
68,1,7,3,4,189.7
68,8,525,252,273,22837.5
68,9,439,208,231,22037.8
68,10,1250,622,628,48000
68,11,342,178,164,10738.8
68,12,15,9,6,580.5
68,13,40,18,22,1480
68,14,34,18,16,1373.6
68,16,1,1,0,0
68,25,15,8,7,622.5
68,26,2,1,1,0
68,27,5,3,2,134
68,30,3,3,0,0
68,32,11,5,6,524.7
68,36,3,2,1,0
68,37,5,3,2,258
68,38,4,2,2,0
68,39,5,4,1,160
68,40,3,2,1,0
68,41,4,2,2,0
68,42,1,1,0,0
68,50,2,1,1,0
68,51,47,23,24,2368.8
68,52,81,45,36,2284.2
68,53,302,164,138,10781.4
68,54,311,166,145,10605.1
68,56,2,1,1,0
68,57,302,144,158,11627
68,58,553,279,274,20239.8
68,59,300,154,146,10320
68,60,6,2,4,187.2
68,61,2,1,1,0
68,62,3,2,1,0
68,63,2,1,1,0
68,64,112,55,57,4435.2
68,65,7,4,3,489.3
68,66,46,25,21,1863
68,67,247,127,120,8990.8
68,68,1871,929,942,67168.9
68,69,1982,946,1036,79676.4
68,70,1649,810,839,66619.6
68,71,1361,696,665,51445.8
68,72,2523,1246,1277,91080.3
68,73,1837,899,938,70173.4
68,74,3065,1679,1386,109420.5
68,75,3009,1663,1346,103810.5
68,76,5811,3108,2703,205709.4
68,77,3079,1678,1401,109612.4
68,78,4716,2508,2208,179679.6
68,79,7335,3758,3577,275062.5
68,80,2100,1014,1086,90930
68,81,120,63,57,4176
68,82,78,37,41,2597.4
68,83,508,269,239,19405.6
68,84,651,320,331,30401.7
68,85,1064,551,513,42134.4
68,86,2542,1158,1384,118711.4
68,87,400,216,184,14560
68,89,9,5,4,356.4
68,90,7,3,4,270.9
68,91,129,71,58,4269.9
68,92,841,443,398,30276
68,95,1105,520,585,51493
68,96,481,227,254,17508.4
68,97,4,2,2,0
68,98,16,9,7,483.2
68,99,11,8,3,369.6
68,100,21,10,11,1056.3
68,101,8,3,5,284
68,102,8,3,5,448
68,103,216,111,105,7495.2
68,104,194,104,90,5955.8
68,105,55,29,26,2277
68,109,11,5,6,508.2
68,110,5,2,3,219
68,112,15,10,5,603
68,113,2,1,1,0
68,115,13,5,8,483.6
68,116,28,13,15,1103.2
68,117,77,36,41,2502.5
68,118,39,17,22,1361.1
68,122,2,1,1,0
68,127,1,1,0,0
69,9,171,91,80,6669
69,10,1007,487,520,38064.6
69,11,1322,689,633,50500.4
69,12,850,423,427,31705
69,13,121,65,56,4065.6
69,14,53,27,26,2544
69,15,23,14,9,731.4
69,17,9,6,3,313.2
69,23,12,7,5,576
69,24,17,10,7,479.4
69,27,37,18,19,1513.3
69,28,17,9,8,671.5
69,30,25,12,13,817.5
69,32,11,6,5,512.6
69,49,166,83,83,4814
69,50,205,95,110,8282
69,51,108,65,43,3985.2
69,52,375,201,174,12637.5
69,53,1085,543,542,32875.5
69,54,134,64,70,4984.8
69,57,44,24,20,1865.6
69,58,6,2,4,358.2
69,59,15,9,6,700.5
69,63,6,2,4,193.2
69,64,58,28,30,2053.2
69,65,73,38,35,3336.1
69,66,1650,846,804,54450
69,67,905,469,436,30951
69,68,1751,868,883,61460.1
69,69,1742,875,867,73164
69,70,1910,941,969,73535
69,71,1478,733,745,47443.8
69,72,3359,1644,1715,124954.8
69,73,3975,1862,2113,166552.5
69,74,6795,3142,3653,252774
69,75,4646,2373,2273,165397.6
69,76,2534,1235,1299,95531.8
69,77,2830,1420,1410,115747
69,78,8,3,5,318.4
69,82,6,2,4,249
69,83,222,119,103,7969.8
69,84,301,150,151,9150.4
69,85,1823,875,948,76201.4
69,86,1673,836,837,68258.4
69,87,630,297,333,28161
69,88,69,32,37,2532.3
69,91,8,6,2,388
69,92,916,478,438,28304.4
69,93,4,2,2,0
69,95,724,351,373,29032.4
69,96,164,80,84,8101.6
69,98,11,5,6,441.1
69,100,24,12,12,960
69,101,43,23,20,1754.4
69,102,94,40,54,3684.8
69,103,34,18,16,1557.2
69,104,15,8,7,951
69,106,2,0,2,0
69,107,12,8,4,469.2
69,108,14,8,6,642.6
69,109,31,15,16,1199.7
69,111,9,4,5,331.2
69,112,28,17,11,1209.6
69,114,34,20,14,843.2
69,115,4,2,2,0
69,116,11,7,4,462
69,117,16,9,7,796.8
70,11,31,13,18,1035.4
70,12,140,68,72,6146
70,14,4,2,2,0
70,15,53,23,30,2215.4
70,16,57,29,28,2074.8
70,17,24,13,11,837.6
70,18,15,9,6,553.5
70,19,3,2,1,0
70,21,24,12,12,811.2
70,22,3,1,2,0
70,23,3,2,1,0
70,28,6,3,3,207
70,30,28,13,15,1229.2
70,31,10,6,4,602
70,32,45,19,26,2020.5
70,33,99,45,54,3306.6
70,35,8,4,4,496.8
70,36,1,1,0,0
70,37,1,0,1,0
70,38,1,0,1,0
70,49,500,257,243,15550
70,50,512,266,246,17049.6
70,51,524,259,265,19126
70,52,305,153,152,11346
70,53,9,5,4,246.6
70,57,4,2,2,0
70,59,33,15,18,986.7
70,63,39,21,18,1836.9
70,64,7,4,3,240.8
70,65,115,65,50,5267
70,66,250,120,130,12500
70,67,8,4,4,299.2
70,68,264,139,125,10982.4
70,69,61,37,24,2897.5
70,70,96,48,48,3561.6
70,71,824,416,408,26780
70,72,2194,1078,1116,66039.4
70,73,541,275,266,20233.4
70,74,1867,854,1013,77480.5
70,75,1581,753,828,56441.7
70,76,350,175,175,12565
70,77,51,29,22,1509.6
70,81,21,9,12,898.8
70,82,87,48,39,2862.3
70,83,29,17,12,1276
70,85,1123,536,587,39978.8
70,86,2049,974,1075,89951.1
70,87,855,424,431,30181.5
70,88,60,32,28,2454
70,89,15,8,7,685.5
70,90,11,5,6,411.4
70,91,319,163,156,10239.9
70,92,120,62,58,4680
70,96,48,23,25,2064
70,97,15,9,6,696
70,102,6,2,4,231
70,103,9,4,5,398.7
70,104,1,0,1,0
70,105,12,5,7,357.6
70,107,10,4,6,483
70,109,4,3,1,0
70,112,21,12,9,907.2
70,113,23,16,7,982.1
70,114,30,16,14,1341
70,115,18,10,8,1054.8
70,116,32,12,20,1638.4
70,126,31,16,15,1050.9
70,127,18,12,6,342
71,22,2,1,1,0
71,23,3,2,1,0
71,24,3,2,1,0
71,26,31,15,16,1729.8
71,27,31,12,19,1289.6
71,28,8,3,5,294.4
71,29,8,4,4,428
71,30,8,6,2,252.8
71,31,7,3,4,478.8
71,32,31,13,18,1224.5
71,33,96,48,48,4272
71,34,101,44,57,5837.8
71,35,6,2,4,168
71,49,6,5,1,265.2
71,51,44,23,21,1478.4
71,52,711,377,334,23889.6
71,53,1315,664,651,42869
71,54,86,45,41,3121.8
71,55,436,215,221,16655.2
71,56,654,336,318,24590.4
71,57,53,32,21,2369.1
71,58,12,6,6,672
71,59,58,33,25,1919.8
71,60,273,136,137,9445.8
71,61,23,13,10,1104
71,62,66,38,28,2633.4
71,63,167,83,84,6847
71,64,76,34,42,2979.2
71,65,42,22,20,1688.4
71,67,55,33,22,2057
71,68,26,15,11,1019.2
71,70,6,3,3,226.8
71,71,82,48,34,2935.6
71,72,740,370,370,23310
71,73,4,1,3,0
71,82,2,2,0,0
71,84,22,10,12,1045
71,85,2807,1394,1413,95718.7
71,86,1334,661,673,46556.6
71,87,252,133,119,8038.8
71,88,342,177,165,11730.6
71,89,85,42,43,3281
71,90,547,283,264,20840.7
71,91,531,270,261,15983.1
71,93,14,6,8,726.6
71,94,158,77,81,5545.8
71,96,10,7,3,472
71,98,4,2,2,0
71,99,2,2,0,0
71,101,6,2,4,208.8
71,103,20,9,11,610
71,104,1,1,0,0
71,105,8,4,4,300.8
71,112,26,18,8,967.2
71,114,3,2,1,0
71,115,45,22,23,1746
71,116,9,5,4,576
71,119,5,2,3,229
71,120,3,2,1,0
71,121,3,1,2,0
71,123,6,3,3,357
71,124,14,6,8,596.4
71,127,33,18,15,1564.2
72,13,13,8,5,526.5
72,14,14,5,9,602
72,15,19,11,8,737.2
72,16,3,2,1,0
72,17,30,15,15,1062
72,18,7,4,3,433.3
72,21,1,1,0,0
72,26,2,1,1,0
72,29,5,4,1,319
72,33,8,6,2,260.8
72,34,14,5,9,501.2
72,36,16,9,7,545.6
72,37,20,10,10,940
72,38,38,21,17,1520
72,39,47,25,22,2157.3
72,53,506,263,243,23073.6
72,54,1336,661,675,53573.6
72,55,567,292,275,23700.6
72,56,909,421,488,37359.9
72,57,21,12,9,942.9
72,58,57,24,33,2000.7
72,59,408,212,196,13872
72,60,758,383,375,27818.6
72,61,59,35,24,2495.7
72,62,91,46,45,3585.4
72,63,14,4,10,845.6
72,64,2,1,1,0
72,65,32,17,15,1305.6
72,66,89,46,43,3622.3
72,67,18,11,7,747
72,68,101,55,46,3807.7
72,72,154,94,60,5051.2
72,73,12,6,6,356.4
72,83,4,3,1,0
72,84,103,54,49,3800.7
72,85,75,40,35,3472.5
72,86,59,29,30,2118.1
72,87,32,20,12,1532.8
72,88,120,78,42,4704
72,89,173,121,52,6314.5
72,90,87,47,40,3210.3
72,91,31,15,16,846.3
72,92,43,23,20,1161
72,93,15,8,7,624
72,94,36,22,14,1465.2
72,95,30,15,15,1266
72,97,40,18,22,1660
72,98,19,11,8,883.5
72,99,56,30,26,2324
72,100,9,6,3,352.8
72,101,11,5,6,361.9
72,102,5,1,4,109
72,103,27,14,13,912.6
72,104,27,11,16,1020.6
72,105,2,1,1,0
72,106,44,23,21,1962.4
72,107,75,40,35,2947.5
72,108,10,5,5,270
72,109,11,6,5,495
72,110,8,4,4,216
72,111,24,11,13,900
72,112,22,8,14,875.6
72,113,18,11,7,842.4
72,114,8,3,5,346.4
72,115,16,7,9,880
72,116,12,5,7,590.4
72,118,1,0,1,0
72,119,4,3,1,0
72,121,4,3,1,0
72,122,41,23,18,1553.9
72,125,1,1,0,0
72,126,1,1,0,0
72,127,39,18,21,1485.9
73,14,5,3,2,347
73,15,2,2,0,0
73,16,6,4,2,172.8
73,17,2,1,1,0
73,20,18,11,7,703.8
73,21,3,2,1,0
73,27,12,6,6,490.8
73,28,2,1,1,0
73,29,6,3,3,211.2
73,31,6,2,4,135
73,32,8,4,4,339.2
73,33,6,3,3,274.2
73,34,6,3,3,240
73,35,19,10,9,657.4
73,36,2,1,1,0
73,37,278,138,140,10202.6
73,38,295,144,151,13127.5
73,39,11,6,5,381.7
73,53,81,38,43,4033.8
73,54,586,253,333,29124.2
73,55,679,346,333,22746.5
73,56,295,137,158,8171.5
73,57,14,8,6,789.6
73,59,2,0,2,0
73,60,8,6,2,340
73,63,4,2,2,0
73,64,65,38,27,2353
73,65,9,5,4,405
73,66,2,1,1,0
73,67,23,13,10,975.2
73,68,75,34,41,2302.5
73,69,29,15,14,977.3
73,72,48,25,23,1958.4
73,73,78,39,39,3229.2
73,74,3,2,1,0
73,76,3,2,1,0
73,77,16,8,8,955.2
73,83,88,49,39,3625.6
73,84,209,108,101,7273.2
73,85,16,7,9,441.6
73,86,147,79,68,4865.7
73,87,163,78,85,5493.1
73,88,426,216,210,14398.8
73,89,91,57,34,3485.3
73,91,55,30,25,1743.5
73,92,2,1,1,0
73,94,24,16,8,1154.4
73,97,325,162,163,11960
73,98,216,98,118,6739.2
73,99,262,153,109,7676.6
73,100,36,19,17,1659.6
73,101,45,22,23,1399.5
73,102,15,9,6,360
73,103,12,5,7,561.6
73,104,26,12,14,780
73,105,17,10,7,848.3
73,106,54,29,25,2705.4
73,107,121,61,60,4985.2
73,108,50,27,23,1690
73,109,31,13,18,1261.7
73,110,29,14,15,1351.4
73,111,27,16,11,880.2
73,112,122,62,60,4343.2
73,113,5,3,2,95
73,117,10,5,5,189
73,118,28,15,13,1089.2
73,122,29,17,12,1360.1
73,123,66,33,33,2151.6
73,124,21,10,11,840
73,125,16,8,8,668.8
73,127,45,17,28,2236.5
74,15,8,4,4,490.4
74,22,2,1,1,0
74,27,5,3,2,232
74,28,1,1,0,0
74,34,7,3,4,301.7
74,37,44,24,20,1892
74,38,36,19,17,1648.8
74,39,4,3,1,0
74,54,44,24,20,2204.4
74,55,91,38,53,3439.8
74,56,62,29,33,1940.6
74,61,11,6,5,388.3
74,62,52,29,23,1809.6
74,65,27,16,11,1193.4
74,66,8,3,5,448
74,72,2,1,1,0
74,73,637,314,323,24460.8
74,74,153,69,84,5982.3
74,75,188,98,90,7407.2
74,76,144,75,69,5500.8
74,77,111,63,48,3984.9
74,81,6,3,3,405
74,82,29,15,14,1435.5
74,83,2,1,1,0
74,84,472,239,233,18219.2
74,85,426,225,201,16315.8
74,86,26,12,14,1086.8
74,87,91,49,42,3749.2
74,89,10,6,4,570
74,90,28,13,15,1176
74,91,32,18,14,1196.8
74,92,2,1,1,0
74,93,24,14,10,631.2
74,94,39,19,20,1634.1
74,95,37,18,19,1424.5
74,97,155,79,76,4030
74,99,30,13,17,960
74,100,13,8,5,491.4
74,101,17,9,8,530.4
74,102,87,45,42,3018.9
74,103,23,10,13,848.7
74,104,33,18,15,1399.2
74,106,11,6,5,599.5
74,107,55,27,28,2079
74,108,1,1,0,0
74,118,13,9,4,700.7
74,119,1,1,0,0
74,125,14,7,7,488.6
74,127,15,8,7,583.5
75,2,15,8,7,831
75,18,2,1,1,0
75,22,2,1,1,0
75,23,6,4,2,255
75,24,15,8,7,673.5
75,37,25,11,14,957.5
75,38,24,13,11,1365.6
75,54,54,24,30,2073.6
75,55,56,30,26,1685.6
75,56,49,28,21,1489.6
75,57,73,41,32,2277.6
75,61,2,1,1,0
75,65,4,1,3,0
75,66,46,24,22,1729.6
75,67,28,13,15,957.6
75,68,18,11,7,779.4
75,69,23,10,13,1048.8
75,73,71,37,34,3351.2
75,74,35,17,18,1662.5
75,75,533,284,249,18761.6
75,76,659,354,305,23592.2
75,77,71,35,36,2953.6
75,78,38,17,21,1493.4
75,79,99,50,49,4405.5
75,80,180,91,89,7128
75,81,32,15,17,1689.6
75,82,20,14,6,1012
75,83,246,127,119,9667.8
75,84,948,507,441,36024
75,85,515,283,232,18952
75,88,38,18,20,1618.8
75,89,515,260,255,18591.5
75,90,399,204,195,15002.4
75,91,12,6,6,645.6
75,92,20,11,9,850
75,93,29,15,14,1235.4
75,94,52,26,26,2345.2
75,95,81,44,37,2397.6
75,99,84,42,42,3074.4
75,100,66,32,34,2811.6
75,101,153,89,64,4987.8
75,102,69,33,36,2166.6
75,103,6,4,2,199.2
75,105,2,1,1,0
75,106,26,16,10,899.6
75,107,27,12,15,1063.8
75,108,37,15,22,1291.3
75,110,23,12,11,1005.1
75,119,15,8,7,759
75,124,6,4,2,151.2
75,126,17,9,8,263.5
75,127,29,18,11,1467.4
76,0,29,17,12,1325.3
76,9,7,4,3,275.1
76,10,57,27,30,2622
76,21,6,3,3,385.8
76,23,5,3,2,239
76,24,5,4,1,210
76,25,27,13,14,1085.4
76,31,15,9,6,684
76,37,4,3,1,0
76,38,3,1,2,0
76,41,7,5,2,312.9
76,55,11,8,3,416.9
76,56,132,62,70,4131.6
76,57,91,44,47,2921.1
76,58,15,7,8,741
76,67,36,18,18,1522.8
76,68,18,10,8,912.6
76,70,53,25,28,2067
76,73,26,14,12,1001
76,74,39,20,19,1583.4
76,75,182,87,95,4495.4
76,76,1,1,0,0
76,77,37,16,21,1461.5
76,78,1362,686,676,51075
76,79,1339,646,693,55300.7
76,80,967,453,514,44868.8
76,81,1107,575,532,44612.1
76,82,1008,501,507,37396.8
76,83,494,254,240,17784
76,85,46,29,17,1642.2
76,88,35,18,17,1382.5
76,89,213,107,106,7774.5
76,90,247,122,125,8299.2
76,91,84,43,41,3057.6
76,92,6,3,3,205.8
76,93,22,10,12,994.4
76,94,8,5,3,332
76,95,123,67,56,4883.1
76,96,2,2,0,0
76,100,60,35,25,2112
76,101,48,22,26,2116.8
76,103,14,10,4,606.2
76,107,8,6,2,196
76,108,13,5,8,487.5
76,109,88,50,38,3185.6
76,110,49,23,26,1808.1
76,116,4,1,3,0
76,117,39,17,22,1875.9
76,118,6,3,3,370.8
77,0,4,2,2,0
77,1,27,14,13,1074.6
77,2,16,9,7,881.6
77,8,72,33,39,3132
77,9,87,43,44,3593.1
77,10,2,1,1,0
77,22,7,4,3,340.2
77,24,2,1,1,0
77,25,4,2,2,0
77,26,41,24,17,1758.9
77,27,76,45,31,2979.2
77,37,1,1,0,0
77,38,12,6,6,465.6
77,39,2,1,1,0
77,58,38,22,16,1345.2
77,59,33,17,16,1247.4
77,62,3,1,2,0
77,63,4,3,1,0
77,68,16,8,8,782.4
77,69,20,13,7,630
77,71,2,1,1,0
77,74,27,15,12,907.2
77,75,27,11,16,869.4
77,81,40,20,20,1592
77,82,414,219,195,15276.6
77,84,62,32,30,2163.8
77,85,162,87,75,5864.4
77,86,22,14,8,1031.8
77,87,9,4,5,303.3
77,88,19,10,9,661.2
77,89,82,43,39,3927.8
77,90,96,41,55,5068.8
77,91,7,5,2,268.1
77,92,20,12,8,962
77,93,17,7,10,537.2
77,95,4,2,2,0
77,96,40,18,22,1820
77,97,1,1,0,0
77,100,4,1,3,0
77,101,14,5,9,621.6
77,102,25,14,11,1020
77,103,21,12,9,947.1
77,104,30,12,18,999
77,105,4,2,2,0
77,107,40,20,20,1812
77,108,18,12,6,806.4
77,109,2,1,1,0
77,110,4,3,1,0
77,111,7,4,3,429.8
77,113,9,4,5,194.4
77,114,2,1,1,0
77,115,16,5,11,627.2
77,116,55,27,28,2667.5
77,117,8,3,5,376
77,119,8,3,5,366.4
77,124,33,15,18,1204.5
77,125,2,0,2,0
77,126,7,4,3,249.9
78,0,5,2,3,142
78,3,8,5,3,452.8
78,8,121,61,60,4852.1
78,9,286,146,140,10667.8
78,23,7,3,4,205.8
78,24,4,2,2,0
78,27,21,14,7,678.3
78,28,21,12,9,1178.1
78,29,7,4,3,343
78,36,4,2,2,0
78,37,12,6,6,663.6
78,38,13,6,7,551.2
78,49,56,29,27,2503.2
78,50,171,82,89,6446.7
78,51,5,2,3,234
78,58,32,17,15,1238.4
78,59,34,21,13,1373.6
78,60,12,2,10,454.8
78,62,28,14,14,1080.8
78,64,4,2,2,0
78,69,1,1,0,0
78,70,9,3,6,406.8
78,75,14,8,6,719.6
78,80,45,26,19,2029.5
78,81,70,36,34,2653
78,82,137,73,64,5069
78,83,402,205,197,16080
78,84,71,35,36,3329.9
78,88,18,9,9,673.2
78,89,212,116,96,7716.8
78,90,21,13,8,1209.6
78,91,12,8,4,477.6
78,93,21,10,11,995.4
78,94,58,27,31,2575.2
78,95,68,32,36,2631.6
78,96,37,17,20,1158.1
78,97,27,14,13,1082.7
78,98,22,14,8,761.2
78,100,109,52,57,4479.9
78,101,55,30,25,2293.5
78,104,1,0,1,0
78,105,8,4,4,456
78,106,32,18,14,1222.4
78,107,9,5,4,309.6
78,112,2,1,1,0
78,113,3,1,2,0
78,124,43,19,24,1797.4
78,125,25,14,11,1292.5
79,3,8,4,4,395.2
79,8,61,30,31,2714.5
79,9,141,70,71,6288.6
79,13,68,34,34,2713.2
79,14,13,7,6,447.2
79,29,2,2,0,0
79,37,13,6,7,510.9
79,38,88,47,41,3924.8
79,39,48,27,21,1689.6
79,48,2,1,1,0
79,49,12,5,7,484.8
79,50,16,6,10,716.8
79,51,15,8,7,475.5
79,52,34,18,16,1502.8
79,61,4,2,2,0
79,62,14,7,7,565.6
79,64,1,1,0,0
79,65,2,0,2,0
79,79,87,43,44,3314.7
79,80,9,4,5,559.8
79,81,16,10,6,553.6
79,82,20,7,13,468
79,83,70,33,37,2632
79,87,24,14,10,981.6
79,88,24,13,11,1063.2
79,89,55,24,31,2112
79,91,304,156,148,12342.4
79,92,4,2,2,0
79,93,33,17,16,1306.8
79,94,8,3,5,340
79,95,14,8,6,716.8
79,96,60,30,30,1920
79,97,135,72,63,5656.5
79,98,17,9,8,916.3
79,99,4,0,4,0
79,101,28,15,13,1145.2
79,102,56,22,34,2732.8
79,103,33,16,17,1402.5
79,104,22,13,9,611.6
79,110,1,0,1,0
80,2,17,9,8,856.8
80,3,12,6,6,411.6
80,7,112,51,61,3382.4
80,8,125,53,72,5687.5
80,9,172,81,91,8015.2
80,13,549,280,269,20916.9
80,14,84,49,35,3696
80,15,84,44,40,3754.8
80,16,30,16,14,1008
80,30,42,19,23,1776.6
80,31,2,2,0,0
80,38,47,24,23,1541.6
80,39,53,22,31,1992.8
80,48,24,14,10,1108.8
80,49,55,23,32,1870
80,51,1,1,0,0
80,52,12,5,7,458.4
80,53,41,21,20,2062.3
80,54,180,89,91,7992
80,55,60,34,26,1518
80,58,8,3,5,228.8
80,59,16,11,5,691.2
80,60,38,23,15,1352.8
80,62,34,22,12,965.6
80,63,15,10,5,595.5
80,79,63,29,34,2349.9
80,80,18,8,10,653.4
80,81,8,4,4,522.4
80,83,61,32,29,2623
80,85,56,27,29,2156
80,86,9,3,6,413.1
80,87,44,21,23,1500.4
80,88,3,2,1,0
80,89,79,38,41,3310.1
80,90,233,119,114,7525.9
80,91,340,174,166,12104
80,92,2,1,1,0
80,93,13,8,5,644.8
80,94,2,1,1,0
80,96,21,12,9,716.1
80,97,8,5,3,368.8
80,99,53,26,27,2591.7
80,102,183,88,95,6240.3
80,103,56,29,27,2268
80,104,5,2,3,265
80,106,10,6,4,519
80,107,6,4,2,163.2
81,2,3,2,1,0
81,3,30,15,15,1308
81,4,26,14,12,1313
81,7,81,46,35,2859.3
81,8,76,36,40,3336.4
81,9,37,17,20,1598.4
81,12,17,8,9,875.5
81,13,299,155,144,10435.1
81,14,283,130,153,8207
81,15,195,102,93,7351.5
81,16,85,43,42,3808
81,23,1,0,1,0
81,30,2,1,1,0
81,31,75,33,42,2850
81,36,9,4,5,317.7
81,38,1,1,0,0
81,39,19,9,10,898.7
81,40,45,18,27,2092.5
81,48,6,3,3,451.8
81,49,113,56,57,4158.4
81,51,4,2,2,0
81,54,73,41,32,2949.2
81,55,79,43,36,3160
81,59,13,6,7,677.3
81,60,84,50,34,2528.4
81,63,24,14,10,883.2
81,81,15,6,9,553.5
81,83,31,15,16,1298.9
81,84,22,11,11,605
81,85,15,7,8,804
81,86,79,39,40,2741.3
81,87,23,12,11,855.6
81,88,37,17,20,1572.5
81,89,59,36,23,2253.8
81,90,28,14,14,882
81,91,84,46,38,3150
81,92,13,9,4,456.3
81,93,12,5,7,649.2
81,94,7,4,3,266
81,98,22,11,11,968
81,99,115,51,64,5106
81,100,130,71,59,4667
81,102,7,5,2,207.9
81,103,32,18,14,1824
82,7,7,4,3,233.8
82,12,62,35,27,2238.2
82,13,224,113,111,8176
82,14,101,51,50,3524.9
82,15,686,359,327,28674.8
82,16,626,293,333,24977.4
82,17,37,16,21,1435.6
82,31,5,2,3,340
82,32,13,7,6,713.7
82,33,44,24,20,2217.6
82,34,3,2,1,0
82,40,49,26,23,1852.2
82,49,108,56,52,4039.2
82,50,57,29,28,2462.4
82,55,16,5,11,558.4
82,56,13,9,4,561.6
82,60,19,11,8,596.6
82,61,20,8,12,854
82,62,5,3,2,168
82,64,10,5,5,566
82,65,5,3,2,200
82,66,5,3,2,270
82,67,3,1,2,0
82,68,9,4,5,218.7
82,79,2,1,1,0
82,80,45,23,22,1840.5
82,81,22,12,10,972.4
82,84,15,7,8,484.5
82,85,27,17,10,1274.4
82,86,52,25,27,2100.8
82,87,17,8,9,576.3
82,88,42,25,17,1537.2
82,89,27,13,14,826.2
82,90,2,1,1,0
82,91,46,24,22,1706.6
82,92,23,11,12,759
82,93,39,20,19,1458.6
82,94,18,7,11,952.2
82,97,19,11,8,545.3
82,98,165,86,79,6699
82,99,54,28,26,2273.4
82,100,9,5,4,374.4
83,4,22,10,12,833.8
83,5,15,7,8,694.5
83,7,47,24,23,1363
83,8,64,31,33,2470.4
83,12,92,49,43,4084.8
83,13,185,105,80,7011.5
83,14,138,74,64,4636.8
83,15,123,56,67,4132.8
83,16,433,195,238,19744.8
83,17,4,2,2,0
83,36,2,1,1,0
83,37,3,2,1,0
83,39,2,1,1,0
83,40,1,1,0,0
83,49,76,36,40,3032.4
83,50,25,14,11,1397.5
83,61,12,5,7,459.6
83,62,8,4,4,327.2
83,66,3,2,1,0
83,67,51,26,25,1769.7
83,68,15,7,8,723
83,69,14,7,7,728
83,79,6,5,1,286.8
83,80,63,32,31,2425.5
83,81,2,1,1,0
83,87,5,2,3,207
83,91,18,12,6,592.2
83,92,5,3,2,193
83,93,26,14,12,1313
83,94,2,1,1,0
83,96,7,3,4,247.8
83,97,15,9,6,508.5
83,98,15,7,8,783
83,99,45,25,20,1597.5
83,100,1,1,0,0
84,6,46,25,21,1757.2
84,7,155,81,74,7688
84,11,10,4,6,526
84,12,353,169,184,13131.6
84,13,22,10,12,675.4
84,15,19,10,9,858.8
84,16,11,5,6,512.6
84,17,14,6,8,784
84,18,47,28,19,2152.6
84,19,14,7,7,876.4
84,20,31,16,15,1333
84,32,14,7,7,854
84,33,2,1,1,0
84,34,15,7,8,691.5
84,35,6,2,4,331.2
84,49,2,2,0,0
84,50,9,4,5,369
84,51,6,2,4,298.2
84,52,5,3,2,267
84,57,3,1,2,0
84,61,1,1,0,0
84,62,42,23,19,1701
84,63,10,7,3,577
84,64,28,14,14,893.2
84,65,15,6,9,615
84,69,10,4,6,289
84,70,43,21,22,1780.2
84,72,11,5,6,449.9
84,79,20,11,9,656
84,81,10,5,5,334
84,82,45,24,21,2070
84,91,7,3,4,296.1
84,96,12,6,6,540
84,97,6,5,1,369
84,100,8,4,4,512.8
84,101,6,3,3,334.8
84,102,7,3,4,375.9
84,103,7,4,3,331.8
84,111,1,1,0,0
85,6,23,11,12,742.9
85,8,50,28,22,1890
85,9,121,59,62,5360.3
85,10,31,17,14,1612
85,11,46,23,23,1955
85,12,22,10,12,508.2
85,21,46,22,24,1959.6
85,22,7,3,4,434
85,31,8,4,4,243.2
85,32,10,5,5,330
85,36,1,1,0,0
85,42,2,2,0,0
85,43,12,7,5,404.4
85,53,7,4,3,335.3
85,56,25,12,13,962.5
85,57,44,25,19,2305.6
85,59,20,11,9,1010
85,62,39,20,19,1287
85,63,52,27,25,2194.4
85,64,40,17,23,1664
85,65,43,24,19,1707.1
85,66,6,4,2,193.8
85,69,33,20,13,1326.6
85,72,4,2,2,0
85,73,24,9,15,902.4
85,74,26,16,10,1183
85,77,2,1,1,0
85,78,2,1,1,0
85,79,159,81,78,6328.2
85,80,46,26,20,1973.4
85,81,1,1,0,0
85,82,16,9,7,603.2
85,83,3,2,1,0
85,101,80,43,37,3648
85,110,1,1,0,0
85,112,4,4,0,0
85,125,9,5,4,438.3
85,126,2,0,2,0
85,127,15,8,7,718.5
86,5,1,1,0,0
86,8,109,55,54,4479.9
86,9,100,52,48,3460
86,10,14,8,6,645.4
86,21,38,22,16,1299.6
86,22,425,223,202,15895
86,23,12,5,7,243.6
86,30,17,10,7,948.6
86,31,20,12,8,1078
86,32,9,4,5,306.9
86,37,1,0,1,0
86,39,4,2,2,0
86,41,31,17,14,1661.6
86,42,24,10,14,1401.6
86,43,23,9,14,1115.5
86,44,4,2,2,0
86,47,2,1,1,0
86,48,55,31,24,3162.5
86,49,1,1,0,0
86,50,23,13,10,1117.8
86,57,14,5,9,519.4
86,58,4,2,2,0
86,63,7,2,5,275.1
86,64,2,1,1,0
86,70,2,1,1,0
86,72,8,6,2,496.8
86,73,1,1,0,0
86,74,9,5,4,514.8
86,75,10,5,5,481
86,79,4,3,1,0
86,80,5,2,3,217
86,82,5,2,3,228
86,84,28,15,13,1352.4
86,90,8,5,3,328
86,92,7,4,3,294.7
86,100,17,6,11,503.2
86,101,35,20,15,1746.5
86,110,28,14,14,1223.6
86,125,9,6,3,251.1
87,0,77,41,36,2902.9
87,22,55,26,29,2079
87,23,11,6,5,386.1
87,30,32,10,22,1372.8
87,31,20,10,10,884
87,37,2,1,1,0
87,38,1,1,0,0
87,45,3,2,1,0
87,46,8,4,4,503.2
87,47,99,51,48,4187.7
87,48,29,18,11,1238.3
87,50,5,2,3,123
87,51,5,2,3,301
87,52,37,19,18,1139.6
87,57,18,8,10,887.4
87,58,121,58,63,4755.3
87,59,73,41,32,2752.1
87,64,5,3,2,168
87,68,7,5,2,245.7
87,70,22,13,9,1003.2
87,71,12,7,5,583.2
87,72,30,15,15,1290
87,73,25,13,12,1162.5
87,75,43,20,23,1763
87,76,19,11,8,741
87,83,26,12,14,1123.2
87,84,51,23,28,2254.2
87,89,4,2,2,0
87,103,4,2,2,0
87,104,4,3,1,0
87,106,2,1,1,0
87,109,5,4,1,218
87,110,3,3,0,0
87,125,4,2,2,0
88,0,54,33,21,2138.4
88,5,43,21,22,1659.8
88,22,15,7,8,636
88,23,34,16,18,1465.4
88,31,16,8,8,672
88,32,165,81,84,7326
88,33,4,1,3,0
88,36,8,2,6,188.8
88,37,6,3,3,436.2
88,38,3,1,2,0
88,44,1,1,0,0
88,45,2,1,1,0
88,46,2,1,1,0
88,47,4,2,2,0
88,50,2,1,1,0
88,51,28,15,13,1299.2
88,52,52,29,23,2282.8
88,57,31,18,13,1317.5
88,58,263,122,141,11440.5
88,59,138,74,64,5216.4
88,72,2,1,1,0
88,73,8,5,3,312
88,75,48,23,25,2486.4
88,82,41,25,16,1873.7
88,85,74,43,31,2782.4
88,87,2,1,1,0
88,92,1,1,0,0
88,93,2,2,0,0
88,105,4,1,3,0
88,110,8,3,5,303.2
88,124,2,1,1,0
89,0,17,9,8,795.6
89,1,1,0,1,0
89,5,8,3,5,390.4
89,6,8,5,3,368.8
89,22,95,44,51,4332
89,23,5,3,2,229
89,25,4,3,1,0
89,32,20,10,10,1048
89,37,3,1,2,0
89,40,1,1,0,0
89,41,17,9,8,552.5
89,50,9,5,4,446.4
89,51,8,5,3,467.2
89,52,49,27,22,2440.2
89,53,2,1,1,0
89,57,6,4,2,355.2
89,58,139,65,74,5031.8
89,72,26,12,14,1141.4
89,75,20,9,11,874
89,76,93,47,46,3617.7
89,81,3,2,1,0
89,82,1,1,0,0
89,84,27,16,11,1169.1
89,85,86,39,47,3629.2
89,109,1,1,0,0
89,111,4,2,2,0
89,116,2,1,1,0
89,125,5,2,3,271
90,0,291,147,144,11640
90,1,4,2,2,0
90,6,67,31,36,2700.1
90,7,25,14,11,925
90,22,118,62,56,4814.4
90,23,354,179,175,14407.8
90,29,10,5,5,341
90,31,13,7,6,522.6
90,32,3,1,2,0
90,33,11,6,5,452.1
90,37,2,1,1,0
90,52,23,10,13,1025.8
90,57,2,1,1,0
90,58,17,7,10,562.7
90,72,25,14,11,970
90,75,78,37,41,2886
90,76,231,122,109,9655.8
90,77,62,39,23,2492.4
90,81,28,12,16,1380.4
90,84,13,7,6,630.5
90,108,2,1,1,0
90,111,2,1,1,0
90,112,45,22,23,1899
90,113,10,5,5,444
90,114,2,2,0,0
90,115,5,3,2,190
90,118,1,1,0,0
90,119,2,1,1,0
91,0,276,139,137,12613.2
91,1,37,20,17,1369
91,7,44,25,19,1852.4
91,8,1,1,0,0
91,21,1,0,1,0
91,22,44,25,19,1782
91,23,41,20,21,1123.4
91,24,228,119,109,8344.8
91,31,21,13,8,764.4
91,34,2,1,1,0
91,41,9,4,5,559.8
91,53,12,6,6,361.2
91,57,43,22,21,1784.5
91,58,33,18,15,1293.6
91,59,26,12,14,600.6
91,72,89,45,44,3916
91,73,188,96,92,7332
91,75,96,51,45,3772.8
91,76,8,3,5,256.8
91,77,3,1,2,0
91,82,36,17,19,1209.6
91,83,1,1,0,0
91,84,278,151,127,10119.2
91,86,1,1,0,0
91,88,2,1,1,0
91,89,9,4,5,417.6
91,94,1,1,0,0
91,107,7,2,5,277.2
91,112,8,4,4,212
91,113,1,1,0,0
91,119,4,2,2,0
91,120,3,2,1,0
92,0,3,2,1,0
92,1,38,19,19,1805
92,2,9,4,5,345.6
92,20,4,3,1,0
92,21,40,21,19,1796
92,22,4,2,2,0
92,24,13,8,5,581.1
92,34,7,2,5,461.3
92,35,7,2,5,301.7
92,54,1,1,0,0
92,57,63,30,33,2104.2
92,58,1,1,0,0
92,72,2,1,1,0
92,73,59,30,29,2560.6
92,74,373,174,199,17120.7
92,75,313,158,155,11017.6
92,76,5,2,3,294
92,82,46,24,22,2111.4
92,83,57,31,26,2508
92,84,670,335,335,28207
92,85,32,16,16,1536
92,86,5,2,3,153
92,89,8,5,3,504
92,92,60,36,24,2496
92,93,9,4,5,351
92,105,9,5,4,522.9
92,107,2,1,1,0
92,108,3,2,1,0
93,0,2,1,1,0
93,1,2,1,1,0
93,7,5,3,2,328
93,20,1,1,0,0
93,24,21,10,11,1249.5
93,25,2,2,0,0
93,33,5,3,2,338
93,53,1,0,1,0
93,54,8,4,4,248.8
93,57,82,41,41,2919.2
93,59,16,10,6,548.8
93,73,31,19,12,1032.3
93,74,7,4,3,119
93,75,56,28,28,2335.2
93,76,6,3,3,187.8
93,77,1,1,0,0
93,84,17,10,7,612
93,85,34,19,15,1145.8
93,92,347,162,185,13984.1
93,93,322,165,157,12364.8
93,101,1,1,0,0
93,102,1,1,0,0
94,0,7,4,3,203
94,3,8,5,3,536
94,4,4,2,2,0
94,5,5,3,2,139
94,18,18,9,9,606.6
94,19,6,4,2,247.2
94,25,6,3,3,163.2
94,33,6,2,4,391.8
94,34,26,13,13,1487.2
94,35,46,25,21,2254
94,36,24,13,11,1137.6
94,37,2,2,0,0
94,52,6,3,3,300
94,53,11,7,4,660
94,55,17,8,9,627.3
94,57,26,16,10,897
94,59,4,2,2,0
94,60,1,1,0,0
94,71,4,2,2,0
94,72,55,26,29,2244
94,73,42,25,17,1810.2
94,85,4,2,2,0
94,93,50,28,22,1855
94,94,9,4,5,255.6
94,103,2,1,1,0
94,105,10,6,4,345
94,106,11,6,5,397.1
94,107,27,14,13,764.1
94,110,1,1,0,0
94,116,7,4,3,168
95,0,1,1,0,0
95,3,14,7,7,708.4
95,4,4,2,2,0
95,10,4,2,2,0
95,12,1,0,1,0
95,17,15,5,10,459
95,28,4,3,1,0
95,35,2,1,1,0
95,36,98,54,44,2949.8
95,37,137,66,71,5986.9
95,38,22,12,10,1029.6
95,39,10,5,5,580
95,40,10,6,4,652
95,41,3,0,3,0
95,44,5,2,3,214
95,45,27,13,14,1298.7
95,46,3,2,1,0
95,47,3,2,1,0
95,51,3,2,1,0
95,52,4,2,2,0
95,53,5,4,1,312
95,55,9,3,6,439.2
95,56,12,7,5,567.6
95,58,7,3,4,375.2
95,59,31,19,12,1224.5
95,78,2,1,1,0
95,95,4,1,3,0
95,104,8,6,2,402.4
95,105,93,46,47,4761.6
95,106,14,6,8,632.8
95,107,14,9,5,861
95,115,1,1,0,0
96,0,7,4,3,207.9
96,10,13,6,7,638.3
96,12,1,1,0,0
96,14,4,3,1,0
96,23,36,15,21,1274.4
96,24,31,18,13,1373.3
96,27,6,3,3,409.2
96,28,1,1,0,0
96,48,40,25,15,1844
96,49,3,2,1,0
96,50,8,3,5,466.4
96,51,11,6,5,398.2
96,53,1,1,0,0
96,56,18,7,11,734.4
96,57,2,1,1,0
96,58,8,4,4,256
96,75,4,2,2,0
96,76,13,8,5,627.9
96,77,5,2,3,253
96,78,4,2,2,0
96,95,21,12,9,1276.8
96,104,9,4,5,434.7
96,105,79,38,41,3136.3
97,2,20,10,10,834
97,3,8,4,4,335.2
97,10,18,10,8,498.6
97,13,29,16,13,919.3
97,14,7,5,2,238
97,21,13,7,6,617.5
97,22,39,20,19,1727.7
97,23,216,120,96,7106.4
97,24,223,108,115,8117.2
97,25,1,0,1,0
97,41,13,6,7,656.5
97,42,6,1,5,232.2
97,47,13,8,5,540.8
97,48,23,11,12,908.5
97,56,8,4,4,260.8
97,57,9,6,3,467.1
97,79,1,1,0,0
97,95,156,84,72,6302.4
97,104,31,16,15,1453.9
97,105,6,3,3,211.8
97,107,22,12,10,776.6
98,2,4,2,2,0
98,3,4,3,1,0
98,20,18,9,9,723.6
98,21,14,7,7,530.6
98,22,29,14,15,1122.3
98,23,14,8,6,700
98,24,151,72,79,5843.7
98,25,209,103,106,9028.8
98,26,142,68,74,6091.8
98,27,2,1,1,0
98,28,93,39,54,4575.6
98,29,205,87,118,8343.5
98,30,22,10,12,1064.8
98,39,22,14,8,1331
98,40,10,5,5,567
98,47,10,4,6,578
98,49,3,1,2,0
98,58,3,1,2,0
98,72,1,1,0,0
98,79,1,1,0,0
98,95,165,79,86,6715.5
98,96,784,351,433,34731.2
98,97,54,28,26,2268
98,100,3,2,1,0
98,101,2,1,1,0
98,103,73,36,37,3190.1
98,106,13,8,5,539.5
99,2,1,1,0,0
99,4,2,1,1,0
99,24,13,8,5,733.2
99,25,60,29,31,2646
99,26,65,37,28,2691
99,27,149,73,76,6973.2
99,28,348,171,177,15590.4
99,29,14,7,7,590.8
99,30,5,1,4,192
99,31,44,24,20,2204.4
99,32,55,27,28,2546.5
99,38,1,1,0,0
99,39,23,12,11,1327.1
99,40,53,23,30,2660.6
99,51,9,4,5,267.3
99,52,8,5,3,356.8
99,58,6,4,2,135
99,59,11,5,6,517
99,60,11,5,6,391.6
99,61,7,4,3,417.9
99,62,2,0,2,0
99,73,30,16,14,1242
99,98,17,10,7,870.4
99,102,1,1,0,0
99,111,12,8,4,519.6
99,112,61,29,32,3037.8
99,121,11,7,4,599.5
100,3,2,1,1,0
100,4,7,4,3,244.3
100,5,5,3,2,178
100,6,29,17,12,1247
100,24,5,3,2,141
100,27,16,10,6,654.4
100,28,39,21,18,1942.2
100,29,13,8,5,653.9
100,32,6,2,4,421.2
100,33,6,3,3,319.8
100,34,4,2,2,0
100,39,27,16,11,1296
100,40,2,1,1,0
100,47,2,1,1,0
100,52,9,4,5,599.4
100,53,143,72,71,5777.2
100,54,57,31,26,1955.1
100,74,1,1,0,0
100,81,1,1,0,0
100,99,2,1,1,0
100,112,22,8,14,1051.6
100,113,4,3,1,0
100,114,7,3,4,392
100,121,100,44,56,3570
101,0,24,11,13,950.4
101,5,48,25,23,1905.6
101,6,9,6,3,511.2
101,27,3,2,1,0
101,34,2,1,1,0
101,35,14,9,5,548.8
101,36,2,1,1,0
101,40,4,2,2,0
101,41,14,8,6,702.8
101,53,8,3,5,336
101,54,90,41,49,3771
101,55,2,1,1,0
101,73,2,2,0,0
101,94,11,5,6,547.8
101,98,1,1,0,0
101,115,2,1,1,0
101,121,65,30,35,2632.5
102,4,14,4,10,565.6
102,5,15,7,8,678
102,36,14,7,7,726.6
102,40,3,2,1,0
102,41,3,1,2,0
102,54,5,1,4,256
102,55,16,9,7,849.6
102,56,38,22,16,2006.4
102,57,28,13,15,1019.2
102,100,4,2,2,0
103,37,3,2,1,0
103,43,7,5,2,226.8
103,56,20,11,9,900
103,57,79,41,38,4052.7
103,58,149,76,73,6317.6
103,59,100,48,52,3910
103,60,6,4,2,333
103,93,6,4,2,253.2
103,116,5,3,2,100
103,117,11,6,5,537.9
103,121,1,1,0,0
103,122,13,6,7,503.1
104,43,11,4,7,408.1
104,59,28,10,18,1302
104,60,3,2,1,0
104,61,4,3,1,0
104,62,6,3,3,199.2
104,71,1,1,0,0
104,93,9,4,5,434.7
104,103,2,1,1,0
104,117,6,5,1,159
104,122,15,6,9,513
104,123,25,18,7,685
105,4,1,1,0,0
105,58,6,2,4,348
105,59,72,37,35,3492
105,60,6,4,2,271.2
105,61,9,3,6,519.3
105,62,10,5,5,449
105,70,4,2,2,0
105,91,8,4,4,338.4
105,122,1,1,0,0
106,0,5,3,2,162
106,38,29,17,12,1476.1
106,39,14,8,6,505.4
106,49,6,1,5,181.8
106,50,11,4,7,507.1
106,57,10,5,5,464
106,58,8,5,3,324.8
106,61,2,1,1,0
106,98,3,2,1,0
106,100,109,51,58,4185.6
106,101,22,13,9,992.2
106,104,3,2,1,0
106,116,3,2,1,0
106,123,5,2,3,265
107,38,33,18,15,1151.7
107,39,11,6,5,653.4
107,46,2,1,1,0
107,47,7,4,3,195.3
107,48,4,3,1,0
107,49,12,7,5,396
107,50,7,5,2,256.2
107,56,2,1,1,0
107,57,12,7,5,568.8
107,68,44,24,20,1408
107,69,3,2,1,0
107,91,10,6,4,494
107,92,2,1,1,0
107,100,6,3,3,351
107,101,26,12,14,1180.4
107,105,3,1,2,0
107,106,8,4,4,379.2
107,122,6,3,3,310.8
108,6,47,22,25,1781.3
108,44,2,1,1,0
108,46,1,1,0,0
108,51,42,21,21,1881.6
108,52,16,7,9,833.6
108,56,13,6,7,509.6
108,68,22,10,12,1025.2
108,69,122,66,56,5087.4
108,90,5,3,2,328
108,91,2,1,1,0
108,100,2,1,1,0
108,101,38,21,17,1634
108,102,1,1,0,0
108,116,19,9,10,872.1
108,122,19,8,11,818.9
109,7,14,8,6,753.2
109,8,4,2,2,0
109,42,2,2,0,0
109,44,10,5,5,388
109,52,19,9,10,803.7
109,56,30,20,10,1458
109,57,18,8,10,534.6
109,68,1,1,0,0
109,69,95,47,48,3581.5
109,70,19,10,9,959.5
109,89,13,4,9,579.8
109,100,11,6,5,323.4
109,116,2,2,0,0
109,122,8,4,4,388
110,8,2,1,1,0
110,39,5,4,1,138
110,55,4,2,2,0
110,57,50,23,27,2210
110,58,4,2,2,0
110,69,122,69,53,4514
110,70,16,11,5,620.8
110,89,1,0,1,0
110,99,1,1,0,0
110,100,2,0,2,0
110,124,49,23,26,1989.4
110,125,10,5,5,361
111,39,9,5,4,331.2
111,55,9,4,5,479.7
111,57,42,24,18,1365
111,58,1,0,1,0
111,59,21,9,12,764.4
111,61,20,13,7,936
111,62,28,11,17,1086.4
111,69,213,108,105,6986.4
111,70,16,8,8,625.6
111,115,10,6,4,544
111,124,8,3,5,204
111,125,19,10,9,1086.8
111,126,13,11,2,495.3
112,11,3,2,1,0
112,12,1,1,0,0
112,53,1,1,0,0
112,58,4,3,1,0
112,59,31,15,16,1212.1
112,60,67,36,31,2974.8
112,61,124,64,60,5654.4
112,62,103,59,44,4532
112,63,33,16,17,1237.5
112,64,2,1,1,0
112,68,33,14,19,947.1
112,69,521,253,268,20319
112,70,224,116,108,9184
112,71,3,2,1,0
112,115,19,7,12,712.5
112,116,2,1,1,0
113,42,2,1,1,0
113,52,7,3,4,308.7
113,53,4,1,3,0
113,54,51,26,25,2106.3
113,55,4,2,2,0
113,59,12,6,6,435.6
113,60,8,5,3,316.8
113,61,61,34,27,1823.9
113,62,1,1,0,0
113,66,128,74,54,5376
113,67,36,20,16,1594.8
113,68,144,75,69,6206.4
113,69,916,440,476,41952.8
113,70,100,49,51,3960
113,71,14,7,7,590.8
113,100,27,13,14,1190.7
113,101,20,12,8,808
113,103,1,1,0,0
113,117,6,4,2,234
114,43,14,9,5,526.4
114,55,35,14,21,1302
114,56,18,8,10,500.4
114,64,21,11,10,888.3
114,66,213,106,107,7987.5
114,67,9,6,3,225
114,68,88,45,43,3643.2
114,69,24,14,10,1108.8
114,70,25,12,13,802.5
114,71,64,30,34,2112
114,99,3,2,1,0
114,100,90,48,42,4176
114,101,8,4,4,364.8
114,102,1,1,0,0
114,103,3,2,1,0
114,104,2,1,1,0
114,114,2,1,1,0
114,116,6,4,2,340.8
114,117,1,1,0,0
115,40,73,33,40,2686.4
115,56,1,0,1,0
115,64,33,16,17,1263.9
115,65,22,11,11,1034
115,66,32,13,19,1276.8
115,68,26,14,12,954.2
115,69,267,139,128,10653.3
115,70,480,249,231,19632
115,71,431,218,213,18748.5
115,72,44,24,20,1276
115,100,139,71,68,4809.4
115,103,1,0,1,0
115,104,2,1,1,0
115,106,1,1,0,0
115,114,2,1,1,0
115,115,2,1,1,0
116,11,4,3,1,0
116,40,2,1,1,0
116,57,101,48,53,3716.8
116,58,53,21,32,2533.4
116,59,50,26,24,2505
116,64,7,4,3,266.7
116,65,15,7,8,592.5
116,70,214,108,106,8495.8
116,71,330,153,177,14949
116,72,8,5,3,292.8
116,73,61,34,27,1964.2
116,96,2,1,1,0
116,97,2,1,1,0
116,100,19,11,8,659.3
116,108,2,1,1,0
116,109,2,2,0,0
117,44,1,1,0,0
117,45,29,18,11,1293.4
117,58,207,105,102,9811.8
117,59,2,1,1,0
117,69,12,6,6,349.2
117,70,303,149,154,10786.8
117,71,7,3,4,266
117,73,46,21,25,1692.8
117,74,6,4,2,211.8
117,81,1,1,0,0
117,95,11,6,5,518.1
117,97,3,2,1,0
117,98,3,2,1,0
117,99,2,1,1,0
117,100,2,2,0,0
117,109,6,4,2,232.2
117,115,8,4,4,284
117,116,4,2,2,0
118,12,8,2,6,576
118,41,20,9,11,798
118,61,13,8,5,483.6
118,69,81,45,36,3215.7
118,70,24,13,11,799.2
118,73,15,8,7,808.5
118,74,29,13,16,1012.1
118,94,5,4,1,119
118,95,13,6,7,357.5
118,96,19,11,8,921.5
118,98,9,2,7,341.1
118,101,3,1,2,0
118,109,46,23,23,1789.4
118,110,9,5,4,466.2
119,12,7,2,5,333.2
119,13,7,3,4,200.2
119,41,7,2,5,210.7
119,58,16,8,8,688
119,60,15,8,7,742.5
119,61,32,18,14,1532.8
119,67,1,0,1,0
119,69,41,20,21,1873.7
119,70,24,12,12,1063.2
119,71,54,28,26,2143.8
119,72,30,16,14,1239
119,73,37,23,14,1043.4
119,96,4,2,2,0
119,97,25,13,12,952.5
119,98,3,1,2,0
119,101,4,2,2,0
119,109,6,3,3,187.2
119,116,9,7,2,249.3
119,117,8,6,2,332.8
120,12,20,10,10,892
120,58,9,6,3,467.1
120,61,5,3,2,243
120,69,2,1,1,0
120,70,8,5,3,320.8
120,71,59,31,28,2259.7
120,96,41,22,19,1328.4
120,97,13,5,8,421.2
120,98,4,2,2,0
120,99,5,3,2,149
120,118,6,2,4,294
121,12,11,8,3,387.2
121,58,14,7,7,477.4
121,59,10,7,3,376
121,61,16,8,8,540.8
121,62,5,2,3,324
121,70,2,1,1,0
121,97,26,13,13,858
121,98,29,15,14,1421
121,99,10,6,4,377
121,119,2,2,0,0
122,57,2,1,1,0
122,58,3,2,1,0
122,97,17,10,7,788.8
122,98,48,25,23,1526.4
123,13,1,0,1,0
123,57,7,4,3,249.9
123,58,7,3,4,184.8
123,64,1,1,0,0
123,95,7,4,3,338.1
123,96,139,65,74,4573.1
123,97,59,27,32,2059.1
124,57,39,22,17,1501.5
124,64,56,32,24,2419.2
124,65,8,5,3,228
124,66,5,4,1,130
124,95,40,21,19,1512
124,96,4,3,1,0
124,97,17,9,8,822.8
124,119,3,1,2,0
125,15,5,1,4,105
125,31,5,2,3,99
125,64,87,45,42,4602.3
125,65,31,15,16,1435.3
125,72,14,8,6,747.6
125,73,8,3,5,228
125,95,23,13,10,1177.6
125,96,71,37,34,2201
125,97,61,30,31,2372.9
125,98,11,5,6,419.1
125,119,10,5,5,450
126,15,15,7,8,535.5
126,30,2,1,1,0
126,64,13,4,9,410.8
126,65,28,13,15,1050
126,67,2,1,1,0
126,72,20,11,9,1184
126,73,14,8,6,432.6
126,94,11,5,6,404.8
126,95,20,8,12,786
126,96,58,35,23,2395.4
126,97,65,32,33,2528.5
126,98,22,14,8,950.4
126,119,14,7,7,631.4
127,67,10,4,6,448
127,73,29,13,16,1351.4
127,74,51,26,25,2340.9
127,93,4,2,2,0
127,94,14,5,9,757.4
127,95,4,3,1,0