x,y,p,m,f,ta
2,21,211,116,95,8546.2
3,23,94,46,48,3445.6
3,40,6,4,2,0
4,19,3634,1839,1795,144907.8
4,20,6069,3067,3002,229765.1
4,21,18859,9501,9358,702226.8
4,22,23219,11954,11265,907643.3
4,23,348,179,169,12376.8
4,24,1125,563,562,45407.6
4,25,256,133,123,10993.2
4,26,2295,1175,1120,82576.9
4,27,911,486,425,32575.1
4,28,83,41,42,3833.3
4,29,192,101,91,8896.1
4,30,42,21,21,1959.4
4,31,808,416,392,31202
4,32,1472,753,719,54629.4
4,33,2502,1282,1220,84738.2
4,34,3002,1509,1493,103409.8
4,35,1925,1003,922,74170.3
4,36,959,483,476,41589.9
4,37,131,67,64,5646.5
4,38,648,317,331,28508.5
4,39,90,47,43,3654.4
4,40,70,38,32,2455.1
4,41,156,83,73,6602.6
4,42,13,9,4,488.4
4,43,227,118,109,9552.3
4,44,20,12,8,818.5
5,12,1907,986,921,67208.7
5,13,6803,3462,3341,222914.7
5,14,14736,7627,7109,544614.5
5,15,10247,5221,5026,365320.2
5,16,3591,1827,1764,115777.7
5,17,5327,2688,2639,198679.5
5,18,527,276,251,21789.8
5,19,50,23,27,2095.8
5,20,821,431,390,31761.1
5,21,3356,1711,1645,117924.1
5,22,28122,13973,14149,1042317.7
5,23,1816,962,854,60613.3
5,24,1965,993,972,71728.6
5,25,1798,910,888,67560.8
5,26,3427,1739,1688,128138.4
5,27,2552,1329,1223,93560.7
5,28,942,486,456,34517.4
5,29,1930,995,935,75443.6
5,30,2579,1342,1237,90398.5
5,31,3159,1659,1500,116624.7
5,32,6562,3346,3216,231331.3
5,33,19725,10044,9681,698123.5
5,34,6621,3314,3307,225105.9
5,35,2773,1410,1363,103605.3
5,36,2664,1334,1330,106500.2
5,37,2295,1200,1095,89110.1
5,38,1833,941,892,74065.4
5,39,391,186,205,15509.4
5,40,19,12,7,398
5,41,433,218,215,16152
5,42,113,56,57,3468.7
5,43,10,5,5,316.8
5,44,160,86,74,6604.3
5,46,71,45,26,2953.7
5,47,1,1,0,0
6,11,953,487,466,35314.8
6,12,2696,1416,1280,94273.3
6,13,734,371,363,25214
6,14,8904,4549,4355,308707.2
6,15,34815,17692,17123,1170250.9
6,16,72469,36672,35797,2652409.7
6,17,115228,58173,57055,4255119.1
6,18,3393,1746,1647,119249.5
6,19,644,327,317,22089.8
6,20,47,26,21,1963
6,21,600,292,308,21995.5
6,22,2348,1216,1132,76698.5
6,23,1688,871,817,62052.1
6,24,1227,629,598,44957.8
6,25,895,482,413,36680.7
6,26,17682,8960,8722,656078.5
6,27,425,208,217,16572.7
6,28,1354,683,671,53312.3
6,29,251,135,116,10354.1
6,30,3816,1974,1842,130347.8
6,31,6239,3164,3075,237313.5
6,32,92033,45327,46706,3461374
6,33,120990,61742,59248,4573658.1
6,34,34799,17302,17497,1364726.2
6,35,10001,4966,5035,372202.4
6,36,2398,1274,1124,88212.3
6,37,2332,1201,1131,89064.8
6,38,441,221,220,16923.4
6,39,319,171,148,11943.9
6,40,409,193,216,17103.2
6,41,37,21,16,973.5
6,42,60,37,23,2016.9
6,43,420,229,191,17268.5
6,44,605,298,307,25742.1
6,45,37,21,16,1369.6
6,46,133,75,58,5453.8
6,47,150,73,77,6441.8
6,48,422,225,197,17037.6
6,49,211,110,101,8692.6
7,10,271,129,142,10584.9
7,11,12505,6301,6204,476712.4
7,12,513,275,238,17870.5
7,13,231,119,112,7323
7,14,1167,614,553,40164.3
7,15,10693,5471,5222,354328.8
7,16,7991,4128,3863,274832
7,17,2112,1059,1053,75470.1
7,18,1847,938,909,64639.1
7,19,1787,914,873,69593.3
7,20,288,148,140,11797.8
7,21,457,230,227,17062
7,22,438,234,204,15870.1
7,23,1127,568,559,43169.9
7,24,914,466,448,33187.5
7,25,570,295,275,24510.1
7,26,1120,559,561,44926.5
7,27,356,185,171,12996.1
7,28,689,355,334,27972
7,29,1213,608,605,52111.8
7,30,4693,2393,2300,165384.6
7,31,8573,4257,4316,328215.2
7,32,7044,3573,3471,246351.5
7,33,14287,7069,7218,554620.8
7,34,17707,8960,8747,649970.7
7,35,3379,1742,1637,124397.6
7,36,1357,710,647,53127.3
7,37,548,270,278,23104.5
7,38,563,286,277,22095.9
7,39,88,40,48,3884.9
7,40,219,104,115,8686.4
7,41,137,70,67,5957.6
7,42,526,264,262,23072.1
7,43,501,253,248,21229.4
7,44,1123,554,569,50046.5
7,45,243,122,121,9314
7,46,7601,3837,3764,277447.5
7,47,1980,1015,965,77177.3
7,48,91,41,50,2901.8
7,49,883,460,423,38976
7,50,287,143,144,11543.2
7,51,29,15,14,1454.6
8,9,148,72,76,6715
8,10,183,100,83,6326
8,11,74,39,35,1716.3
8,12,1323,694,629,48510.7
8,13,1355,682,673,47953.3
8,14,135,77,58,4460.3
8,15,1161,611,550,38980.8
8,16,1502,769,733,55922.7
8,17,7599,3821,3778,275159.3
8,18,4104,2094,2010,148118.3
8,19,710,363,347,25853.7
8,20,260,143,117,10222.6
8,21,497,251,246,20805.1
8,22,174,79,95,5193.6
8,23,1779,930,849,69730
8,24,2598,1366,1232,100633.1
8,25,416,229,187,15817.6
8,26,3357,1702,1655,131014.2
8,27,3750,1873,1877,147473.8
8,28,537,263,274,22822.3
8,29,376,179,197,15104.2
8,30,976,506,470,41334.3
8,31,1733,900,833,67475
8,32,521,260,261,20526.8
8,33,996,513,483,40151.1
8,34,1799,927,872,66799.4
8,35,1184,608,576,47586.5
8,36,84,48,36,2691.8
8,37,2,1,1,0
8,38,366,184,182,14826.7
8,39,98,51,47,3768.2
8,40,408,213,195,16013.1
8,41,674,345,329,27283.3
8,42,269,133,136,9933.8
8,43,778,393,385,26773.6
8,44,1218,600,618,48752.6
8,45,435,235,200,17121.2
8,46,333,177,156,12279.4
8,47,49,28,21,1629.8
8,48,1436,732,704,58503
8,49,128,65,63,5597.1
8,50,4153,2095,2058,164553.8
8,51,1358,720,638,56133.8
8,52,28,14,14,1540
8,53,169,86,83,6537.8
9,9,1439,718,721,56017.1
9,10,1592,786,806,62429.7
9,11,294,152,142,10392.5
9,12,287,149,138,10384.5
9,13,49,25,24,1942.4
9,14,146,78,68,5537.5
9,15,842,442,400,29496.2
9,16,301,162,139,9452.9
9,17,27,15,12,1045.2
9,18,148,85,63,5481.2
9,19,1833,943,890,69059.7
9,20,288,144,144,11416.9
9,21,396,211,185,14878.4
9,22,359,187,172,13966.7
9,23,132,65,67,5652.2
9,24,1461,732,729,57713
9,25,1261,640,621,50268.7
9,26,220,111,109,8334.3
9,27,1023,520,503,38342
9,28,2163,1060,1103,90337.6
9,29,543,276,267,24079.9
9,30,242,132,110,9585.8
9,31,476,240,236,16942.9
9,32,534,276,258,21320.3
9,33,1426,730,696,57324.3
9,34,1856,946,910,74403.3
9,35,1306,618,688,55751.4
9,36,523,266,257,22629.3
9,37,32,19,13,749.5
9,38,27,13,14,1156.2
9,40,134,70,64,5000.1
9,41,219,117,102,8056.1
9,42,137,74,63,4552.5
9,43,172,86,86,6428.2
9,44,196,110,86,8058.6
9,45,415,213,202,16375.1
9,46,813,431,382,30894.6
9,47,155,84,71,6461
9,49,214,108,106,8392.9
9,50,492,245,247,21165.9
9,51,1119,546,573,46082.7
9,52,740,365,375,30342.2
9,53,63,35,28,2694.8
10,6,508,268,240,18954.1
10,7,1674,885,789,66318.6
10,8,577,295,282,25674.9
10,9,134,73,61,5111.8
10,10,753,377,376,29774.1
10,11,1935,962,973,72916
10,12,91,58,33,2742.9
10,13,56,29,27,1423.5
10,14,42,18,24,1648.8
10,15,65,36,29,2330.2
10,17,14,9,5,356
10,18,64,32,32,2267.4
10,19,102,50,52,3508.5
10,20,86,43,43,3416.1
10,21,414,200,214,15550.7
10,22,1384,685,699,53057.2
10,23,69,39,30,2240.1
10,24,99,54,45,3890.6
10,25,206,110,96,6905.8
10,26,204,104,100,8372.7
10,28,88,47,41,4070.9
10,29,200,108,92,7942.6
10,30,301,151,150,11997
10,31,830,422,408,35377.3
10,32,314,163,151,11859.2
10,33,2,2,0,0
10,34,56,27,29,2523.7
10,35,242,122,120,9244.2
10,36,40,18,22,1400.8
10,37,301,147,154,11447.2
10,40,171,82,89,6962.8
10,41,135,64,71,5460.1
10,42,353,168,185,15687.4
10,43,1350,685,665,50514.7
10,44,856,439,417,33671.6
10,45,1599,843,756,61741.4
10,46,209,102,107,7525.1
10,47,10,5,5,564
10,48,29,15,14,1070
10,49,351,173,178,14791.6
10,50,596,303,293,23898.2
10,51,1034,535,499,42809.1
10,52,836,428,408,34543.9
10,53,669,341,328,29706.5
10,54,22,13,9,1054.8
11,6,5371,2641,2730,221419.3
11,7,1320,666,654,47874.1
11,8,395,214,181,15682.2
11,9,6583,3315,3268,265876.5
11,10,903,478,425,34137.1
11,11,78,44,34,2299.2
11,12,88,51,37,3138.6
11,13,166,80,86,5475.2
11,19,4,1,3,0
11,20,109,55,54,3783.3
11,21,41,24,17,1773.1
11,22,613,297,316,25008.2
11,23,84,44,40,3088.8
11,24,4588,2265,2323,190132.3
11,26,30,13,17,1036.7
11,29,130,64,66,4559.2
11,30,44,23,21,1704.9
11,31,1217,608,609,50444.2
11,32,5603,2818,2785,225832.3
11,33,32,16,16,1125.8
11,34,1,0,1,0
11,35,418,222,196,14963.1
11,36,72,38,34,2574.6
11,37,86,47,39,3112.6
11,38,109,56,53,4124.6
11,40,37,19,18,1266.2
11,41,710,369,341,31119.4
11,42,22,11,11,736.2
11,43,197,100,97,7682.6
11,44,11361,5674,5687,405775.6
11,45,711,372,339,25009.5
11,46,408,204,204,15849.8
11,47,88,51,37,3757.7
11,49,724,389,335,27593.2
11,50,286,135,151,11020.6
11,51,742,383,359,33293.5
11,52,538,279,259,25940.1
11,53,1982,1054,928,82212.3
11,54,6126,3079,3047,240419.8
11,55,435,230,205,19995.3
12,5,121,61,60,5081.8
12,6,727,369,358,27787.2
12,7,230,131,99,7011.9
12,8,1128,563,565,42451.3
12,9,1567,765,802,63085.8
12,10,346,177,169,12507.1
12,11,91,49,42,2678.1
12,12,105,52,53,4248.5
12,13,919,455,464,36258.8
12,14,62,34,28,2180
12,15,73,44,29,2313.5
12,17,10,7,3,378
12,22,280,131,149,11397.9
12,23,6,3,3,186
12,24,56,24,32,2400.1
12,26,32,19,13,1227.3
12,27,20,8,12,620.5
12,28,1297,659,638,50783.9
12,29,792,417,375,31590.9
12,31,116,63,53,4334.3
12,32,420,219,201,18323.2
12,33,423,203,220,18621.2
12,34,22,12,10,720
12,35,1323,677,646,51329.3
12,37,35,17,18,1345.4
12,40,43,26,17,1921.1
12,41,669,329,340,25595.6
12,42,1545,804,741,59989.2
12,43,271,148,123,10405.3
12,44,1535,786,749,56491.6
12,45,542,298,244,17568.4
12,46,150,76,74,5067.8
12,47,201,104,97,9321.4
12,48,127,71,56,4549
12,49,3530,1760,1770,137670.7
12,50,312,154,158,12855.1
12,51,242,116,126,10766
12,52,590,294,296,24432.2
12,53,2103,1104,999,82826.7
12,54,8088,4198,3890,302686.6
12,55,175,88,87,6821.3
13,5,125,65,60,5339.6
13,6,1880,967,913,65988.6
13,7,6020,2966,3054,224559.5
13,8,112,62,50,1988.6
13,9,2316,1209,1107,86597
13,10,321,168,153,10598.9
13,11,377,184,193,14185.9
13,12,56,37,19,1464.5
13,13,22,11,11,793.4
13,14,3,2,1,0
13,15,266,139,127,10118
13,16,67,35,32,1969.7
13,17,19,10,9,375.8
13,23,52,29,23,1514.3
13,24,145,77,68,5759.2
13,25,63,29,34,2200.5
13,26,5,2,3,0
13,27,481,241,240,19044.3
13,28,3146,1497,1649,145649.9
13,29,746,384,362,30417.5
13,30,671,341,330,27402.1
13,31,726,376,350,29968.9
13,32,401,191,210,18839.8
13,33,180,97,83,8463.4
13,34,1299,663,636,45364.9
13,35,9068,4426,4642,383000.8
13,36,621,328,293,23578.1
13,37,253,134,119,10367.7
13,39,153,73,80,6421.3
13,40,118,59,59,4895.7
13,41,2,1,1,0
13,42,21,10,11,866.2
13,43,207,106,101,7809
13,44,9,4,5,406.8
13,45,394,211,183,14550.2
13,47,1539,752,787,64177.7
13,48,2103,1057,1046,85543.9
13,49,767,394,373,29335
13,50,140,68,72,5337.1
13,51,411,208,203,17954.6
13,52,12133,6064,6069,470113.9
13,53,952,489,463,38838.2
13,54,4681,2358,2323,183294.2
13,55,1270,632,638,48069.5
13,56,709,366,343,26887.4
14,5,296,151,145,12132.6
14,6,3053,1528,1525,118026.5
14,7,156,82,74,4952.3
14,8,398,203,195,13689.4
14,9,590,298,292,22059.3
14,10,736,387,349,26495.9
14,11,287,152,135,10781.6
14,23,6,3,3,103.2
14,24,36,21,15,1593.2
14,25,34,12,22,1128.6
14,26,406,199,207,18032.6
14,31,484,253,231,19496.7
14,32,972,484,488,39574.1
14,33,609,300,309,25229
14,34,371,198,173,14820.3
14,35,191,104,87,7415.8
14,36,367,185,182,16083.1
14,37,154,84,70,6098.8
14,39,366,195,171,16046.1
14,40,1435,696,739,62102.2
14,41,963,470,493,39387
14,42,140,70,70,4915.9
14,43,53,23,30,2026.9
14,44,31,16,15,1336.1
14,45,904,467,437,38190.7
14,46,132,60,72,5431
14,47,706,358,348,27957.9
14,48,189,105,84,7687.2
14,49,175,94,81,6968.7
14,50,33,22,11,972.4
14,51,317,165,152,13126.4
14,52,3100,1583,1517,115300.7
14,53,133,74,59,5507.8
14,54,558,288,270,24784.1
14,55,22878,11739,11139,906257.7
14,56,5976,3015,2961,216985.3
14,57,1078,563,515,43866.6
14,58,3,1,2,0
15,5,12683,6257,6426,500018
15,6,1343,666,677,45391.5
15,7,539,276,263,18710.1
15,8,927,478,449,33099.2
15,9,435,218,217,13724.5
15,10,459,226,233,16528
15,11,119,65,54,3730.7
15,12,166,86,80,6347
15,14,27,13,14,788.9
15,33,130,71,59,5721.6
15,34,940,482,458,40790.2
15,35,15,9,6,245
15,37,94,47,47,3171.5
15,38,25,16,9,688.4
15,39,10,6,4,307
15,40,410,208,202,16919.5
15,41,385,193,192,15838.6
15,42,5,2,3,0
15,43,91,48,43,4161.7
15,44,18,6,12,809.4
15,45,181,95,86,7517
15,46,98,52,46,3847.9
15,47,673,334,339,27564.9
15,48,1161,597,564,48262.9
15,49,618,319,299,25704.7
15,50,636,337,299,23510.7
15,51,92,48,44,3659.2
15,52,554,279,275,24874.5
15,53,49,32,17,1691.3
15,54,600,303,297,22337.6
15,55,29679,14983,14696,1114699.4
15,56,1961,1009,952,74242.4
15,57,1436,735,701,61793.2
15,58,264,142,122,12430.5
16,5,1068,557,511,40766.7
16,6,800,424,376,30110.2
16,7,1195,614,581,44038.1
16,8,1030,517,513,35824.6
16,9,309,148,161,11433.2
16,10,251,125,126,8755.5
16,11,114,63,51,4107
16,12,305,148,157,11564.7
16,13,160,83,77,4190.7
16,14,13,5,8,294.8
16,17,11,6,5,0
16,19,6,3,3,0
16,20,322,160,162,11779.2
16,21,45,25,20,1104.2
16,22,495,261,234,17031.3
16,25,10,5,5,233
16,32,702,334,368,29562.9
16,33,140,72,68,4827
16,34,89,49,40,3739.5
16,35,1,1,0,0
16,38,3,2,1,0
16,39,205,103,102,8757.9
16,40,417,219,198,15841.1
16,41,1982,971,1011,77995.3
16,42,37,19,18,1627.3
16,43,154,80,74,4950
16,44,20,10,10,489
16,45,37,20,17,1419.4
16,46,127,66,61,5178.3
16,47,151,73,78,5592.5
16,48,914,476,438,36855.1
16,49,2778,1417,1361,104313.5
16,50,258,141,117,10551.2
16,51,69,31,38,3451.3
16,52,114,58,56,5403.6
16,53,649,350,299,25968.6
16,54,6140,3039,3101,242918.3
16,55,1035,555,480,37725.6
16,56,3868,1977,1891,146069.9
16,57,1308,692,616,51830.7
16,58,810,414,396,33950.4
16,59,475,248,227,19448.4
17,5,2210,1116,1094,80274.1
17,6,11011,5491,5520,417481.5
17,7,1450,743,707,52558.1
17,8,945,494,451,32265
17,9,678,339,339,25162.6
17,10,247,129,118,7737.9
17,11,558,287,271,19305.1
17,12,21,14,7,527.1
17,13,3,1,2,0
17,14,22,15,7,706.3
17,15,57,34,23,2468.5
17,16,88,43,45,2655.5
17,17,521,262,259,21774.4
17,18,531,273,258,21710
17,19,180,98,82,7206.7
17,21,51,32,19,1862.9
17,22,3,2,1,0
17,23,22,10,12,981
17,24,11,5,6,0
17,25,27,16,11,681
17,32,52,26,26,1848.2
17,33,9,6,3,440.3
17,34,1,1,0,0
17,35,8,3,5,148
17,36,27,10,17,665.8
17,37,1356,675,681,56661.1
17,38,96,48,48,4086.2
17,39,9,6,3,0
17,40,69,32,37,2440.2
17,41,5218,2576,2642,196748.7
17,42,81,45,36,2788.7
17,43,2,1,1,0
17,44,105,61,44,4323.4
17,47,21,12,9,724.2
17,48,805,478,327,31093.3
17,49,279,149,130,10182.3
17,50,175,88,87,6224.5
17,51,291,149,142,12917.2
17,52,106,59,47,3820.6
17,53,321,159,162,12913.5
17,54,228,125,103,8961
17,55,4714,2352,2362,180545.9
17,56,1020,528,492,40162.6
17,57,1439,731,708,57138.6
17,58,488,259,229,19914.9
17,59,64,33,31,3813.7
18,5,3460,1732,1728,119312.6
18,6,51542,25586,25956,2016229
18,7,10298,5255,5043,359333.6
18,8,6366,3107,3259,245938.7
18,9,394,200,194,12779
18,10,523,268,255,17538.4
18,11,2544,1270,1274,103018.7
18,12,651,341,310,25814.9
18,13,80,37,43,2969.6
18,14,359,171,188,14828.2
18,15,83,44,39,3869.1
18,16,5,2,3,112
18,24,488,250,238,19487.6
18,25,2,1,1,0
18,34,2,2,0,0
18,37,128,69,59,5606.3
18,40,1233,616,617,45874.2
18,41,325,167,158,12924.1
18,42,2096,1045,1051,79776.8
18,43,1241,612,629,48541.5
18,44,58,32,26,2798.8
18,45,48,25,23,1827.4
18,48,243,126,117,9823.2
18,49,166,85,81,5783
18,50,66,32,34,3006.3
18,52,108,52,56,4559.3
18,53,3310,1685,1625,136977
18,54,949,472,477,37227.2
18,55,686,356,330,27255.7
18,56,1853,1008,845,73846.9
18,57,500,261,239,19331.2
18,58,961,470,491,39899.2
18,59,1540,789,751,62533.1
18,60,373,178,195,16161.5
19,6,20614,10280,10334,737247.7
19,7,6973,3549,3424,243214.3
19,8,768,410,358,25358.3
19,9,423,219,204,14204.1
19,10,206,110,96,6526.2
19,11,67,35,32,2313.5
19,12,6,3,3,0
19,14,5,1,4,169
19,16,19,11,8,344
19,17,7,6,1,0
19,18,30,19,11,1052.7
19,19,8,4,4,145
19,21,106,62,44,2958
19,22,164,84,80,6724.5
19,23,321,170,151,14073.9
19,24,216,114,102,9190.2
19,25,1,0,1,0
19,34,3,1,2,0
19,36,1,1,0,0
19,39,1500,753,747,62422.5
19,40,21,11,10,516.6
19,41,5,3,2,0
19,42,136,73,63,4560.2
19,43,631,318,313,26739.7
19,44,102,58,44,4393.8
19,45,208,101,107,8651.1
19,46,23,13,10,839.8
19,48,5,4,1,103
19,49,32,14,18,1459.8
19,50,231,118,113,8442.8
19,51,45,25,20,1317.8
19,52,471,242,229,20208.7
19,53,565,258,307,24141.6
19,54,72,36,36,2386.6
19,55,594,305,289,26168.4
19,56,3350,1668,1682,137498.2
19,57,265,135,130,9266.7
19,58,7760,3830,3930,312322.6
19,59,1788,895,893,68870.8
19,60,1306,682,624,51988.3
20,6,1582,799,783,62770.6
20,7,882,465,417,32737.3
20,8,3618,1812,1806,131178.6
20,9,209,114,95,6780.9
20,10,124,62,62,3575.4
20,11,52,32,20,1319.4
20,12,94,56,38,3713.8
20,13,58,33,25,2571.4
20,14,35,16,19,1379.3
20,15,13,6,7,471
20,17,259,140,119,8919.1
20,18,658,322,336,26538.6
20,19,181,92,89,6803.4
20,20,370,190,180,15171.5
20,21,1010,503,507,41875.7
20,22,967,458,509,39283.6
20,23,726,352,374,27177.3
20,24,200,114,86,7659.9
20,25,4,2,2,0
20,27,10,5,5,0
20,32,9,5,4,306.4
20,38,82,44,38,3348.6
20,39,273,142,131,10465
20,40,100,59,41,4161.7
20,41,1858,985,873,78399.5
20,43,116,64,52,5450.8
20,44,161,89,72,6589.9
20,51,4,2,2,0
20,52,97,50,47,4668
20,53,551,289,262,21371.3
20,55,123,56,67,4910.2
20,56,479,254,225,18199.2
20,57,621,325,296,20693.2
20,58,15823,7865,7958,625276.5
20,59,3312,1632,1680,127604.3
20,60,1305,684,621,52077.1
21,7,8401,4205,4196,322603.2
21,8,523,280,243,18865.2
21,9,150,79,71,3732.2
21,10,376,195,181,13281
21,11,194,108,86,7736
21,12,217,107,110,6447.1
21,13,17,10,7,602.4
21,14,124,68,56,4497.5
21,15,26,15,11,747.2
21,16,45,24,21,1433
21,19,133,65,68,4172.1
21,20,312,159,153,13199.7
21,21,356,178,178,13647.4
21,22,304,156,148,10054.7
21,23,257,130,127,10058.8
21,24,67,31,36,2274.6
21,25,35,16,19,326.2
21,26,9,4,5,316.2
21,32,28,16,12,889.2
21,34,51,22,29,2276.1
21,35,2,1,1,0
21,38,46,27,19,2005.7
21,39,203,111,92,8112.5
21,41,3328,1695,1633,145209.9
21,42,188,95,93,5763.4
21,43,35,18,17,1915.4
21,44,93,51,42,3494.9
21,49,7,5,2,0
21,53,37,18,19,1345.2
21,54,36,20,16,1406.8
21,55,1126,594,532,44422.1
21,56,487,247,240,19091.6
21,57,1702,844,858,64799.8
21,58,1635,877,758,64145.2
21,59,1993,999,994,78712.4
21,60,2260,1199,1061,86057.9
21,61,244,129,115,9878.9
22,7,87,41,46,2971.9
22,8,16062,8090,7972,601429.7
22,9,2374,1208,1166,86856.2
22,10,2573,1296,1277,95089.5
22,11,325,173,152,10470.2
22,12,85,48,37,3091.5
22,13,889,443,446,34107.2
22,14,45,23,22,1464.7
22,15,326,158,168,13766
22,16,502,259,243,18978.3
22,17,316,164,152,12294.6
22,18,29,11,18,853
22,19,291,150,141,12105.8
22,20,518,275,243,21196.9
22,21,255,125,130,9670.8
22,22,170,89,81,6450.7
22,23,85,56,29,3349.1
22,24,15,8,7,488.8
22,25,5,2,3,0
22,32,1219,601,618,50323.9
22,33,1460,743,717,62585.6
22,34,385,202,183,16435.5
22,38,2,1,1,0
22,39,27,15,12,747.2
22,40,3,2,1,0
22,48,68,35,33,2555.3
22,49,3,2,1,0
22,54,15,7,8,480.2
22,55,3340,1653,1687,140917.3
22,56,103,55,48,3792.3
22,57,226,114,112,8035.4
22,58,1175,608,567,46501.3
22,59,1076,532,544,44128.8
22,60,1128,561,567,46720.5
22,61,2914,1469,1445,117688.4
23,8,3395,1676,1719,132338.4
23,9,31810,15721,16089,1264632.9
23,10,2763,1420,1343,97048.2
23,11,382,211,171,13638.2
23,12,342,179,163,13260
23,13,50,22,28,1390
23,14,97,59,38,3137.8
23,15,71,35,36,3147
23,16,1,1,0,0
23,17,40,20,20,1324.7
23,18,55,27,28,1900.9
23,19,155,83,72,6448.1
23,20,1123,555,568,49053.1
23,21,1583,750,833,66452.8
23,22,447,232,215,17923.8
23,25,137,68,69,5700.6
23,28,5,1,4,173
23,30,4,2,2,0
23,31,103,55,48,4182.8
23,32,172,91,81,7429.4
23,33,951,485,466,40181.4
23,34,191,100,91,7498.8
23,37,4,3,1,0
23,40,44,26,18,1563.4
23,41,4,2,2,0
23,48,287,156,131,11945.2
23,54,69,32,37,2997.1
23,55,1223,614,609,50588.8
23,56,2,1,1,0
23,57,258,135,123,10188.1
23,58,251,126,125,9910.9
23,59,671,342,329,25700.2
23,60,1241,646,595,47458.6
23,61,19213,9754,9459,770252.6
23,62,3153,1541,1612,124773
23,64,15,6,9,414.4
24,9,3500,1778,1722,133881.3
24,10,5903,2982,2921,237259.6
24,11,3941,1924,2017,162505.5
24,12,1246,623,623,46817.2
24,13,309,147,162,10572.1
24,14,97,52,45,3426.3
24,15,2,1,1,0
24,16,137,72,65,5256.4
24,17,257,135,122,10939.5
24,18,163,91,72,6720.1
24,19,99,50,49,3338.3
24,20,183,87,96,5935.6
24,21,350,170,180,14882.2
24,22,478,233,245,19847.2
24,24,57,30,27,1925
24,25,3379,1646,1733,142764.9
24,26,130,68,62,5139.3
24,27,6,4,2,0
24,28,67,34,33,3048.4
24,29,97,48,49,3617.6
24,30,163,88,75,6613.4
24,31,52,29,23,1741.4
24,32,10,6,4,0
24,33,2645,1281,1364,112064.4
24,34,681,343,338,26242.4
24,35,6,2,4,131
24,36,781,405,376,27991.4
24,37,39,22,17,1411.4
24,39,61,32,29,2334
24,40,146,75,71,5837.6
24,42,1,0,1,0
24,45,23,13,10,758.2
24,46,186,101,85,7860
24,47,877,445,432,37504.3
24,48,372,175,197,16535.2
24,51,47,20,27,1848.5
24,52,121,60,61,4073.6
24,53,56,28,28,2824.5
24,54,45,27,18,1989.9
24,55,13,7,6,368.8
24,56,371,192,179,16011.4
24,57,1270,637,633,53408.6
24,58,491,269,222,20503.9
24,59,484,262,222,19203.7
24,60,681,336,345,26278.4
24,61,1695,886,809,66897.9
24,62,562,295,267,23332.5
24,64,157,81,76,5478.6
24,65,383,200,183,16615.5
24,66,129,64,65,6045.2
25,10,538,257,281,22226.7
25,11,1290,653,637,54047.4
25,12,1658,850,808,65561.8
25,13,1336,650,686,53789.4
25,14,1109,588,521,45848.1
25,15,12,5,7,399
25,16,1205,580,625,49353.3
25,17,228,126,102,9264.4
25,18,7,4,3,204
25,19,177,90,87,6609.7
25,20,663,347,316,25432.3
25,22,640,317,323,26663.5
25,23,208,108,100,7700
25,24,83,45,38,3535.3
25,25,509,244,265,22211.7
25,26,1015,483,532,44089.9
25,27,421,211,210,17091.2
25,28,29,14,15,1114.6
25,29,574,301,273,23583.9
25,31,137,75,62,5959
25,32,2,2,0,0
25,33,13,6,7,400
25,34,1113,580,533,44974.4
25,35,110,60,50,3986.1
25,36,1269,639,630,48340.7
25,39,677,345,332,28396.2
25,46,88,42,46,3233.4
25,47,854,433,421,36881.2
25,48,4,4,0,0
25,51,273,143,130,11685.4
25,53,16,7,9,454.4
25,54,7,5,2,256.2
25,56,25,12,13,886.3
25,57,60,28,32,2176.5
25,58,738,386,352,30382.7
25,59,1409,704,705,60533.1
25,60,225,118,107,9871.3
25,61,343,168,175,14669.1
25,62,370,197,173,17058.3
25,63,91,44,47,3144.2
25,64,406,211,195,16975.3
25,65,771,389,382,32209.1
25,66,183,83,100,8369.4
26,11,171,95,76,6744.4
26,12,5309,2609,2700,223350.4
26,13,252,130,122,9349.9
26,14,636,331,305,24300.4
26,15,687,337,350,28169
26,16,820,409,411,33822.7
26,17,49,26,23,1671.6
26,18,2281,1090,1191,99600.9
26,19,2866,1448,1418,113676.8
26,20,4557,2227,2330,181381.5
26,21,90,44,46,3181.5
26,22,1142,584,558,46706.7
26,23,593,303,290,25177.2
26,24,138,76,62,4283.8
26,25,135,79,56,5416.2
26,26,7,4,3,0
26,27,18,10,8,583
26,28,311,167,144,12990.1
26,29,1048,525,523,44041.7
26,30,142,78,64,5466.9
26,31,4,2,2,0
26,32,89,50,39,2972.5
26,34,2542,1255,1287,103294.4
26,35,282,155,127,11277.9
26,36,57,27,30,1874.8
26,38,1,1,0,0
26,39,810,424,386,34869.2
26,40,42,26,16,1565.4
26,41,1,0,1,0
26,47,1359,690,669,56597.4
26,50,33,16,17,1545.4
26,51,189,94,95,7169.6
26,55,2,1,1,0
26,56,1018,503,515,39276.2
26,57,395,201,194,17232.7
26,58,186,95,91,6707.8
26,59,273,132,141,11121
26,60,304,163,141,13853.3
26,61,712,354,358,30378.1
26,62,121,65,56,4542.6
26,63,304,158,146,12097.8
26,64,24,11,13,1204.3
26,65,22,10,12,979.8
26,67,79,48,31,3921.5
27,12,84,38,46,3555.8
27,13,5961,2923,3038,262433.8
27,14,3970,2018,1952,157373.9
27,15,123,69,54,4958
27,16,155,80,75,5562.6
27,17,177,90,87,7294.3
27,18,3681,1884,1797,152285.8
27,19,1381,721,660,57114.4
27,20,897,465,432,36211
27,21,10397,5146,5251,434836.4
27,22,682,347,335,25605
27,23,153,87,66,5727.1
27,26,275,143,132,11565.5
27,27,603,287,316,27029.3
27,28,6,4,2,0
27,29,14,6,8,236
27,30,11,6,5,334.4
27,32,2262,1114,1148,96389.3
27,33,792,395,397,33330.3
27,34,1716,818,898,72971.2
27,35,59,35,24,1317.4
27,36,20,10,10,348
27,37,270,142,128,10537.9
27,38,1342,654,688,56166.4
27,39,914,478,436,36537.3
27,40,680,333,347,26635.1
27,43,8,5,3,111
27,46,2,1,1,0
27,47,537,284,253,23167.1
27,49,5,3,2,168
27,50,729,370,359,30957.1
27,56,4538,2273,2265,193257.7
27,57,325,171,154,13491.5
27,58,713,372,341,28380.1
27,59,752,387,365,30598.6
27,60,642,343,299,25033.2
27,61,499,260,239,22176.7
27,62,326,174,152,12831
27,63,1186,590,596,49349.8
27,64,44,25,19,1385.7
27,65,44,23,21,1209
27,66,241,131,110,10761.6
27,67,168,97,71,5594.6
27,68,35,21,14,1234.8
27,69,66,37,29,4348.5
28,13,324,165,159,12918.3
28,14,1102,600,502,45008.8
28,15,257,127,130,11489.7
28,16,1927,992,935,77145
28,17,10751,5316,5435,423508.1
28,18,289,155,134,11214.7
28,19,15,9,6,328.9
28,20,8,5,3,0
28,21,8,6,2,0
28,22,59,27,32,1769.9
28,23,207,103,104,7488.6
28,24,334,173,161,13433.7
28,25,299,156,143,12687.4
28,26,390,203,187,16485.8
28,28,186,95,91,7132.5
28,29,555,267,288,24594.8
28,31,325,173,152,13790
28,32,139,70,69,5653.3
28,35,25,14,11,771.6
28,36,82,44,38,2696.7
28,37,2739,1325,1414,116977.6
28,38,1523,785,738,60975.8
28,39,920,436,484,41170
28,44,2,1,1,0
28,45,64,36,28,2291.2
28,46,69,39,30,2283.9
28,47,1574,777,797,69680.8
28,48,88,47,41,3192.6
28,49,228,123,105,8893.8
28,50,303,153,150,12000.1
28,54,5,1,4,152
28,55,81,43,38,2890.6
28,56,70,37,33,2794.6
28,57,116,60,56,4348.8
28,58,36,20,16,1645.2
28,59,2822,1382,1440,116525.6
28,60,176,100,76,7103.1
28,62,91,48,43,4429.6
28,63,224,122,102,8797.8
28,64,347,170,177,12719.1
28,65,37,17,20,955.5
28,66,132,75,57,4302.5
28,67,445,230,215,17905.8
28,68,867,454,413,33771.7
28,69,313,163,150,14083.9
29,14,330,166,164,13618.8
29,15,13551,6824,6727,545552
29,16,36995,18231,18764,1489189.5
29,17,35317,17327,17990,1429225.9
29,18,3072,1561,1511,118683.2
29,19,28,16,12,559.3
29,20,8,5,3,0
29,21,717,376,341,27232.8
29,22,19399,9763,9636,767254.4
29,23,821,436,385,32188.1
29,24,1349,671,678,51643.6
29,25,401,221,180,15554.5
29,26,290,150,140,11268.7
29,27,585,295,290,24260.9
29,28,269,137,132,9227.2
29,29,7,4,3,405
29,30,60,34,26,2551.1
29,31,586,293,293,25297.9
29,34,4,1,3,0
29,35,145,78,67,5645.9
29,36,1483,751,732,61472.2
29,37,1445,719,726,59580
29,38,101,59,42,3300.7
29,42,3,2,1,0
29,44,34,22,12,1144.5
29,45,355,199,156,15524.5
29,46,1007,494,513,41607.9
29,47,1212,607,605,50982.9
29,48,766,372,394,36137.4
29,49,1764,898,866,74296.5
29,54,124,64,60,4393.4
29,55,92,43,49,3352.7
29,56,9,4,5,397.8
29,59,238,129,109,9800.8
29,60,120,66,54,5040.5
29,61,4,2,2,0
29,62,382,182,200,15590.5
29,63,86,45,41,3417.6
29,64,210,111,99,7666.9
29,65,27,10,17,824.8
29,66,197,99,98,6676.9
29,67,1539,807,732,57586.2
29,68,1824,896,928,72228
29,69,2,1,1,0
30,14,1217,627,590,53537.7
30,15,1602,801,801,63169.6
30,16,993,515,478,39933
30,17,485,257,228,17957.7
30,18,864,450,414,34084.3
30,19,22,15,7,703.7
30,20,294,159,135,11812.3
30,21,966,505,461,36475.8
30,22,3578,1880,1698,138161.9
30,23,1416,733,683,43513.2
30,24,86,49,37,3220.7
30,25,371,189,182,15047.3
30,26,1450,711,739,62502.1
30,27,515,247,268,21456.5
30,28,1048,508,540,41848.5
30,29,138,71,67,5641.5
30,30,285,154,131,11627.6
30,33,160,74,86,7029.8
30,34,117,67,50,4992.7
30,35,1524,807,717,60798.8
30,36,745,357,388,31565.3
30,37,199,109,90,7240.4
30,38,88,51,37,3379.3
30,42,34,19,15,998.6
30,43,468,243,225,20664.2
30,44,5,3,2,147
30,45,561,297,264,23991.3
30,46,1396,697,699,57058.6
30,47,442,224,218,18294
30,48,59,28,31,2244.5
30,50,10,7,3,112
30,55,136,73,63,4908.7
30,56,30,15,15,1036.8
30,60,1514,741,773,64664.1
30,61,8,5,3,0
30,62,169,89,80,6717.5
30,63,3154,1568,1586,128440.8
30,64,250,127,123,8260.6
30,65,602,323,279,25286.7
30,66,1270,628,642,51436.2
30,67,758,410,348,29212.3
30,70,8,5,3,0
31,14,620,287,333,27438.2
31,15,30953,15189,15764,1285663.4
31,16,1889,966,923,68666.7
31,17,2094,1090,1004,81560.9
31,18,746,400,346,27138.2
31,19,1667,848,819,70278.9
31,20,1758,880,878,73691.6
31,21,163,79,84,5810.2
31,22,220,126,94,7626.1
31,23,22373,11210,11163,886205.6
31,24,2812,1448,1364,111413.7
31,25,7685,3898,3787,308483.9
31,26,1069,557,512,41206.7
31,27,559,292,267,22625.5
31,28,729,376,353,32994.7
31,29,156,76,80,6558.8
31,30,121,69,52,4264.6
31,32,352,184,168,13796.2
31,33,591,300,291,26482.1
31,34,135,70,65,4640.2
31,35,328,172,156,12940.6
31,36,84,49,35,3020.3
31,37,71,43,28,2051.6
31,38,2,1,1,0
31,41,67,37,30,2818.2
31,42,1,1,0,0
31,43,545,280,265,21900.1
31,44,1251,632,619,51539.2
31,45,866,444,422,35714
31,46,2182,1078,1104,93201.8
31,47,19,9,10,697.6
31,50,2,1,1,0
31,51,22,12,10,566.2
31,53,12,6,6,372.6
31,54,16,8,8,483
31,55,433,233,200,17716.3
31,59,46,24,22,1570.7
31,60,431,225,206,16784.9
31,61,181,93,88,7359.8
31,62,23,10,13,744.2
31,63,214,110,104,8303.1
31,64,73,43,30,2453.3
31,65,157,89,68,5803.9
31,66,408,223,185,15255.3
31,67,44,24,20,1546.1
31,70,39,21,18,1250.5
32,15,4952,2514,2438,199260.4
32,16,41882,20579,21303,1689451.8
32,17,3026,1582,1444,110161.2
32,18,4482,2274,2208,167967
32,19,2341,1227,1114,89100.1
32,20,2979,1515,1464,117217.7
32,21,3183,1564,1619,132878.1
32,22,4329,2123,2206,165077.2
32,23,45433,22285,23148,1770434.8
32,24,27,13,14,995.3
32,25,2964,1387,1577,129106.1
32,26,1720,869,851,70078.2
32,27,1533,787,746,60276.6
32,28,845,437,408,33028.5
32,29,45,18,27,1451.9
32,30,312,172,140,11909.1
32,31,158,87,71,6997.5
32,32,409,209,200,19421.8
32,33,98,52,46,4137.9
32,35,791,421,370,29746
32,36,213,117,96,8932.4
32,37,318,152,166,12521.1
32,38,16,12,4,609.6
32,40,124,72,52,6312.1
32,41,131,69,62,5045
32,42,15,7,8,725.6
32,43,1927,1000,927,77319.8
32,44,2644,1303,1341,113544.1
32,45,12,7,5,271
32,50,133,77,56,5292.3
32,51,4,2,2,0
32,53,41,22,19,1728
32,54,562,279,283,20744.4
32,55,5138,2518,2620,210639.2
32,56,4,2,2,0
32,57,136,77,59,5705.5
32,59,1,1,0,0
32,60,672,332,340,27597.3
32,61,366,190,176,13507.7
32,62,140,74,66,5065
32,63,79,46,33,2577.9
32,64,292,155,137,11742.4
32,65,47,28,19,1557.4
32,66,191,92,99,8378
32,67,128,67,61,5109.6
32,68,14,9,5,254.1
33,15,1058,547,511,47861.5
33,16,8110,4057,4053,332988.2
33,17,35374,17342,18032,1409108.6
33,18,11833,5931,5902,460136.4
33,19,8266,4164,4102,310465.5
33,20,10762,5333,5429,445152.8
33,21,5205,2607,2598,195157.9
33,22,14149,7107,7042,515857.3
33,23,39910,20109,19801,1590640.8
33,24,9841,4981,4860,371343.4
33,25,783,417,366,28205.4
33,26,3401,1689,1712,138816.8
33,27,11197,5558,5639,454853
33,28,10292,5054,5238,428986.1
33,29,1456,740,716,57326.3
33,30,32,19,13,1318.6
33,31,107,51,56,4159
33,32,10,5,5,207
33,34,306,160,146,11933.4
33,35,4239,2033,2206,179889.9
33,36,998,509,489,39635.5
33,37,456,232,224,19087.8
33,38,49,24,25,2208.8
33,39,1171,578,593,52757.2
33,40,467,239,228,19636
33,41,25,14,11,760.2
33,42,21,17,4,422.5
33,43,2344,1170,1174,101484.3
33,44,144,85,59,5472.7
33,45,2,1,1,0
33,47,7,3,4,0
33,48,84,42,42,2858.8
33,49,586,286,300,26303.7
33,50,281,161,120,11295.9
33,55,360,185,175,12844.9
33,56,42,23,19,1536.2
33,57,214,115,99,8928.4
33,58,431,224,207,17658.8
33,59,770,397,373,32221.5
33,60,1337,650,687,59741.8
33,61,2370,1241,1129,89448.9
33,62,1791,916,875,67097
33,63,98,48,50,3292
33,64,78,41,37,2795.6
33,65,27,12,15,795
33,66,543,274,269,22618.5
33,67,4468,2233,2235,178525.7
33,68,731,402,329,29361
33,69,25,13,12,1156.7
34,16,278,140,138,13867.4
34,17,17191,8420,8771,712092.6
34,18,9835,4903,4932,382470.5
34,19,20448,10129,10319,831973
34,20,1347,692,655,58577.6
34,21,5975,2973,3002,246378.6
34,22,6570,3319,3251,253883.5
34,23,28053,14082,13971,1050745.7
34,24,62314,30687,31627,2426554.5
34,25,28050,13902,14148,1079550.2
34,26,148,79,69,5431.4
34,27,1753,898,855,69023.3
34,28,7849,3870,3979,316286.5
34,29,1361,708,653,55786.6
34,30,532,278,254,20525
34,31,425,207,218,17028.1
34,32,441,241,200,19991.1
34,33,2552,1252,1300,111787.4
34,34,1252,651,601,51271.9
34,35,872,441,431,36397.5
34,36,514,268,246,20408.7
34,37,2,0,2,0
34,38,550,290,260,21136.5
34,39,3779,1935,1844,153299.8
34,40,2443,1263,1180,102127.2
34,41,724,376,348,30035.4
34,42,1714,855,859,72985.3
34,43,1618,785,833,71392.5
34,44,36,13,23,1228.5
34,45,3,2,1,0
34,46,56,31,25,2135.4
34,47,14,8,6,523.8
34,49,310,157,153,13127.4
34,50,134,70,64,4822.8
34,55,19,7,12,434.6
34,56,378,203,175,14822.6
34,57,1201,591,610,51921.5
34,58,56,27,29,1874.4
34,59,1,1,0,0
34,60,418,215,203,16305.3
34,61,172,91,81,5448.6
34,62,5757,2834,2923,237358.5
34,63,3164,1606,1558,120909.9
34,64,288,156,132,11888.8
34,65,1828,963,865,73352.6
34,66,1373,679,694,60538.8
34,67,1144,593,551,45392
34,68,1896,906,990,81829
34,69,1129,570,559,46054.1
34,71,1,0,1,0
35,17,3611,1799,1812,146081.1
35,18,6086,3084,3002,244683.7
35,19,40214,19888,20326,1635815.1
35,20,9013,4480,4533,344044.8
35,21,6714,3394,3320,253384.8
35,22,15626,7662,7964,625702.6
35,23,7166,3589,3577,274763.4
35,24,47905,23557,24348,1850031
35,25,117162,56612,60550,4602771.9
35,26,474,247,227,18378.8
35,27,3,3,0,0
35,28,1723,863,860,62175.6
35,29,6669,3322,3347,279298.1
35,30,8811,4349,4462,358737.7
35,31,694,361,333,28542.8
35,32,993,503,490,39919.9
35,33,1675,877,798,69144.4
35,34,1265,642,623,49078
35,35,1551,784,767,62693.3
35,36,735,394,341,29226.4
35,37,2516,1320,1196,95170.2
35,38,23780,11468,12312,975791
35,39,2993,1530,1463,118236.7
35,40,1105,557,548,46114.6
35,42,86,45,41,3147.1
35,43,1,0,1,0
35,45,43,25,18,1223.7
35,46,7,5,2,0
35,50,102,53,49,3125.9
35,54,166,82,84,6757.4
35,55,137,65,72,5425.3
35,56,15,8,7,478.2
35,57,88,46,42,2264.6
35,58,1122,563,559,43418.5
35,59,354,181,173,13056.5
35,60,1345,694,651,47807.9
35,61,957,495,462,36733.9
35,62,4431,2300,2131,159853.5
35,63,3882,1969,1913,148085.2
35,64,954,507,447,36233.8
35,65,1734,884,850,64041.5
35,66,1136,567,569,44934
35,67,558,274,284,23166.3
35,68,223,109,114,9646.7
35,69,224,120,104,9306.5
35,70,375,198,177,15656.7
35,71,436,237,199,19564.9
35,72,3,2,1,0
36,15,2857,1450,1407,119368.7
36,16,14155,6922,7233,568507.8
36,17,31860,15698,16162,1310030.6
36,18,5216,2666,2550,219604.5
36,19,2039,1051,988,75115.2
36,20,2866,1466,1400,105882.3
36,21,6205,3144,3061,239938
36,22,28207,14091,14116,1087279.7
36,23,52994,26405,26589,1959806.1
36,24,209025,103989,105036,7732866.9
36,25,263282,131485,131797,9427546.9
36,26,3818,1934,1884,142249.2
36,27,2819,1379,1440,109958.7
36,28,2798,1403,1395,108254.6
36,29,445,215,230,17164.1
36,30,20,12,8,508.2
36,31,177,90,87,7088.4
36,32,1915,995,920,82051
36,33,8667,4326,4341,362225.1
36,34,25041,12356,12685,1011187.5
36,35,2187,1119,1068,86648.4
36,36,7554,3753,3801,325463.6
36,37,1452,707,745,56203.2
36,38,948,472,476,35379.2
36,39,24,9,15,882.2
36,43,4,2,2,0
36,44,6,3,3,0
36,45,61,30,31,2440
36,49,588,308,280,22826.6
36,50,76,36,40,2380.5
36,51,30,20,10,1136.6
36,52,47,22,25,1537.6
36,53,73,44,29,2197.5
36,54,120,58,62,4321
36,57,110,54,56,3969.5
36,58,418,214,204,15433.8
36,59,2498,1246,1252,99142.4
36,60,760,378,382,31929.2
36,61,3554,1840,1714,135809
36,62,8535,4260,4275,319039.5
36,63,67181,33561,33620,2479355.7
36,64,14024,7135,6889,538384.9
36,65,947,467,480,37782.2
36,66,207,119,88,8184.9
36,67,368,207,161,14973.8
36,68,51,27,24,1793.2
36,69,92,46,46,3472.9
36,70,1523,732,791,63679.5
36,71,69,39,30,2650.9
36,72,458,229,229,19158.9
36,73,1,1,0,0
37,14,663,329,334,31739.1
37,15,784,393,391,34719.3
37,16,2507,1284,1223,100732.2
37,17,55083,27240,27843,2197549.7
37,18,4300,2119,2181,167770
37,19,1010,509,501,39014.6
37,20,658,352,306,23855.3
37,21,6766,3362,3404,264610.5
37,22,7040,3552,3488,261378.5
37,23,1772,965,807,66812.8
37,24,15315,7626,7689,587236.8
37,25,145412,72812,72600,5484223.3
37,26,11528,5820,5708,433673.2
37,27,3150,1650,1500,111409.7
37,28,3178,1616,1562,122501.3
37,29,266,143,123,10581.6
37,30,205,112,93,7617.6
37,31,59,31,28,1934.3
37,32,1689,868,821,70074.2
37,33,7780,3817,3963,334186.7
37,34,2923,1492,1431,119810.7
37,35,6522,3290,3232,269627.8
37,36,1948,1009,939,76825.2
37,37,608,308,300,23016.9
37,38,24,15,9,632.7
37,39,45,28,17,1570.5
37,43,1,1,0,0
37,45,121,70,51,5017.7
37,48,112,60,52,4516
37,49,1371,672,699,55880.9
37,50,382,187,195,14706.5
37,51,1163,585,578,43882.1
37,52,86,45,41,3136.6
37,56,4,2,2,0
37,57,191,97,94,7165
37,58,488,238,250,19274.4
37,59,274,150,124,10688.4
37,61,71,38,33,2370.7
37,62,5710,2910,2800,201435.3
37,63,40159,20412,19747,1485358.9
37,64,57806,29244,28562,2172527.4
37,65,209,102,107,8388.9
37,66,32,15,17,1281.3
37,67,133,69,64,5324.7
37,68,4,2,2,0
37,69,107,56,51,3764.5
37,70,408,227,181,16428.5
37,71,21,12,9,648
37,72,195,97,98,7745.3
37,73,263,139,124,11084
37,74,7,4,3,0
38,15,1527,800,727,58411.1
38,16,3385,1741,1644,132318.5
38,17,13831,6955,6876,536312.2
38,18,2831,1430,1401,109024.9
38,19,3156,1581,1575,121485.7
38,20,2280,1187,1093,86420.6
38,21,16182,8020,8162,640041.3
38,22,938,490,448,34115.6
38,23,5447,2776,2671,198807.7
38,24,9605,4867,4738,360125.7
38,25,16510,8355,8155,604645.7
38,26,15459,7876,7583,554528.9
38,27,18716,9416,9300,688227.8
38,28,15791,7993,7798,576567.3
38,29,1867,964,903,73732.9
38,30,1749,870,879,73590.8
38,31,1038,550,488,41801.4
38,32,747,383,364,29435.2
38,33,982,475,507,36576.1
38,34,31629,15323,16306,1330066.3
38,35,10399,5168,5231,413863.7
38,36,959,508,451,34517.4
38,41,43,21,22,1843.2
38,42,201,137,64,7385.3
38,43,938,500,438,38095.9
38,44,59,35,24,1906.8
38,45,34,16,18,1245
38,46,42,21,21,1230.5
38,47,6,4,2,0
38,48,70,32,38,2401.6
38,49,385,198,187,15549
38,50,11,5,6,352
38,51,3098,1507,1591,127290.3
38,52,466,236,230,17574.6
38,53,25,13,12,794.6
38,54,3,2,1,0
38,57,6,4,2,0
38,58,536,269,267,22286.2
38,62,138,73,65,4007.6
38,63,2500,1308,1192,87884.3
38,64,7875,4006,3869,288334.8
38,65,1693,838,855,69584.9
38,66,1916,934,982,80914.5
38,67,393,209,184,14536.7
38,68,66,40,26,2466.9
38,69,18,7,11,473
38,70,65,33,32,2709.7
38,71,81,43,38,3388.8
38,72,22,11,11,612.8
38,73,488,256,232,21775
38,74,439,225,214,18181.9
38,75,34,18,16,1243.2
39,13,153,75,78,5743.5
39,14,372,187,185,14534.5
39,15,12757,6312,6445,525689.6
39,16,13947,6896,7051,554362.3
39,17,422,237,185,14886.3
39,18,1374,730,644,53211.9
39,19,5693,2788,2905,232399
39,20,8896,4370,4526,355898
39,21,3456,1743,1713,141638.3
39,22,2008,1056,952,79123.1
39,23,1259,649,610,47436.6
39,24,553,308,245,20568.1
39,25,7608,3761,3847,297804
39,26,5470,2802,2668,206232.5
39,27,6678,3397,3281,223509.1
39,28,3543,1827,1716,128749.9
39,29,7150,3537,3613,291927.5
39,30,1533,773,760,60733.3
39,31,549,288,261,22333.3
39,32,1561,798,763,64455.7
39,33,5394,2646,2748,226501
39,34,7385,3770,3615,295275.3
39,35,2607,1346,1261,102016.8
39,37,11,7,4,327.6
39,38,20,10,10,697.1
39,40,64,36,28,2962.8
39,41,132,75,57,4727.8
39,42,42,22,20,1214.7
39,43,713,331,382,32901.2
39,44,288,148,140,12232
39,45,603,293,310,29555.6
39,46,381,195,186,17793.8
39,47,251,135,116,10519.8
39,48,44,25,19,1072.5
39,49,55,28,27,2255.8
39,50,87,51,36,3299.1
39,52,960,492,468,39749.4
39,53,251,131,120,9220.7
39,54,144,77,67,5755.9
39,58,97,48,49,4035.3
39,59,5,3,2,0
39,60,11,6,5,0
39,61,532,277,255,21226.3
39,62,500,272,228,19615.6
39,63,2787,1407,1380,108253.4
39,64,17576,8685,8891,681396.4
39,65,1329,692,637,50404.1
39,66,520,280,240,19428.9
39,67,44,23,21,1421.1
39,68,32,18,14,947.8
39,69,84,43,41,3931
39,70,29,15,14,918.2
39,73,21,12,9,1293.3
39,74,21,11,10,901.5
39,75,314,171,143,13138.1
39,76,16,6,10,297.6
39,78,1,0,1,0
39,80,11,4,7,375.8
40,13,185,99,86,7246
40,14,310,169,141,11519.6
40,15,65,32,33,1560.4
40,16,328,180,148,12891.7
40,17,122,66,56,4557.6
40,18,341,186,155,11835.8
40,19,76,43,33,2223.9
40,20,753,387,366,30395.4
40,21,570,294,276,22667
40,22,1398,694,704,58120.3
40,23,2858,1467,1391,117300.7
40,24,7603,3796,3807,298225.6
40,25,551,272,279,21752.8
40,26,4142,2081,2061,166254.8
40,27,5457,2681,2776,235682.1
40,28,1807,920,887,72308.3
40,29,349,185,164,14970.7
40,30,1853,913,940,81855.8
40,31,29,19,10,528
40,32,193,105,88,7703.5
40,33,2292,1155,1137,93532.4
40,34,4246,2082,2164,175877.6
40,35,1229,645,584,48837
40,36,226,122,104,8519.5
40,37,413,232,181,16345
40,38,3234,1653,1581,128886.3
40,39,206,117,89,8362.5
40,40,102,40,62,5000.9
40,41,37,18,19,1466.4
40,42,18,9,9,226.1
40,43,5,3,2,0
40,44,94,50,44,3750.1
40,45,30,13,17,1533.3
40,51,7,4,3,466.2
40,52,74,34,40,2907.2
40,53,1346,678,668,56606.7
40,54,177,93,84,6945.7
40,56,105,58,47,4626.4
40,57,335,179,156,14425.4
40,58,449,219,230,19417.3
40,60,2,1,1,0
40,61,2351,1199,1152,100842.1
40,62,572,289,283,21454.6
40,63,508,263,245,17212.2
40,64,2939,1498,1441,107894
40,65,1267,631,636,48299.2
40,66,1158,609,549,42345.6
40,67,640,318,322,25269
40,68,896,463,433,36628.6
40,69,173,87,86,6561.8
40,70,390,198,192,17419.9
40,72,4,3,1,0
40,73,12,7,5,499.2
40,74,17,9,8,880.5
40,75,580,294,286,22859.3
40,76,108,56,52,3464.2
40,77,5,2,3,295
40,79,17,10,7,242.1
40,80,274,148,126,10211.6
40,81,28,13,15,852.1
41,15,4,2,2,0
41,16,645,320,325,27029.9
41,17,427,216,211,16288.4
41,18,295,162,133,10910.6
41,19,2355,1174,1181,100284.9
41,20,186,89,97,7526.9
41,21,2,1,1,0
41,22,144,84,60,5282.9
41,23,675,338,337,27160.4
41,24,114,59,55,4050.6
41,25,65,32,33,2161.4
41,26,102,50,52,3689
41,27,959,489,470,38791.8
41,28,4111,2003,2108,176704.3
41,29,1188,622,566,49547.7
41,30,2035,1017,1018,88128.1
41,31,63,35,28,2539
41,33,27,14,13,838.2
41,34,1369,699,670,55805.6
41,35,15537,7474,8063,623970
41,36,902,468,434,34984.8
41,37,19,12,7,428
41,38,94,51,43,3283.4
41,39,47,26,21,1024.4
41,40,90,49,41,3316
41,41,6,4,2,0
41,44,4,2,2,0
41,47,1,1,0,0
41,50,98,57,41,4231.2
41,51,27,13,14,760.5
41,52,83,45,38,2938.3
41,53,67,32,35,3288
41,54,4087,1976,2111,173804.6
41,55,330,160,170,13685.8
41,56,153,83,70,5618.4
41,57,900,422,478,40236.1
41,58,37,17,20,1599.7
41,59,28,15,13,1127.6
41,60,81,45,36,3713
41,61,1,1,0,0
41,63,58,29,29,1329.4
41,64,567,303,264,20726.7
41,65,78,40,38,2707.6
41,66,2746,1374,1372,107191.2
41,67,11315,5528,5787,445391.6
41,68,2578,1254,1324,108402.7
41,69,1371,681,690,51215.2
41,70,926,472,454,38412.3
41,71,1284,649,635,53511.1
41,72,916,462,454,39046.5
41,73,322,172,150,13064.7
41,74,51,29,22,1479.2
41,75,297,140,157,13099.9
41,76,114,63,51,3861.9
41,77,152,79,73,5504.1
41,78,157,74,83,5745
41,79,158,81,77,5574.6
41,80,231,133,98,7967.3
41,81,17,8,9,555.5
42,21,29,17,12,887.3
42,22,492,249,243,21387.5
42,23,30,18,12,1490
42,24,79,52,27,2017.2
42,25,36,19,17,681.4
42,26,69,38,31,2973.3
42,27,860,440,420,34716.4
42,28,1734,886,848,68603
42,29,74,39,35,2142.3
42,31,74,45,29,2685.8
42,32,741,352,389,35008.7
42,33,2492,1265,1227,109895.2
42,34,649,330,319,24122.4
42,35,399,215,184,15434.6
42,36,1172,579,593,49324.9
42,37,72,37,35,2770.4
42,39,75,34,41,1768.3
42,40,290,143,147,12954.6
42,41,42,23,19,1878
42,42,1,1,0,0
42,43,1,1,0,0
42,44,36,21,15,1075
42,45,58,27,31,2810.5
42,46,27,12,15,1155.6
42,48,58,33,25,2403.3
42,49,35,20,15,1190.4
42,50,3,2,1,0
42,51,34,16,18,1059.6
42,52,1,1,0,0
42,53,49,27,22,1714.6
42,54,163,88,75,5998.1
42,55,144,70,74,4837.7
42,59,248,111,137,10681.4
42,64,144,73,71,5097.4
42,66,86,49,37,3274.9
42,67,9959,5004,4955,401284
42,68,3223,1606,1617,118264.6
42,69,2878,1442,1436,114088.4
42,70,11820,5752,6068,506086.4
42,71,1488,762,726,54748.2
42,72,35,20,15,1090.2
42,73,23,15,8,624.3
42,74,1119,589,530,42229.8
42,75,936,481,455,30785.6
42,76,473,240,233,18134.4
42,77,411,202,209,17385.8
42,78,169,97,72,5509.3
42,79,4082,2056,2026,155681.1
42,80,560,286,274,19319.5
43,24,501,255,246,19776.4
43,25,2439,1164,1275,107199.4
43,26,601,316,285,23874.3
43,27,12641,6070,6571,531751.3
43,28,1747,897,850,72033.2
43,29,1247,652,595,51690.2
43,30,2798,1348,1450,127031.5
43,31,2218,1112,1106,94371.1
43,32,4031,1954,2077,181493.8
43,33,780,430,350,33846.1
43,34,7,4,3,0
43,35,95,54,41,3246.9
43,36,53,26,27,1993
43,37,98,50,48,3667.4
43,38,175,98,77,6585
43,39,87,43,44,2398.2
43,40,183,83,100,6192.4
43,41,56,29,27,1483.4
43,42,28,11,17,952.6
43,43,3,1,2,0
43,44,14,5,9,104
43,45,219,106,113,9642.7
43,46,36,17,19,959
43,47,31,20,11,1284.7
43,49,7,4,3,232.2
43,50,52,30,22,1930
43,51,55,26,29,2403
43,52,12,7,5,460.9
43,53,17,8,9,680
43,54,144,80,64,4382.5
43,55,315,163,152,12869.3
43,56,1,1,0,0
43,58,33,16,17,1163.8
43,59,451,227,224,20014.4
43,61,1,1,0,0
43,62,9,4,5,255
43,63,2180,1089,1091,92641.2
43,64,2,1,1,0
43,67,2064,1067,997,80310.2
43,68,1348,707,641,47590.4
43,69,811,432,379,30112
43,70,2148,1122,1026,79693.8
43,71,1263,679,584,46944.4
43,72,1,1,0,0
43,73,83,42,41,2826.2
43,74,491,255,236,18001.9
43,75,9684,4730,4954,382468.2
43,76,223,113,110,8142.3
43,77,49,24,25,2002.3
43,78,108,51,57,4522.2
43,79,2242,1102,1140,90883.8
43,80,261,137,124,9307.5
43,81,37,21,16,1573
43,82,34,16,18,1083.7
44,24,1284,617,667,55903.8
44,25,1287,643,644,54400.9
44,26,348,190,158,12853.7
44,27,94,57,37,2094.7
44,28,623,303,320,25263.6
44,29,36,19,17,1182.8
44,30,505,268,237,22503.6
44,31,350,185,165,14530.3
44,32,778,404,374,35316
44,33,164,83,81,7434.9
44,34,22,11,11,1060.2
44,35,28,17,11,1528.9
44,37,81,44,37,3287.4
44,38,271,134,137,11739
44,39,149,80,69,6182.1
44,40,41,22,19,1165.3
44,41,553,279,274,22765.8
44,42,95,52,43,4120.2
44,43,131,69,62,4831.3
44,44,128,63,65,5124.5
44,45,6,4,2,0
44,46,440,212,228,19339
44,47,3,1,2,0
44,48,29,15,14,706.3
44,49,48,22,26,2317
44,50,4,2,2,0
44,51,6,3,3,0
44,54,21,11,10,650.9
44,55,58,32,26,2258
44,57,83,40,43,3541.4
44,58,15,7,8,715.4
44,62,68,31,37,1899.9
44,63,259,137,122,10220.3
44,65,13,6,7,243
44,66,7,4,3,236
44,67,634,346,288,22504.1
44,68,156,81,75,5710
44,69,77,40,37,1870.1
44,70,359,198,161,13703.9
44,71,509,255,254,19443.1
44,72,144,74,70,5210.1
44,74,33,18,15,1405.9
44,75,1325,671,654,49229.6
44,76,19,11,8,113
44,78,32,15,17,1626.9
44,79,110,64,46,4430.6
44,80,151,79,72,4191.9
44,81,238,129,109,10310.2
44,82,349,170,179,14826.5
45,25,284,150,134,11699.3
45,26,546,274,272,23735
45,27,140,68,72,5385
45,28,127,70,57,4514.9
45,29,130,72,58,5301.3
45,30,253,118,135,11058.6
45,31,34,22,12,802.8
45,32,182,98,84,6845
45,33,150,78,72,5421.7
45,34,8,4,4,243
45,35,26,16,10,1210.9
45,37,40,20,20,1713.6
45,38,12,6,6,636
45,39,1358,691,667,52222.6
45,40,2188,1071,1117,96523.9
45,41,39,23,16,970
45,42,37,17,20,688.5
45,43,2,2,0,0
45,46,25,15,10,885.9
45,48,10,4,6,447.3
45,49,5,2,3,327
45,62,19,10,9,483
45,66,47,30,17,1899
45,67,30,16,14,1206.7
45,68,109,53,56,4093.6
45,69,16,9,7,168
45,70,1,1,0,0
45,71,26,14,12,803.6
45,72,79,45,34,2891.3
45,74,34,17,17,1459.2
45,75,2155,1098,1057,83781.2
45,78,91,53,38,3667.2
45,79,30,17,13,1349.6
45,80,157,87,70,6594.5
45,81,68,37,31,2426.9
45,82,208,101,107,9419.2
45,83,1,1,0,0
45,87,6,2,4,229.2
45,88,440,227,213,17732.3
45,89,219,120,99,9844.1
46,26,3,1,2,0
46,27,6,2,4,0
46,28,22,13,9,903.8
46,29,27,15,12,860.2
46,30,22,12,10,626
46,31,33,14,19,1153.6
46,32,14,8,6,0
46,33,5,3,2,0
46,37,67,33,34,2028
46,38,209,110,99,7707.9
46,39,332,178,154,13734.4
46,40,19,11,8,758.1
46,41,35,20,15,1364.2
46,42,52,28,24,2087.6
46,66,7,5,2,177
46,67,8,5,3,262.8
46,71,19,10,9,317
46,72,488,258,230,18557.6
46,73,9,4,5,316.8
46,74,10,4,6,478
46,75,696,374,322,27909.7
46,76,320,168,152,12599.8
46,80,266,144,122,10833.5
46,81,27,15,12,827.2
46,82,228,117,111,9133.9
46,83,220,121,99,7485.5
46,84,826,394,432,33911.1
46,85,873,441,432,33787.3
46,86,1141,589,552,39522.8
46,87,1,1,0,0
46,88,526,258,268,23169.6
46,89,13,6,7,388.3
46,90,3,3,0,0
46,91,69,39,30,3765.2
46,93,1,1,0,0
46,97,1,1,0,0
46,108,1,1,0,0
47,37,53,30,23,2322
47,38,24,14,10,1132.1
47,39,69,35,34,2910.4
47,40,224,111,113,10661.6
47,41,18,8,10,529.8
47,67,12,7,5,347.2
47,71,29,16,13,1007
47,72,1373,687,686,58962.2
47,73,32,18,14,963.3
47,74,282,156,126,11041.6
47,75,1150,570,580,48172.1
47,76,612,300,312,25038.7
47,77,266,140,126,10714.2
47,78,111,54,57,3473.8
47,79,125,62,63,5109.4
47,80,31,17,14,1228.7
47,81,19,11,8,526.4
47,82,758,374,384,33815.1
47,83,63,39,24,2361.2
47,84,210,113,97,7640.3
47,85,475,253,222,19089.9
47,86,5351,2568,2783,209806.4
47,87,128,71,57,5453.8
47,88,49,35,14,1610.1
47,90,77,41,36,3417.3
47,91,463,236,227,19347.8
47,92,1221,628,593,49744.2
47,93,18,11,7,459.8
47,94,5,2,3,259
47,97,424,226,198,15643.9
47,98,61,32,29,3214.9
47,109,565,288,277,23743.8
48,39,34,20,14,1143.3
48,70,2,1,1,0
48,72,56,24,32,2579
48,73,109,60,49,4050.3
48,74,12,6,6,423
48,76,177,92,85,6842.3
48,77,16,7,9,264.8
48,79,2,1,1,0
48,81,99,49,50,3777.5
48,82,70,36,34,2624.4
48,83,1,1,0,0
48,84,35,18,17,645.8
48,85,522,255,267,20679.3
48,86,35,20,15,973.5
48,88,287,136,151,12434.1
48,89,233,123,110,9059.1
48,90,304,160,144,13364.9
48,91,599,310,289,22305.6
48,92,1333,684,649,48895.8
48,93,498,246,252,18279.3
48,94,135,69,66,5681.4
48,96,448,240,208,14477.4
48,100,10,6,4,563.4
49,77,72,37,35,2872.6
49,78,137,69,68,6259
49,79,18,9,9,507.6
49,83,27,11,16,973.6
49,84,129,68,61,3821.6
49,85,18,11,7,362.7
49,88,10,8,2,166.2
49,89,8,3,5,253.8
49,90,10,7,3,354
49,91,51,25,26,1546
49,92,5401,2680,2721,217293.3
49,93,394,201,193,16032.7
49,94,382,205,177,15720
49,95,5,3,2,0
49,96,305,146,159,13912.2
49,98,118,62,56,4754.5
50,71,2,2,0,0
50,76,10,6,4,449
50,77,19,10,9,717.6
50,78,3,3,0,0
50,79,192,88,104,7294
50,80,12,6,6,391.2
50,84,23,12,11,1016.7
50,91,39,22,17,981.7
50,92,1229,629,600,48028.1
50,93,79,39,40,3301.6
50,94,126,66,60,4313.9
50,95,4,2,2,0
50,96,402,205,197,16990.1
50,97,73,39,34,2360.4
50,98,46,25,21,918.2
50,110,709,351,358,28922.7
50,111,47,26,21,2076.6
51,75,8,4,4,261
51,76,9,6,3,507.6
51,77,36,17,19,1210
51,79,79,39,40,3022.4
51,80,287,146,141,12206
51,81,51,28,23,1567.3
51,87,11,8,3,468
51,88,22,13,9,622
51,89,316,164,152,11789.9
51,90,10015,5014,5001,416671.4
51,91,811,427,384,32224.2
51,92,64,34,30,2672.6
51,93,189,100,89,7685.2
51,94,1660,832,828,62610.6
51,95,140,73,67,5285.3
51,96,202,111,91,8729.5
51,97,331,177,154,15120
51,98,91,51,40,2729.2
51,99,213,106,107,8306.4
51,113,931,502,429,41930.6
51,114,8,5,3,0
52,74,30,14,16,1000.7
52,75,100,49,51,3928.4
52,77,22,12,10,610.2
52,78,40,16,24,1235.7
52,79,25,16,9,782.8
52,81,36,17,19,1449.2
52,82,70,38,32,2424.4
52,83,11,6,5,139
52,84,2,1,1,0
52,85,100,53,47,3867.2
52,86,880,462,418,37404.4
52,87,222,117,105,8002.1
52,88,35,20,15,1033
52,89,122,63,59,3940.1
52,90,867,468,399,32635.8
52,91,466,254,212,17401.2
52,92,272,142,130,11145.2
52,94,104,62,42,4665.4
52,95,35,19,16,1324
52,97,157,75,82,5600.8
52,98,51,32,19,1504.8
52,99,358,181,177,12511.8
52,100,165,89,76,5320.7
52,101,182,89,93,8598.8
52,113,159,86,73,6000
52,114,266,142,124,11467.3
52,115,577,280,297,25777.2
53,71,16,8,8,333.9
53,72,154,81,73,5906.9
53,73,36,21,15,1103.2
53,74,328,158,170,15046.6
53,75,98,52,46,3882.6
53,76,50,25,25,1753.5
53,77,33,18,15,661
53,78,46,26,20,1567.2
53,79,291,144,147,11665.9
53,80,29,14,15,1158.2
53,84,12,7,5,91
53,85,33,23,10,571.9
53,86,100,52,48,2648.3
53,87,2,1,1,0
53,89,4,3,1,0
53,90,50,26,24,1403.9
53,92,150,80,70,5773.4
53,93,94,50,44,4472.2
53,94,1351,673,678,57197.8
53,95,577,290,287,22131.3
53,97,2,1,1,0
53,99,239,119,120,8620.8
53,100,1370,676,694,53849.4
53,101,213,106,107,8709.7
53,102,364,187,177,14064.2
53,114,37,19,18,1489.2
53,115,3204,1610,1594,121792.6
53,116,130,61,69,4823.1
54,70,7,4,3,0
54,71,149,78,71,6267.4
54,72,197,101,96,8158.2
54,74,7,4,3,0
54,75,51,29,22,1674.7
54,77,8,5,3,268
54,79,29,17,12,856.1
54,86,6,1,5,0
54,87,51,29,22,1925.1
54,88,40,19,21,994.8
54,90,121,69,52,4466.2
54,91,238,131,107,10193.2
54,92,1205,621,584,50711.4
54,93,866,442,424,33019.5
54,94,518,273,245,18108
54,95,189,98,91,7593.5
54,96,4,4,0,0
54,97,10,7,3,0
54,99,5,3,2,0
54,100,180,95,85,6391.5
54,101,2578,1299,1279,106808.9
54,102,523,263,260,21280.5
54,104,2,2,0,0
54,105,10,7,3,367.8
54,106,20,10,10,680
54,115,3001,1435,1566,122396.8
54,116,2445,1236,1209,90330.8
54,117,797,400,397,31715.1
55,70,41,26,15,1408.2
55,71,43,19,24,1189
55,75,6,4,2,258
55,79,4,2,2,0
55,84,31,17,14,1100.5
55,85,149,80,69,4424.1
55,86,81,45,36,2481.9
55,87,872,452,420,36541.7
55,88,34,22,12,943
55,89,24,11,13,504.7
55,90,69,38,31,2060.8
55,92,111,52,59,3839.2
55,93,54,27,27,2147
55,94,698,375,323,27605.4
55,95,4187,2157,2030,154551.3
55,96,49,28,21,876.2
55,97,6,4,2,118.8
55,100,5,3,2,0
55,101,1125,563,562,42568.4
55,102,71,45,26,3021.3
55,103,768,372,396,31402.5
55,104,428,222,206,17485.3
55,106,4,3,1,0
55,107,94,48,46,3227
55,108,11,7,4,567.6
55,115,1144,568,576,48139.2
55,116,184,98,86,7587.9
55,117,409,197,212,17174.1
55,118,24,16,8,1044.9
56,84,40,21,19,1465.5
56,85,10,5,5,202.8
56,86,33,22,11,1285.2
56,87,28,15,13,876.2
56,88,42,20,22,1348
56,89,9,5,4,180
56,90,58,28,30,2534.1
56,91,2,2,0,0
56,94,1,1,0,0
56,95,17862,8853,9009,735605.5
56,96,180,95,85,5991.3
56,97,28,16,12,1040.3
56,102,14,8,6,802.1
56,103,104,51,53,4128.3
56,104,255,117,138,11784.5
56,105,16,10,6,868.5
56,107,44,22,22,1823
56,115,127,60,67,5224.1
56,116,428,227,201,16881.3
56,117,204,101,103,7861.9
56,118,50,23,27,1715.3
57,84,4,3,1,0
57,85,5,3,2,164
57,86,1,0,1,0
57,89,17,11,6,380.4
57,90,5,2,3,0
57,91,2,1,1,0
57,95,586,320,266,21319.9
57,96,982,501,481,35361.5
57,103,40,19,21,1926.7
57,104,156,83,73,6743.8
57,105,202,102,100,7274.9
57,106,34063,16897,17166,1310225.3
57,107,6,4,2,358.8
57,116,2531,1270,1261,99646.3
57,117,267,143,124,10820.4
57,118,400,203,197,17081.7
57,121,1479,701,778,68434.6
57,122,152,79,73,6649.2
58,89,2,0,2,0
58,93,3,2,1,0
58,94,8,4,4,284.8
58,95,108,56,52,2788.5
58,96,174,91,83,5433.6
58,100,62,35,27,2139.3
58,101,82,46,36,2383.8
58,102,89,44,45,3841.3
58,103,502,253,249,22472
58,105,871,440,431,33901.3
58,106,11872,6066,5806,412989.5
58,107,686,360,326,24968.7
58,108,151,72,79,6162.3
58,112,2,1,1,0
58,116,3705,1825,1880,152761.3
58,117,1155,601,554,44086.6
58,118,245,135,110,10444.3
58,119,173,95,78,6884.5
58,120,210,119,91,8733.5
58,121,414,218,196,19327.2
58,122,558,288,270,23253.7
58,123,30,14,16,1182.5
59,95,39,23,16,1296.9
59,96,31,19,12,1425.2
59,97,84,46,38,3527.7
59,101,15,7,8,174
59,102,244,127,117,10181.5
59,103,120,56,64,4889.1
59,104,156,78,78,6623.4
59,105,189,105,84,7612
59,106,190,104,86,6856.6
59,107,92,52,40,3701.9
59,108,163,83,80,7465.6
59,109,64,33,31,2761.4
59,110,22,10,12,995.9
59,111,468,230,238,19638.8
59,112,150,84,66,6127.6
59,113,116,57,59,4074
59,116,20,10,10,565
59,117,98,45,53,4423.9
59,118,13,8,5,222
59,119,2513,1284,1229,101673
59,120,4118,2057,2061,166908.9
59,121,224,116,108,8450.7
59,122,4,2,2,0
59,123,18,10,8,345
59,124,24,12,12,1376.7
60,96,11,5,6,533
60,97,6,4,2,0
60,102,3,2,1,0
60,103,35,22,13,1300.8
60,104,228,109,119,11315.1
60,105,287,154,133,12409.5
60,106,1024,530,494,40142
60,107,19,9,10,695.4
60,108,15,7,8,298.8
60,109,7,6,1,279
60,110,68,34,34,3045.6
60,111,727,359,368,31174.9
60,112,88,49,39,2156.5
60,113,644,326,318,25410.2
60,114,11,7,4,107
60,117,71,37,34,3363.6
60,118,32,14,18,1125
60,119,44,24,20,1075.4
60,120,320,160,160,14744.3
60,121,436,216,220,17770.7
60,122,883,473,410,33462.1
60,123,301,149,152,11689.5
60,124,3099,1552,1547,123669.3
60,125,330,163,167,13280.4
61,101,52,29,23,2003.9
61,102,659,345,314,28058.9
61,103,878,458,420,36744.8
61,104,2842,1416,1426,117202.8
61,105,1441,729,712,58604.4
61,106,5721,2804,2917,241785.9
61,107,187,103,84,6066.7
61,108,142,76,66,6141.3
61,109,2,1,1,0
61,110,5,4,1,0
61,111,116,58,58,5914
61,112,27,15,12,843.6
61,113,104,51,53,4547.8
61,114,320,151,169,13284.3
61,115,56,28,28,2299.7
61,118,81,39,42,2542.1
61,119,1,1,0,0
61,120,179,94,85,8712.5
61,121,3148,1564,1584,119782.6
61,122,4333,2172,2161,170422.3
61,123,122,65,57,4376.6
61,124,718,355,363,29733.1
61,125,19,8,11,815.1
62,100,34,16,18,1240.8
62,101,29,18,11,1146.6
62,102,18,10,8,268.1
62,103,14,7,7,486
62,104,105,55,50,4407.8
62,105,216,105,111,8687.7
62,106,516,267,249,18950.8
62,107,920,474,446,37602.8
62,108,332,171,161,14197
62,109,11,4,7,0
62,110,2,2,0,0
62,113,12,4,8,708.2
62,114,51,22,29,1686.2
62,115,723,382,341,27819.1
62,116,102,56,46,4299.3
62,117,87,45,42,3650.1
62,118,140,73,67,7193.4
62,121,857,434,423,32015.1
62,122,516,266,250,18499.7
62,123,149,77,72,5833.4
62,124,133,66,67,5635.3
62,125,355,168,187,13921.1
62,126,162,88,74,6650.3
62,127,4,2,2,0
63,100,26,12,14,965
63,105,2,1,1,0
63,107,14,7,7,493.9
63,108,23,10,13,883.2
63,109,129,57,72,5386.7
63,110,87,47,40,3685.2
63,111,43,21,22,1784.9
63,112,6,4,2,0
63,113,206,105,101,8154.8
63,114,29,18,11,1093.1
63,115,299,145,154,11903.2
63,116,9,5,4,0
63,117,1,0,1,0
63,118,409,205,204,17561
63,119,27,11,16,512
63,120,79,43,36,2889.8
63,121,151,82,69,6729.1
63,122,66,39,27,2975.1
63,123,31,17,14,1088.7
63,124,1,1,0,0
63,125,311,159,152,13320.8
63,126,370,185,185,16588.3
63,127,51,25,26,1438.8
64,103,1,0,1,0
64,104,644,328,316,28649
64,109,13,9,4,604.5
64,110,6,4,2,0
64,112,5,4,1,0
64,113,3,1,2,0
64,114,773,417,356,30008.1
64,115,6,4,2,0
64,116,173,87,86,7938.9
64,117,55,31,24,2676.5
64,118,1440,723,717,60980
64,119,100,50,50,4516.3
64,120,9,4,5,0
64,121,116,62,54,4198.3
64,122,1431,680,751,57979.3
64,123,792,411,381,31465.8
64,126,26,15,11,969.6
64,127,138,69,69,6133.9
65,113,41,26,15,1652.1
65,114,2,2,0,0
65,115,912,477,435,40686.4
65,116,11,10,1,272
65,117,36,21,15,1509.7
65,118,53,26,27,2424.2
65,119,63,30,33,2364.9
65,120,397,202,195,17959.8
65,121,50,26,24,1959.2
65,122,601,324,277,23683.8
65,123,1272,644,628,49201.7
65,124,160,81,79,6614.3
65,125,121,63,58,5593.5
65,126,3,1,2,0
66,112,1,1,0,0
66,116,4,3,1,0
66,117,58,31,27,1954.4
66,118,269,135,134,11898
66,119,584,294,290,23589.9
66,120,2011,1006,1005,82636
66,121,1112,559,553,46910
66,122,5702,2895,2807,211753.5
66,123,15248,7495,7753,618108.6
66,124,374,190,184,16713.8
66,125,279,139,140,12494.7
66,126,2,1,1,0
67,117,108,58,50,3237.8
67,118,1881,942,939,77310.8
67,119,542,266,276,23390.4
67,120,366,184,182,16255.6
67,121,292,141,151,12158.1
67,122,282,134,148,12473.7
67,126,171,90,81,7669.6
68,117,2,2,0,0
68,118,174,89,85,6630.8
68,119,25,15,10,998.1
68,120,501,254,247,21182.3
68,121,338,157,181,15657.4
68,122,277,159,118,11616.4
68,123,931,470,461,41556.9
68,124,230,120,110,10791.3
68,125,35,15,20,1553.8
68,126,336,163,173,14661.6
68,127,96,44,52,3839.3
69,116,8,6,2,0
69,117,235,121,114,10523.6
69,118,759,396,363,25274.8
69,119,10848,5403,5445,445987.2
69,120,11,8,3,360
69,121,43,27,16,2284.5
69,122,232,116,116,10318.8
69,123,182,97,85,8982.7
69,124,59,34,25,2505.9
69,125,85,40,45,3729.1
69,126,29,14,15,1231.3
69,127,35,18,17,1618.7
70,116,63,36,27,2424.6
70,117,6,3,3,0
70,118,843,437,406,28903.6
70,119,4056,2058,1998,162129.5
70,120,1603,803,800,68622.9
70,121,178,97,81,7225.8
70,122,472,246,226,19203.1
70,123,67,38,29,2758.5
70,124,319,165,154,13583.9
70,125,69,36,33,3216.7
70,126,827,409,418,35431.7
70,127,460,222,238,19722
71,119,69,39,30,2802.6
71,120,67,39,28,3379.2
71,121,108,54,54,4895.7
71,122,515,264,251,21180
71,123,335,172,163,14661.1
71,124,1472,737,735,57950.6
71,125,48,26,22,1725.1
71,126,170,87,83,6473.5
71,127,435,232,203,17415.7
72,121,3,2,1,0
72,122,182,98,84,6910
72,123,130,65,65,5059
72,124,328,184,144,12214.1
72,125,13,6,7,380.6
72,126,140,72,68,5283.8
72,127,2993,1499,1494,118866.5
73,121,65,35,30,2291.5
73,123,166,81,85,6615.5
73,124,2725,1403,1322,103423.4
73,125,251,129,122,9492.6
73,126,799,427,372,29447.9
73,127,259,131,128,9552.2
74,122,92,43,49,2909.4
74,123,225,110,115,7985
74,125,155,76,79,6854.2
74,126,2117,1115,1002,78254.8
74,127,1229,621,608,51498.5
75,122,19,8,11,676.6
75,125,55,25,30,1493.1
75,126,453,242,211,19389.7
75,127,139,73,66,4750
76,124,71,40,31,2641.8
76,125,60,30,30,1698.1
76,126,47,29,18,1390.1
76,127,103,55,48,2832.5
77,125,60,32,28,1929.6
77,126,640,334,306,24558.3
77,127,3,3,0,0
78,124,8,3,5,0
78,125,36,23,13,881.6
78,126,51,32,19,1208.3
78,127,53,26,27,1695.9
79,123,10,6,4,226.8
80,127,21,11,10,747.6
82,127,5,3,2,224
91,126,66,35,31,2510.4
91,127,72,40,32,2561.8
92,126,6,2,4,0
92,127,2064,1043,1021,76756.5
93,124,17,9,8,887.4
94,125,4,1,3,0
95,125,1,1,0,0