x,y,p,m,f,ta
4,96,2,1,1,0
4,97,5,4,1,246
5,98,2,1,1,0
7,105,4,3,1,0
11,115,3,1,2,0
12,118,1,1,0,0
12,119,1,1,0,0
35,121,1,1,0,0
37,123,1,1,0,0
37,124,2,2,0,0
41,126,1,1,0,0
41,127,10,5,5,646
118,116,2,2,0,0
122,116,9,5,4,457.2
122,117,2,2,0,0
123,116,18,11,7,743.4
123,117,12,6,6,499.2
124,117,2,1,1,0
125,117,4,2,2,0
125,118,1,1,0,0
125,119,1,1,0,0
125,127,1,0,1,0
126,117,11,5,6,599.5
127,117,3,2,1,0